frame,id,x1,y1,x2,y2,center_x,center_y,prev_id
1,100000,444,0,532,73,488,36,
1,100001,539,247,571,274,555,260,
1,100002,596,233,621,263,608,248,
1,100003,468,183,490,228,479,205,
1,100004,597,127,623,165,610,146,
1,100005,267,1,346,50,306,25,
1,100006,381,121,402,157,391,139,
1,100007,527,68,553,97,540,82,
1,100008,417,113,441,145,429,129,
1,100009,529,161,553,192,541,176,
1,100010,60,165,84,185,72,175,
1,100011,543,207,578,231,560,219,
1,100012,96,167,116,199,106,183,
1,100013,198,127,219,159,208,143,
1,100014,356,43,378,66,367,54,
1,100015,496,86,520,116,508,101,
1,100016,28,235,42,259,35,247,
1,100017,208,316,231,345,219,330,
1,100018,413,218,432,251,422,234,
1,100019,314,127,337,153,325,140,
1,100020,300,52,321,85,310,68,
1,100021,244,49,264,79,254,64,
1,100022,608,0,634,20,621,10,
1,100023,307,98,333,121,320,109,
1,100024,277,290,302,311,289,300,
1,100025,271,75,291,105,281,90,
1,100026,501,27,524,58,512,42,
1,100027,573,69,609,98,591,83,
1,100028,528,26,555,49,541,37,
1,100029,262,178,281,210,271,194,
1,100030,447,18,466,47,456,32,
1,100031,378,12,406,40,392,26,
1,100032,612,45,636,75,624,60,
1,100033,293,227,316,252,304,239,
1,100034,349,68,380,91,364,79,
1,100035,328,207,347,233,337,220,
1,100036,119,89,137,114,128,101,
1,100037,145,277,170,301,157,289,
1,100038,383,37,403,65,393,51,
1,100039,232,84,256,106,244,95,
1,100040,428,291,451,308,439,299,
1,100041,38,120,54,146,46,133,
1,100042,72,128,87,155,79,141,
1,100043,57,98,80,123,68,110,
1,100044,241,174,259,208,250,191,
1,100045,228,42,247,68,237,55,
1,100046,201,13,220,35,210,24,
1,100047,215,23,237,44,226,33,
1,100048,38,159,55,177,46,168,
1,100049,339,270,360,289,349,279,
1,100050,134,289,151,316,142,302,
1,100051,328,246,361,265,344,255,
1,100052,40,88,56,114,48,101,
1,100053,450,284,478,302,464,293,
1,100054,0,205,16,229,8,217,
1,100055,30,272,47,295,38,283,
1,100056,449,302,479,333,464,317,
1,100057,272,0,291,30,281,15,
1,100058,322,3,339,22,330,12,
1,100059,205,37,222,67,213,52,
1,100060,218,0,241,12,229,6,
1,100061,195,66,217,86,206,76,
1,100062,335,292,356,305,345,298,
1,100063,6,0,24,14,15,7,
1,100064,124,0,187,23,155,11,
1,100065,585,3,607,21,596,12,
1,100066,265,244,286,277,275,260,
1,100067,52,17,67,53,59,35,
1,100068,132,0,151,13,141,6,
1,100069,24,187,47,201,35,194,
1,100070,630,69,639,90,634,79,
1,100071,360,285,383,305,371,295,
1,100072,165,0,178,4,171,2,
1,100073,453,0,470,6,461,3,
1,100074,633,322,639,349,636,335,
2,100075,444,0,532,73,488,36,100000
2,100076,539,247,571,274,555,260,100001
2,100077,596,233,621,263,608,248,100002
2,100078,468,183,490,228,479,205,100003
2,100079,597,127,623,165,610,146,100004
2,100080,267,1,346,50,306,25,100005
2,100081,381,121,402,157,391,139,100006
2,100082,527,68,553,97,540,82,100007
2,100083,417,113,441,145,429,129,100008
2,100084,529,161,553,192,541,176,100009
2,100085,60,165,84,185,72,175,100010
2,100086,543,207,578,231,560,219,100011
2,100087,96,167,116,199,106,183,100012
2,100088,198,127,219,159,208,143,100013
2,100089,356,43,378,66,367,54,100014
2,100090,496,86,520,116,508,101,100015
2,100091,28,235,42,259,35,247,100016
2,100092,208,316,231,345,219,330,100017
2,100093,413,218,432,251,422,234,100018
2,100094,314,127,337,153,325,140,100019
2,100095,300,52,321,85,310,68,100020
2,100096,244,49,264,79,254,64,100021
2,100097,608,0,634,20,621,10,100022
2,100098,307,98,333,121,320,109,100023
2,100099,277,290,302,311,289,300,100024
2,100100,271,75,291,105,281,90,100025
2,100101,501,27,524,58,512,42,100026
2,100102,573,69,609,98,591,83,100027
2,100103,528,26,555,49,541,37,100028
2,100104,262,178,281,210,271,194,100029
2,100105,447,18,466,47,456,32,100030
2,100106,378,12,406,40,392,26,100031
2,100107,612,45,636,75,624,60,100032
2,100108,293,227,316,252,304,239,100033
2,100109,349,68,380,91,364,79,100034
2,100110,328,207,347,233,337,220,100035
2,100111,119,89,137,114,128,101,100036
2,100112,145,277,170,301,157,289,100037
2,100113,383,37,403,65,393,51,100038
2,100114,232,84,256,106,244,95,100039
2,100115,428,291,451,308,439,299,100040
2,100116,38,120,54,146,46,133,100041
2,100117,72,128,87,155,79,141,100042
2,100118,57,98,80,123,68,110,100043
2,100119,241,174,259,208,250,191,100044
2,100120,228,42,247,68,237,55,100045
2,100121,201,13,220,35,210,24,100046
2,100122,215,23,237,44,226,33,100047
2,100123,38,159,55,177,46,168,100048
2,100124,339,270,360,289,349,279,100049
2,100125,134,289,151,316,142,302,100050
2,100126,328,246,361,265,344,255,100051
2,100127,40,88,56,114,48,101,100052
2,100128,450,284,478,302,464,293,100053
2,100129,0,205,16,229,8,217,100054
2,100130,30,272,47,295,38,283,100055
2,100131,449,302,479,333,464,317,100056
2,100132,272,0,291,30,281,15,100057
2,100133,322,3,339,22,330,12,100058
2,100134,205,37,222,67,213,52,100059
2,100135,218,0,241,12,229,6,100060
2,100136,195,66,217,86,206,76,100061
2,100137,335,292,356,305,345,298,100062
2,100138,6,0,24,14,15,7,100063
2,100139,124,0,187,23,155,11,100064
2,100140,585,3,607,21,596,12,100065
2,100141,265,244,286,277,275,260,100066
2,100142,52,17,67,53,59,35,100067
2,100143,132,0,151,13,141,6,100068
2,100144,24,187,47,201,35,194,100069
2,100145,630,69,639,90,634,79,100070
2,100146,360,285,383,305,371,295,100071
2,100147,165,0,178,4,171,2,100072
2,100148,453,0,470,6,461,3,100073
2,100149,633,322,639,349,636,335,100074
3,100150,444,0,532,73,488,36,100075
3,100151,539,247,571,274,555,260,100076
3,100152,595,233,621,263,608,248,100077
3,100153,468,183,490,228,479,205,100078
3,100154,597,127,623,165,610,146,100079
3,100155,267,1,346,50,306,25,100080
3,100156,381,121,402,157,391,139,100081
3,100157,528,68,553,97,540,82,100082
3,100158,417,113,441,145,429,129,100083
3,100159,529,161,553,192,541,176,100084
3,100160,60,165,84,185,72,175,100085
3,100161,543,207,578,231,560,219,100086
3,100162,96,167,116,199,106,183,100087
3,100163,199,125,219,158,209,141,100088
3,100164,355,43,378,66,366,54,100089
3,100165,496,86,520,116,508,101,100090
3,100166,28,235,42,259,35,247,100091
3,100167,208,316,231,345,219,330,100092
3,100168,413,219,432,253,422,236,100093
3,100169,314,127,337,153,325,140,100094
3,100170,300,52,321,85,310,68,100095
3,100171,244,49,264,78,254,63,100096
3,100172,608,0,634,20,621,10,100097
3,100173,307,98,333,121,320,109,100098
3,100174,277,291,302,311,289,301,100099
3,100175,271,75,291,105,281,90,100100
3,100176,501,27,524,58,512,42,100101
3,100177,573,69,609,98,591,83,100102
3,100178,528,26,555,48,541,37,100103
3,100179,262,178,281,210,271,194,100104
3,100180,447,18,466,47,456,32,100105
3,100181,378,12,406,40,392,26,100106
3,100182,612,45,636,75,624,60,100107
3,100183,293,227,316,252,304,239,100108
3,100184,349,68,379,91,364,79,100109
3,100185,328,208,347,235,337,221,100110
3,100186,119,89,137,114,128,101,100111
3,100187,145,277,169,301,157,289,100112
3,100188,383,37,403,65,393,51,100113
3,100189,232,84,256,106,244,95,100114
3,100190,428,291,451,308,439,299,100115
3,100191,38,120,54,146,46,133,100116
3,100192,72,128,87,155,79,141,100117
3,100193,57,98,80,123,68,110,100118
3,100194,241,174,259,207,250,190,100119
3,100195,228,42,247,68,237,55,100120
3,100196,201,13,220,35,210,24,100121
3,100197,215,23,237,44,226,33,100122
3,100198,38,159,55,177,46,168,100123
3,100199,339,270,360,289,349,279,100124
3,100200,134,290,151,316,142,303,100125
3,100201,328,247,361,265,344,256,100126
3,100202,40,88,56,114,48,101,100127
3,100203,450,284,478,302,464,293,100128
3,100204,0,205,16,229,8,217,100129
3,100205,30,272,47,295,38,283,100130
3,100206,448,302,479,333,463,317,100131
3,100207,272,0,291,30,281,15,100132
3,100208,322,3,339,22,330,12,100133
3,100209,205,37,222,67,213,52,100134
3,100210,218,0,241,12,229,6,100135
3,100211,195,66,217,86,206,76,100136
3,100212,335,292,356,305,345,298,100137
3,100213,6,0,24,14,15,7,100138
3,100214,124,0,187,23,155,11,100139
3,100215,585,3,607,21,596,12,100140
3,100216,265,244,286,277,275,260,100141
3,100217,52,17,67,53,59,35,100142
3,100218,132,0,151,13,141,6,100143
3,100219,24,188,47,201,35,194,100144
3,100220,630,69,639,90,634,79,100145
3,100221,360,285,383,305,371,295,100146
3,100222,165,0,178,4,171,2,100147
3,100223,452,0,470,6,461,3,100148
3,100224,633,322,639,348,636,335,100149
4,100225,444,0,532,73,488,36,100150
4,100226,539,247,571,274,555,260,100151
4,100227,595,233,621,263,608,248,100152
4,100228,468,183,490,228,479,205,100153
4,100229,597,127,623,165,610,146,100154
4,100230,267,1,346,50,306,25,100155
4,100231,381,121,402,157,391,139,100156
4,100232,528,68,553,97,540,82,100157
4,100233,417,113,441,145,429,129,100158
4,100234,529,161,553,192,541,176,100159
4,100235,60,165,84,185,72,175,100160
4,100236,543,207,578,231,560,219,100161
4,100237,96,167,116,199,106,183,100162
4,100238,199,124,219,155,209,139,100163
4,100239,355,44,378,65,366,54,100164
4,100240,496,86,520,116,508,101,100165
4,100241,28,235,42,259,35,247,100166
4,100242,208,316,231,345,219,330,100167
4,100243,413,221,432,254,422,237,100168
4,100244,314,127,337,153,325,140,100169
4,100245,300,52,321,85,310,68,100170
4,100246,244,49,264,79,254,64,100171
4,100247,608,0,634,20,621,10,100172
4,100248,307,98,333,121,320,109,100173
4,100249,277,291,302,311,289,301,100174
4,100250,271,75,291,105,281,90,100175
4,100251,501,27,524,58,512,42,100176
4,100252,573,69,609,98,591,83,100177
4,100253,528,26,555,47,541,36,100178
4,100254,262,178,281,210,271,194,100179
4,100255,447,18,466,47,456,32,100180
4,100256,379,12,406,40,392,26,100181
4,100257,612,45,636,75,624,60,100182
4,100258,293,227,316,252,304,239,100183
4,100259,349,68,379,91,364,79,100184
4,100260,329,209,347,237,338,223,100185
4,100261,119,89,137,114,128,101,100186
4,100262,144,277,169,300,156,288,100187
4,100263,383,37,403,65,393,51,100188
4,100264,232,84,256,106,244,95,100189
4,100265,428,292,451,308,439,300,100190
4,100266,38,120,54,146,46,133,100191
4,100267,72,128,87,155,79,141,100192
4,100268,57,98,80,123,68,110,100193
4,100269,241,174,259,206,250,190,100194
4,100270,228,42,247,68,237,55,100195
4,100271,201,13,220,35,210,24,100196
4,100272,215,23,237,44,226,33,100197
4,100273,38,159,55,177,46,168,100198
4,100274,339,271,360,288,349,279,100199
4,100275,134,290,151,316,142,303,100200
4,100276,328,247,361,265,344,256,100201
4,100277,40,88,56,114,48,101,100202
4,100278,450,284,478,302,464,293,100203
4,100279,0,204,15,229,7,216,100204
4,100280,30,272,47,295,38,283,100205
4,100281,448,302,478,333,463,317,100206
4,100282,272,0,291,30,281,15,100207
4,100283,322,3,339,22,330,12,100208
4,100284,205,37,222,67,213,52,100209
4,100285,218,0,241,12,229,6,100210
4,100286,195,65,217,86,206,75,100211
4,100287,335,292,356,305,345,298,100212
4,100288,6,0,24,14,15,7,100213
4,100289,124,0,187,23,155,11,100214
4,100290,585,3,607,21,596,12,100215
4,100291,265,244,286,278,275,261,100216
4,100292,52,17,67,53,59,35,100217
4,100293,132,0,151,13,141,6,100218
4,100294,24,189,47,201,35,195,100219
4,100295,630,69,639,90,634,79,100220
4,100296,360,285,383,305,371,295,100221
4,100297,165,0,178,4,171,2,100222
4,100298,452,0,470,6,461,3,100223
4,100299,633,322,639,345,636,333,100224
5,100300,444,0,532,73,488,36,100225
5,100301,539,247,571,274,555,260,100226
5,100302,596,233,621,263,608,248,100227
5,100303,468,183,490,228,479,205,100228
5,100304,597,127,623,165,610,146,100229
5,100305,267,1,346,50,306,25,100230
5,100306,381,121,402,157,391,139,100231
5,100307,528,68,553,97,540,82,100232
5,100308,417,113,441,145,429,129,100233
5,100309,529,161,553,192,541,176,100234
5,100310,60,165,84,185,72,175,100235
5,100311,543,207,578,231,560,219,100236
5,100312,96,167,116,199,106,183,100237
5,100313,200,123,219,153,209,138,100238
5,100314,355,44,378,64,366,54,100239
5,100315,496,86,520,116,508,101,100240
5,100316,28,235,42,259,35,247,100241
5,100317,208,316,231,345,219,330,100242
5,100318,413,223,432,254,422,238,100243
5,100319,314,127,337,153,325,140,100244
5,100320,300,52,321,85,310,68,100245
5,100321,244,49,264,79,254,64,100246
5,100322,608,0,634,20,621,10,100247
5,100323,307,98,333,121,320,109,100248
5,100324,277,291,302,311,289,301,100249
5,100325,271,75,291,105,281,90,100250
5,100326,501,27,524,58,512,42,100251
5,100327,573,69,609,98,591,83,100252
5,100328,528,26,554,46,541,36,100253
5,100329,261,178,281,210,271,194,100254
5,100330,447,18,466,47,456,32,100255
5,100331,379,12,406,40,392,26,100256
5,100332,612,45,636,75,624,60,100257
5,100333,293,227,315,252,304,239,100258
5,100334,349,68,379,91,364,79,100259
5,100335,330,210,347,238,338,224,100260
5,100336,119,89,137,114,128,101,100261
5,100337,144,277,168,300,156,288,100262
5,100338,383,37,403,65,393,51,100263
5,100339,232,84,256,106,244,95,100264
5,100340,428,292,451,308,439,300,100265
5,100341,38,120,54,146,46,133,100266
5,100342,72,128,87,155,79,141,100267
5,100343,57,98,80,123,68,110,100268
5,100344,241,174,260,205,250,189,100269
5,100345,229,43,247,68,238,55,100270
5,100346,201,13,220,35,210,24,100271
5,100347,215,23,237,44,226,33,100272
5,100348,38,159,55,177,46,168,100273
5,100349,339,271,361,288,350,279,100274
5,100350,134,290,151,316,142,303,100275
5,100351,328,246,361,265,344,255,100276
5,100352,40,88,56,114,48,101,100277
5,100353,449,284,478,302,463,293,100278
5,100354,0,204,15,229,7,216,100279
5,100355,30,272,47,295,38,283,100280
5,100356,448,309,478,333,463,321,100281
5,100357,272,0,291,30,281,15,100282
5,100358,322,3,339,22,330,12,100283
5,100359,205,37,222,67,213,52,100284
5,100360,218,0,241,12,229,6,100285
5,100361,195,65,218,86,206,75,100286
5,100362,335,292,356,305,345,298,100287
5,100363,7,0,23,13,15,6,100288
5,100364,124,0,187,23,155,11,100289
5,100365,585,3,607,21,596,12,100290
5,100366,265,244,286,278,275,261,100291
5,100367,52,17,67,53,59,35,100292
5,100368,132,0,151,13,141,6,100293
5,100369,24,189,47,202,35,195,100294
5,100370,630,69,639,90,634,79,100295
5,100371,165,0,178,4,171,2,100297
5,100372,452,0,470,6,461,3,100298
5,100373,633,322,639,343,636,332,100299
6,100374,444,0,532,73,488,36,100300
6,100375,539,247,571,274,555,260,100301
6,100376,596,233,621,263,608,248,100302
6,100377,468,183,490,228,479,205,100303
6,100378,597,127,623,165,610,146,100304
6,100379,267,1,346,50,306,25,100305
6,100380,381,121,402,157,391,139,100306
6,100381,528,68,553,97,540,82,100307
6,100382,417,113,441,145,429,129,100308
6,100383,529,161,553,192,541,176,100309
6,100384,60,165,84,185,72,175,100310
6,100385,543,207,578,231,560,219,100311
6,100386,96,167,116,199,106,183,100312
6,100387,200,122,219,150,209,136,100313
6,100388,356,44,378,64,367,54,100314
6,100389,496,86,520,116,508,101,100315
6,100390,28,235,42,259,35,247,100316
6,100391,208,316,231,345,219,330,100317
6,100392,413,224,432,256,422,240,100318
6,100393,314,127,337,153,325,140,100319
6,100394,300,52,321,85,310,68,100320
6,100395,244,49,264,80,254,64,100321
6,100396,608,0,634,20,621,10,100322
6,100397,307,98,333,121,320,109,100323
6,100398,277,291,302,311,289,301,100324
6,100399,271,75,291,105,281,90,100325
6,100400,501,27,524,58,512,42,100326
6,100401,573,69,609,98,591,83,100327
6,100402,528,26,554,45,541,35,100328
6,100403,261,178,281,210,271,194,100329
6,100404,447,18,466,47,456,32,100330
6,100405,379,12,406,40,392,26,100331
6,100406,612,45,636,75,624,60,100332
6,100407,293,227,315,252,304,239,100333
6,100408,349,68,379,91,364,79,100334
6,100409,330,212,348,239,339,225,100335
6,100410,119,89,137,114,128,101,100336
6,100411,144,277,168,299,156,288,100337
6,100412,383,37,403,65,393,51,100338
6,100413,232,84,256,106,244,95,100339
6,100414,428,292,451,308,439,300,100340
6,100415,38,120,54,146,46,133,100341
6,100416,72,128,87,155,79,141,100342
6,100417,57,98,80,123,68,110,100343
6,100418,241,173,260,203,250,188,100344
6,100419,229,43,247,69,238,56,100345
6,100420,201,13,220,35,210,24,100346
6,100421,215,23,237,44,226,33,100347
6,100422,38,159,55,177,46,168,100348
6,100423,339,271,361,288,350,279,100349
6,100424,134,290,151,316,142,303,100350
6,100425,329,246,361,265,345,255,100351
6,100426,40,88,56,114,48,101,100352
6,100427,449,283,478,301,463,292,100353
6,100428,0,206,15,229,7,217,100354
6,100429,30,272,47,295,38,283,100355
6,100430,448,314,478,333,463,323,100356
6,100431,272,0,291,30,281,15,100357
6,100432,322,3,339,22,330,12,100358
6,100433,205,37,222,67,213,52,100359
6,100434,218,0,241,12,229,6,100360
6,100435,195,65,218,86,206,75,100361
6,100436,335,292,356,305,345,298,100362
6,100437,7,0,23,13,15,6,100363
6,100438,124,0,187,23,155,11,100364
6,100439,585,3,607,21,596,12,100365
6,100440,265,244,286,278,275,261,100366
6,100441,52,17,67,53,59,35,100367
6,100442,132,0,151,13,141,6,100368
6,100443,24,189,47,202,35,195,100369
6,100444,630,69,639,90,634,79,100370
6,100445,165,0,178,4,171,2,100371
6,100446,452,0,470,6,461,3,100372
6,100447,633,322,639,343,636,332,100373
6,100448,450,301,478,313,464,307,
7,100449,444,0,533,73,488,36,100374
7,100450,539,247,571,274,555,260,100375
7,100451,595,233,621,263,608,248,100376
7,100452,468,183,490,228,479,205,100377
7,100453,597,127,623,165,610,146,100378
7,100454,268,1,346,50,307,25,100379
7,100455,381,121,402,157,391,139,100380
7,100456,528,69,553,97,540,83,100381
7,100457,417,113,441,145,429,129,100382
7,100458,529,161,553,192,541,176,100383
7,100459,60,165,84,185,72,175,100384
7,100460,543,207,578,231,560,219,100385
7,100461,96,167,116,199,106,183,100386
7,100462,200,119,219,147,209,133,100387
7,100463,357,44,379,65,368,54,100388
7,100464,496,86,520,116,508,101,100389
7,100465,28,235,42,259,35,247,100390
7,100466,208,316,231,345,219,330,100391
7,100467,413,226,432,258,422,242,100392
7,100468,314,127,337,153,325,140,100393
7,100469,300,52,321,85,310,68,100394
7,100470,244,49,264,81,254,65,100395
7,100471,608,0,634,20,621,10,100396
7,100472,307,98,333,121,320,109,100397
7,100473,277,291,302,311,289,301,100398
7,100474,271,75,291,105,281,90,100399
7,100475,501,26,524,58,512,42,100400
7,100476,573,69,609,98,591,83,100401
7,100477,528,26,555,44,541,35,100402
7,100478,261,179,281,210,271,194,100403
7,100479,447,18,466,48,456,33,100404
7,100480,379,12,406,40,392,26,100405
7,100481,612,45,636,75,624,60,100406
7,100482,293,227,315,252,304,239,100407
7,100483,349,68,379,91,364,79,100408
7,100484,331,214,349,239,340,226,100409
7,100485,119,89,137,114,128,101,100410
7,100486,143,276,168,298,155,287,100411
7,100487,383,37,403,65,393,51,100412
7,100488,232,84,256,106,244,95,100413
7,100489,428,292,451,307,439,299,100414
7,100490,38,120,54,146,46,133,100415
7,100491,72,128,87,155,79,141,100416
7,100492,57,98,80,123,68,110,100417
7,100493,242,171,261,200,251,185,100418
7,100494,229,44,247,70,238,57,100419
7,100495,201,13,220,35,210,24,100420
7,100496,215,23,237,44,226,33,100421
7,100497,38,159,55,177,46,168,100422
7,100498,340,270,362,288,351,279,100423
7,100499,134,290,151,316,142,303,100424
7,100500,329,247,361,265,345,256,100425
7,100501,40,88,56,114,48,101,100426
7,100502,448,282,478,300,463,291,100427
7,100503,0,206,16,229,8,217,100428
7,100504,30,272,47,295,38,283,100429
7,100505,448,315,478,333,463,324,100430
7,100506,272,0,291,30,281,15,100431
7,100507,322,3,339,22,330,12,100432
7,100508,205,37,222,67,213,52,100433
7,100509,218,0,241,12,229,6,100434
7,100510,195,65,218,86,206,75,100435
7,100511,335,292,357,306,346,299,100436
7,100512,7,0,24,12,15,6,100437
7,100513,124,0,187,23,155,11,100438
7,100514,585,3,607,21,596,12,100439
7,100515,265,244,286,277,275,260,100440
7,100516,52,17,67,53,59,35,100441
7,100517,132,0,151,13,141,6,100442
7,100518,630,69,639,90,634,79,100444
7,100519,165,0,178,4,171,2,100445
7,100520,452,0,470,6,461,3,100446
7,100521,632,322,639,342,635,332,100447
8,100522,444,0,533,73,488,36,100449
8,100523,539,247,571,274,555,260,100450
8,100524,596,233,621,263,608,248,100451
8,100525,468,183,490,228,479,205,100452
8,100526,597,127,623,165,610,146,100453
8,100527,268,1,346,50,307,25,100454
8,100528,381,121,402,157,391,139,100455
8,100529,528,69,553,97,540,83,100456
8,100530,417,113,441,145,429,129,100457
8,100531,529,161,553,192,541,176,100458
8,100532,60,165,84,185,72,175,100459
8,100533,543,207,578,231,560,219,100460
8,100534,96,167,116,199,106,183,100461
8,100535,200,118,219,146,209,132,100462
8,100536,357,44,379,65,368,54,100463
8,100537,496,86,520,116,508,101,100464
8,100538,28,235,42,259,35,247,100465
8,100539,208,316,231,345,219,330,100466
8,100540,412,227,432,259,422,243,100467
8,100541,314,127,337,153,325,140,100468
8,100542,300,52,321,85,310,68,100469
8,100543,244,50,264,81,254,65,100470
8,100544,608,0,634,20,621,10,100471
8,100545,307,98,333,121,320,109,100472
8,100546,277,291,302,311,289,301,100473
8,100547,271,75,291,105,281,90,100474
8,100548,501,26,524,58,512,42,100475
8,100549,573,69,609,98,591,83,100476
8,100550,528,26,555,43,541,34,100477
8,100551,261,179,281,210,271,194,100478
8,100552,447,18,466,49,456,33,100479
8,100553,379,12,406,40,392,26,100480
8,100554,612,45,636,75,624,60,100481
8,100555,293,227,316,252,304,239,100482
8,100556,349,68,379,91,364,79,100483
8,100557,331,214,349,239,340,226,100484
8,100558,119,89,137,114,128,101,100485
8,100559,142,276,168,298,155,287,100486
8,100560,383,37,403,65,393,51,100487
8,100561,232,84,256,106,244,95,100488
8,100562,428,292,451,307,439,299,100489
8,100563,38,120,54,146,46,133,100490
8,100564,72,128,87,155,79,141,100491
8,100565,57,98,80,123,68,110,100492
8,100566,242,170,261,200,251,185,100493
8,100567,230,44,247,70,238,57,100494
8,100568,201,13,220,35,210,24,100495
8,100569,215,23,237,45,226,34,100496
8,100570,37,159,55,177,46,168,100497
8,100571,340,270,362,288,351,279,100498
8,100572,134,290,151,316,142,303,100499
8,100573,329,247,361,265,345,256,100500
8,100574,40,88,56,114,48,101,100501
8,100575,448,281,478,300,463,290,100502
8,100576,0,206,16,229,8,217,100503
8,100577,30,272,47,295,38,283,100504
8,100578,448,315,478,333,463,324,100505
8,100579,272,0,291,30,281,15,100506
8,100580,322,3,339,22,330,12,100507
8,100581,205,37,222,67,213,52,100508
8,100582,218,0,241,12,229,6,100509
8,100583,194,65,218,86,206,75,100510
8,100584,335,292,357,306,346,299,100511
8,100585,7,0,24,12,15,6,100512
8,100586,124,0,187,23,155,11,100513
8,100587,585,3,607,21,596,12,100514
8,100588,265,244,286,277,275,260,100515
8,100589,52,17,67,53,59,35,100516
8,100590,132,0,151,13,141,6,100517
8,100591,630,69,639,90,634,79,100518
8,100592,165,0,178,4,171,2,100519
8,100593,452,0,470,6,461,3,100520
8,100594,632,322,639,342,635,332,100521
9,100595,444,0,533,73,488,36,100522
9,100596,539,247,571,274,555,260,100523
9,100597,595,233,621,263,608,248,100524
9,100598,468,183,490,228,479,205,100525
9,100599,597,127,623,165,610,146,100526
9,100600,268,1,346,50,307,25,100527
9,100601,381,121,402,157,391,139,100528
9,100602,528,69,553,97,540,83,100529
9,100603,417,113,441,145,429,129,100530
9,100604,529,161,553,192,541,176,100531
9,100605,60,165,84,185,72,175,100532
9,100606,543,207,578,231,560,219,100533
9,100607,96,167,116,199,106,183,100534
9,100608,200,114,218,144,209,129,100535
9,100609,358,44,379,66,368,55,100536
9,100610,496,85,520,116,508,100,100537
9,100611,28,235,42,259,35,247,100538
9,100612,208,316,231,345,219,330,100539
9,100613,412,229,432,261,422,245,100540
9,100614,314,127,337,153,325,140,100541
9,100615,300,52,321,85,310,68,100542
9,100616,244,50,264,81,254,65,100543
9,100617,608,0,634,20,621,10,100544
9,100618,307,98,333,121,320,109,100545
9,100619,277,291,302,311,289,301,100546
9,100620,271,75,291,105,281,90,100547
9,100621,501,26,525,58,513,42,100548
9,100622,573,69,609,98,591,83,100549
9,100623,529,26,554,43,541,34,100550
9,100624,261,178,281,210,271,194,100551
9,100625,447,18,466,49,456,33,100552
9,100626,379,12,406,40,392,26,100553
9,100627,612,45,636,75,624,60,100554
9,100628,294,227,315,252,304,239,100555
9,100629,349,68,379,91,364,79,100556
9,100630,332,216,350,240,341,228,100557
9,100631,119,89,137,114,128,101,100558
9,100632,141,276,167,296,154,286,100559
9,100633,382,37,403,65,392,51,100560
9,100634,232,84,256,106,244,95,100561
9,100635,428,292,451,307,439,299,100562
9,100636,38,120,54,146,46,133,100563
9,100637,72,128,87,155,79,141,100564
9,100638,57,98,80,123,68,110,100565
9,100639,243,167,262,197,252,182,100566
9,100640,229,45,247,71,238,58,100567
9,100641,200,13,220,35,210,24,100568
9,100642,215,23,237,45,226,34,100569
9,100643,38,159,55,177,46,168,100570
9,100644,341,270,363,288,352,279,100571
9,100645,134,289,151,316,142,302,100572
9,100646,328,247,361,266,344,256,100573
9,100647,40,88,56,114,48,101,100574
9,100648,446,281,478,299,462,290,100575
9,100649,0,207,16,229,8,218,100576
9,100650,30,272,47,295,38,283,100577
9,100651,448,314,478,333,463,323,100578
9,100652,272,0,291,30,281,15,100579
9,100653,322,3,339,22,330,12,100580
9,100654,205,37,222,67,213,52,100581
9,100655,218,0,241,12,229,6,100582
9,100656,194,65,218,86,206,75,100583
9,100657,335,292,357,306,346,299,100584
9,100658,7,0,24,12,15,6,100585
9,100659,124,0,187,23,155,11,100586
9,100660,585,3,607,21,596,12,100587
9,100661,265,244,286,277,275,260,100588
9,100662,52,17,67,53,59,35,100589
9,100663,132,0,151,13,141,6,100590
9,100664,630,69,639,90,634,79,100591
9,100665,165,0,178,4,171,2,100592
9,100666,632,322,639,340,635,331,100594
10,100667,445,0,533,73,489,36,100595
10,100668,539,247,571,274,555,260,100596
10,100669,595,233,621,263,608,248,100597
10,100670,468,183,490,228,479,205,100598
10,100671,597,127,623,165,610,146,100599
10,100672,268,1,346,50,307,25,100600
10,100673,381,121,402,157,391,139,100601
10,100674,528,69,553,97,540,83,100602
10,100675,417,113,441,145,429,129,100603
10,100676,529,161,553,192,541,176,100604
10,100677,60,165,84,185,72,175,100605
10,100678,543,207,578,231,560,219,100606
10,100679,96,167,116,198,106,182,100607
10,100680,200,110,218,141,209,125,100608
10,100681,358,44,380,66,369,55,100609
10,100682,496,85,520,116,508,100,100610
10,100683,28,235,42,259,35,247,100611
10,100684,208,316,231,345,219,330,100612
10,100685,412,230,431,265,421,247,100613
10,100686,314,127,337,153,325,140,100614
10,100687,300,52,321,85,310,68,100615
10,100688,244,50,264,81,254,65,100616
10,100689,608,0,634,20,621,10,100617
10,100690,307,98,333,121,320,109,100618
10,100691,277,290,302,311,289,300,100619
10,100692,271,75,291,105,281,90,100620
10,100693,501,26,525,58,513,42,100621
10,100694,573,69,609,97,591,83,100622
10,100695,529,26,554,42,541,34,100623
10,100696,261,178,281,210,271,194,100624
10,100697,447,18,466,49,456,33,100625
10,100698,379,12,406,40,392,26,100626
10,100699,612,45,636,75,624,60,100627
10,100700,294,227,315,252,304,239,100628
10,100701,349,68,379,91,364,79,100629
10,100702,332,217,351,242,341,229,100630
10,100703,119,89,137,114,128,101,100631
10,100704,141,277,166,294,153,285,100632
10,100705,382,37,403,65,392,51,100633
10,100706,232,84,256,106,244,95,100634
10,100707,428,292,452,307,440,299,100635
10,100708,38,120,54,146,46,133,100636
10,100709,72,128,87,155,79,141,100637
10,100710,57,98,80,123,68,110,100638
10,100711,244,164,263,195,253,179,100639
10,100712,229,46,248,71,238,58,100640
10,100713,200,13,220,35,210,24,100641
10,100714,215,23,237,45,226,34,100642
10,100715,38,159,55,177,46,168,100643
10,100716,342,270,363,287,352,278,100644
10,100717,134,289,151,316,142,302,100645
10,100718,328,246,361,266,344,256,100646
10,100719,40,88,56,114,48,101,100647
10,100720,444,280,477,299,460,289,100648
10,100721,0,207,16,229,8,218,100649
10,100722,30,272,47,295,38,283,100650
10,100723,448,315,478,333,463,324,100651
10,100724,272,0,291,30,281,15,100652
10,100725,322,3,339,22,330,12,100653
10,100726,205,37,222,67,213,52,100654
10,100727,218,0,241,12,229,6,100655
10,100728,194,65,218,86,206,75,100656
10,100729,335,292,357,306,346,299,100657
10,100730,7,0,25,11,16,5,100658
10,100731,124,0,187,23,155,11,100659
10,100732,585,3,607,21,596,12,100660
10,100733,265,244,286,277,275,260,100661
10,100734,52,17,67,53,59,35,100662
10,100735,132,0,151,13,141,6,100663
10,100736,630,69,639,90,634,79,100664
10,100737,165,0,178,4,171,2,100665
10,100738,632,322,639,339,635,330,100666
10,100739,358,284,383,305,370,294,
11,100740,444,0,533,73,488,36,100667
11,100741,539,247,571,274,555,260,100668
11,100742,596,233,621,263,608,248,100669
11,100743,468,183,490,228,479,205,100670
11,100744,597,127,623,165,610,146,100671
11,100745,268,1,346,50,307,25,100672
11,100746,381,121,402,157,391,139,100673
11,100747,528,69,553,97,540,83,100674
11,100748,417,113,441,145,429,129,100675
11,100749,529,161,553,192,541,176,100676
11,100750,60,165,84,185,72,175,100677
11,100751,543,207,578,231,560,219,100678
11,100752,96,167,116,198,106,182,100679
11,100753,200,107,217,139,208,123,100680
11,100754,359,44,380,67,369,55,100681
11,100755,496,85,520,116,508,100,100682
11,100756,28,236,42,259,35,247,100683
11,100757,208,316,231,345,219,330,100684
11,100758,411,232,431,268,421,250,100685
11,100759,314,127,337,153,325,140,100686
11,100760,300,52,321,85,310,68,100687
11,100761,244,50,263,81,253,65,100688
11,100762,608,0,634,20,621,10,100689
11,100763,307,98,333,121,320,109,100690
11,100764,278,290,302,311,290,300,100691
11,100765,271,75,291,105,281,90,100692
11,100766,501,26,525,58,513,42,100693
11,100767,573,69,609,98,591,83,100694
11,100768,530,26,554,42,542,34,100695
11,100769,261,178,281,210,271,194,100696
11,100770,447,18,466,49,456,33,100697
11,100771,379,12,406,40,392,26,100698
11,100772,612,45,636,75,624,60,100699
11,100773,294,227,315,252,304,239,100700
11,100774,349,68,379,91,364,79,100701
11,100775,332,218,351,244,341,231,100702
11,100776,119,89,137,114,128,101,100703
11,100777,143,277,165,292,154,284,100704
11,100778,382,37,403,65,392,51,100705
11,100779,232,84,256,106,244,95,100706
11,100780,428,291,452,307,440,299,100707
11,100781,38,120,54,146,46,133,100708
11,100782,72,128,87,155,79,141,100709
11,100783,57,98,80,123,68,110,100710
11,100784,244,162,264,193,254,177,100711
11,100785,229,47,248,72,238,59,100712
11,100786,200,13,220,35,210,24,100713
11,100787,215,23,237,45,226,34,100714
11,100788,38,159,55,177,46,168,100715
11,100789,342,270,365,287,353,278,100716
11,100790,134,290,151,316,142,303,100717
11,100791,328,247,361,266,344,256,100718
11,100792,40,88,56,114,48,101,100719
11,100793,443,279,477,298,460,288,100720
11,100794,0,207,16,229,8,218,100721
11,100795,30,272,47,295,38,283,100722
11,100796,448,316,479,333,463,324,100723
11,100797,272,0,291,30,281,15,100724
11,100798,322,3,339,22,330,12,100725
11,100799,205,37,223,68,214,52,100726
11,100800,218,0,241,12,229,6,100727
11,100801,194,65,217,86,205,75,100728
11,100802,335,292,358,306,346,299,100729
11,100803,6,0,25,11,15,5,100730
11,100804,125,0,187,23,156,11,100731
11,100805,585,3,607,21,596,12,100732
11,100806,265,244,286,275,275,259,100733
11,100807,52,17,67,53,59,35,100734
11,100808,132,0,151,13,141,6,100735
11,100809,630,69,639,90,634,79,100736
11,100810,165,0,178,4,171,2,100737
11,100811,632,322,639,338,635,330,100738
11,100812,358,284,383,305,370,294,100739
11,100813,448,300,478,313,463,306,
12,100814,444,0,533,73,488,36,100740
12,100815,539,247,571,274,555,260,100741
12,100816,596,233,621,263,608,248,100742
12,100817,469,183,490,228,479,205,100743
12,100818,597,127,623,165,610,146,100744
12,100819,268,1,346,50,307,25,100745
12,100820,381,121,402,157,391,139,100746
12,100821,528,69,553,97,540,83,100747
12,100822,417,113,441,145,429,129,100748
12,100823,529,161,553,192,541,176,100749
12,100824,60,165,84,185,72,175,100750
12,100825,543,207,578,231,560,219,100751
12,100826,96,167,116,198,106,182,100752
12,100827,201,106,219,137,210,121,100753
12,100828,359,44,380,67,369,55,100754
12,100829,496,85,520,116,508,100,100755
12,100830,28,236,42,259,35,247,100756
12,100831,208,316,231,345,219,330,100757
12,100832,411,234,431,269,421,251,100758
12,100833,314,127,337,153,325,140,100759
12,100834,300,52,321,85,310,68,100760
12,100835,245,50,263,81,254,65,100761
12,100836,608,0,634,20,621,10,100762
12,100837,307,98,333,121,320,109,100763
12,100838,277,290,302,311,289,300,100764
12,100839,271,75,291,105,281,90,100765
12,100840,501,26,525,58,513,42,100766
12,100841,573,69,609,98,591,83,100767
12,100842,531,26,554,41,542,33,100768
12,100843,262,179,281,210,271,194,100769
12,100844,447,19,466,49,456,34,100770
12,100845,379,12,406,40,392,26,100771
12,100846,612,45,636,75,624,60,100772
12,100847,294,227,315,252,304,239,100773
12,100848,349,68,379,91,364,79,100774
12,100849,333,219,351,246,342,232,100775
12,100850,119,89,137,114,128,101,100776
12,100851,144,277,164,291,154,284,100777
12,100852,383,37,403,65,393,51,100778
12,100853,232,84,256,106,244,95,100779
12,100854,429,291,452,307,440,299,100780
12,100855,38,120,54,146,46,133,100781
12,100856,72,128,87,155,79,141,100782
12,100857,57,98,80,123,68,110,100783
12,100858,245,160,265,191,255,175,100784
12,100859,230,47,249,72,239,59,100785
12,100860,200,13,220,35,210,24,100786
12,100861,215,23,237,45,226,34,100787
12,100862,38,159,55,177,46,168,100788
12,100863,342,270,366,287,354,278,100789
12,100864,134,290,151,316,142,303,100790
12,100865,328,247,361,265,344,256,100791
12,100866,40,88,56,114,48,101,100792
12,100867,443,279,474,297,458,288,100793
12,100868,0,207,15,229,7,218,100794
12,100869,30,272,47,295,38,283,100795
12,100870,448,316,478,332,463,324,100796
12,100871,272,0,291,30,281,15,100797
12,100872,322,3,339,22,330,12,100798
12,100873,205,37,223,67,214,52,100799
12,100874,218,0,241,12,229,6,100800
12,100875,193,64,217,85,205,74,100801
12,100876,335,292,359,307,347,299,100802
12,100877,7,0,25,10,16,5,100803
12,100878,125,0,187,23,156,11,100804
12,100879,585,3,607,21,596,12,100805
12,100880,265,244,286,276,275,260,100806
12,100881,52,17,67,53,59,35,100807
12,100882,132,0,151,13,141,6,100808
12,100883,630,69,639,90,634,79,100809
12,100884,165,0,178,4,171,2,100810
12,100885,632,322,639,339,635,330,100811
12,100886,358,284,383,305,370,294,100812
13,100887,444,0,533,73,488,36,100814
13,100888,539,247,571,274,555,260,100815
13,100889,596,233,621,263,608,248,100816
13,100890,468,183,490,228,479,205,100817
13,100891,597,127,623,165,610,146,100818
13,100892,267,1,346,50,306,25,100819
13,100893,381,121,402,157,391,139,100820
13,100894,528,69,553,97,540,83,100821
13,100895,417,113,441,145,429,129,100822
13,100896,529,160,553,192,541,176,100823
13,100897,60,165,84,185,72,175,100824
13,100898,543,207,578,231,560,219,100825
13,100899,96,167,116,198,106,182,100826
13,100900,201,106,219,135,210,120,100827
13,100901,359,44,381,67,370,55,100828
13,100902,496,85,520,116,508,100,100829
13,100903,28,236,42,259,35,247,100830
13,100904,208,316,231,345,219,330,100831
13,100905,411,237,430,269,420,253,100832
13,100906,314,127,337,153,325,140,100833
13,100907,300,52,321,85,310,68,100834
13,100908,245,50,263,81,254,65,100835
13,100909,608,0,634,21,621,10,100836
13,100910,307,98,333,121,320,109,100837
13,100911,277,290,302,311,289,300,100838
13,100912,271,75,291,105,281,90,100839
13,100913,501,26,524,58,512,42,100840
13,100914,573,69,609,98,591,83,100841
13,100915,531,26,554,41,542,33,100842
13,100916,262,178,281,210,271,194,100843
13,100917,447,19,466,49,456,34,100844
13,100918,379,12,406,40,392,26,100845
13,100919,612,45,636,75,624,60,100846
13,100920,293,227,315,252,304,239,100847
13,100921,349,68,379,91,364,79,100848
13,100922,333,219,351,248,342,233,100849
13,100923,119,89,137,114,128,101,100850
13,100924,145,277,164,290,154,283,100851
13,100925,382,38,403,66,392,52,100852
13,100926,232,84,256,106,244,95,100853
13,100927,428,292,451,307,439,299,100854
13,100928,38,120,54,146,46,133,100855
13,100929,72,128,87,155,79,141,100856
13,100930,57,98,80,123,68,110,100857
13,100931,245,160,265,189,255,174,100858
13,100932,230,47,250,72,240,59,100859
13,100933,200,13,220,35,210,24,100860
13,100934,215,23,237,45,226,34,100861
13,100935,38,159,55,177,46,168,100862
13,100936,342,270,367,287,354,278,100863
13,100937,134,290,151,316,142,303,100864
13,100938,328,248,361,265,344,256,100865
13,100939,40,88,56,114,48,101,100866
13,100940,442,278,473,297,457,287,100867
13,100941,0,207,15,229,7,218,100868
13,100942,30,272,47,295,38,283,100869
13,100943,448,316,478,332,463,324,100870
13,100944,272,0,291,29,281,14,100871
13,100945,322,3,339,22,330,12,100872
13,100946,205,37,223,68,214,52,100873
13,100947,218,0,241,12,229,6,100874
13,100948,193,64,217,86,205,75,100875
13,100949,335,292,360,308,347,300,100876
13,100950,7,0,25,9,16,4,100877
13,100951,125,0,187,23,156,11,100878
13,100952,585,3,607,21,596,12,100879
13,100953,265,244,286,276,275,260,100880
13,100954,52,17,67,53,59,35,100881
13,100955,132,0,151,13,141,6,100882
13,100956,630,68,639,90,634,79,100883
13,100957,165,0,178,4,171,2,100884
13,100958,632,322,639,338,635,330,100885
13,100959,448,300,478,313,463,306,
14,100960,444,0,533,73,488,36,100887
14,100961,539,247,571,274,555,260,100888
14,100962,596,233,621,263,608,248,100889
14,100963,468,183,490,228,479,205,100890
14,100964,597,127,623,165,610,146,100891
14,100965,267,1,346,50,306,25,100892
14,100966,381,121,402,157,391,139,100893
14,100967,528,69,553,97,540,83,100894
14,100968,417,113,441,145,429,129,100895
14,100969,529,160,553,192,541,176,100896
14,100970,60,165,84,185,72,175,100897
14,100971,543,207,578,231,560,219,100898
14,100972,96,167,116,198,106,182,100899
14,100973,201,106,219,134,210,120,100900
14,100974,359,44,381,67,370,55,100901
14,100975,496,85,520,116,508,100,100902
14,100976,28,236,42,259,35,247,100903
14,100977,208,316,231,345,219,330,100904
14,100978,411,238,430,269,420,253,100905
14,100979,314,127,337,153,325,140,100906
14,100980,300,52,321,85,310,68,100907
14,100981,245,50,263,82,254,66,100908
14,100982,608,0,634,21,621,10,100909
14,100983,307,98,333,121,320,109,100910
14,100984,277,290,302,311,289,300,100911
14,100985,271,75,291,105,281,90,100912
14,100986,501,26,524,58,512,42,100913
14,100987,573,69,609,98,591,83,100914
14,100988,531,26,554,41,542,33,100915
14,100989,262,178,281,210,271,194,100916
14,100990,447,19,466,49,456,34,100917
14,100991,379,12,406,40,392,26,100918
14,100992,612,45,637,75,624,60,100919
14,100993,293,227,316,252,304,239,100920
14,100994,349,68,379,91,364,79,100921
14,100995,333,220,351,249,342,234,100922
14,100996,119,89,137,114,128,101,100923
14,100997,145,277,163,290,154,283,100924
14,100998,382,38,403,66,392,52,100925
14,100999,232,84,256,106,244,95,100926
14,101000,428,292,451,307,439,299,100927
14,101001,38,120,54,146,46,133,100928
14,101002,72,128,87,155,79,141,100929
14,101003,57,98,80,123,68,110,100930
14,101004,246,160,265,189,255,174,100931
14,101005,231,47,250,72,240,59,100932
14,101006,200,13,220,35,210,24,100933
14,101007,215,23,237,45,226,34,100934
14,101008,38,159,55,177,46,168,100935
14,101009,342,270,368,288,355,279,100936
14,101010,134,290,151,316,142,303,100937
14,101011,328,248,361,265,344,256,100938
14,101012,40,88,56,114,48,101,100939
14,101013,442,278,473,297,457,287,100940
14,101014,0,207,15,229,7,218,100941
14,101015,30,272,47,295,38,283,100942
14,101016,448,317,478,332,463,324,100943
14,101017,272,0,291,29,281,14,100944
14,101018,322,3,339,22,330,12,100945
14,101019,205,37,223,68,214,52,100946
14,101020,218,0,241,12,229,6,100947
14,101021,193,64,217,86,205,75,100948
14,101022,336,293,361,308,348,300,100949
14,101023,7,0,25,9,16,4,100950
14,101024,125,0,187,23,156,11,100951
14,101025,585,3,607,21,596,12,100952
14,101026,265,244,286,276,275,260,100953
14,101027,52,17,67,53,59,35,100954
14,101028,132,0,151,13,141,6,100955
14,101029,630,68,639,90,634,79,100956
14,101030,165,0,178,4,171,2,100957
14,101031,632,322,639,338,635,330,100958
14,101032,448,300,478,313,463,306,100959
15,101033,444,0,533,73,488,36,100960
15,101034,539,247,571,274,555,260,100961
15,101035,596,233,621,263,608,248,100962
15,101036,469,183,490,228,479,205,100963
15,101037,597,127,623,165,610,146,100964
15,101038,267,1,346,50,306,25,100965
15,101039,381,121,402,157,391,139,100966
15,101040,527,69,553,97,540,83,100967
15,101041,417,113,441,145,429,129,100968
15,101042,529,160,553,192,541,176,100969
15,101043,60,165,84,185,72,175,100970
15,101044,543,207,578,231,560,219,100971
15,101045,96,167,116,198,106,182,100972
15,101046,202,105,221,132,211,118,100973
15,101047,359,44,381,67,370,55,100974
15,101048,496,85,520,116,508,100,100975
15,101049,28,236,42,259,35,247,100976
15,101050,208,316,231,345,219,330,100977
15,101051,411,240,430,270,420,255,100978
15,101052,314,127,337,153,325,140,100979
15,101053,300,51,321,85,310,68,100980
15,101054,245,50,263,82,254,66,100981
15,101055,608,0,634,21,621,10,100982
15,101056,307,98,333,121,320,109,100983
15,101057,278,290,302,311,290,300,100984
15,101058,271,75,291,105,281,90,100985
15,101059,501,26,524,57,512,41,100986
15,101060,573,69,609,98,591,83,100987
15,101061,531,26,554,41,542,33,100988
15,101062,262,179,281,210,271,194,100989
15,101063,447,19,466,49,456,34,100990
15,101064,379,12,406,40,392,26,100991
15,101065,612,45,637,75,624,60,100992
15,101066,293,227,315,252,304,239,100993
15,101067,349,68,379,91,364,79,100994
15,101068,333,220,351,249,342,234,100995
15,101069,119,89,137,114,128,101,100996
15,101070,144,277,163,289,153,283,100997
15,101071,382,38,403,66,392,52,100998
15,101072,232,84,256,106,244,95,100999
15,101073,428,292,451,307,439,299,101000
15,101074,38,120,54,146,46,133,101001
15,101075,72,128,87,155,79,141,101002
15,101076,57,98,80,123,68,110,101003
15,101077,246,160,266,187,256,173,101004
15,101078,231,47,250,72,240,59,101005
15,101079,200,13,220,35,210,24,101006
15,101080,215,23,237,45,226,34,101007
15,101081,38,159,55,177,46,168,101008
15,101082,343,270,368,287,355,278,101009
15,101083,134,290,150,316,142,303,101010
15,101084,328,248,361,265,344,256,101011
15,101085,40,88,56,114,48,101,101012
15,101086,442,278,472,297,457,287,101013
15,101087,0,207,15,228,7,217,101014
15,101088,30,272,47,295,38,283,101015
15,101089,447,316,478,332,462,324,101016
15,101090,272,0,291,28,281,14,101017
15,101091,322,3,339,22,330,12,101018
15,101092,205,37,223,68,214,52,101019
15,101093,218,0,241,12,229,6,101020
15,101094,193,64,217,85,205,74,101021
15,101095,336,293,361,309,348,301,101022
15,101096,8,0,25,9,16,4,101023
15,101097,125,0,187,23,156,11,101024
15,101098,585,3,607,21,596,12,101025
15,101099,265,244,286,275,275,259,101026
15,101100,52,17,67,53,59,35,101027
15,101101,132,0,151,13,141,6,101028
15,101102,630,68,639,90,634,79,101029
15,101103,165,0,178,4,171,2,101030
15,101104,632,322,639,338,635,330,101031
15,101105,448,299,478,313,463,306,101032
15,101106,358,283,383,304,370,293,
16,101107,444,0,533,73,488,36,101033
16,101108,539,247,571,274,555,260,101034
16,101109,596,233,621,263,608,248,101035
16,101110,469,183,490,228,479,205,101036
16,101111,597,127,623,165,610,146,101037
16,101112,267,1,346,50,306,25,101038
16,101113,381,121,402,157,391,139,101039
16,101114,527,69,553,97,540,83,101040
16,101115,417,113,441,145,429,129,101041
16,101116,529,160,553,192,541,176,101042
16,101117,60,165,84,185,72,175,101043
16,101118,543,207,578,231,560,219,101044
16,101119,96,167,116,198,106,182,101045
16,101120,203,101,222,130,212,115,101046
16,101121,359,44,381,67,370,55,101047
16,101122,496,85,520,116,508,100,101048
16,101123,28,235,42,259,35,247,101049
16,101124,208,316,231,345,219,330,101050
16,101125,411,242,430,273,420,257,101051
16,101126,314,127,337,154,325,140,101052
16,101127,300,51,321,85,310,68,101053
16,101128,245,51,263,82,254,66,101054
16,101129,608,0,634,21,621,10,101055
16,101130,307,98,333,121,320,109,101056
16,101131,278,290,302,311,290,300,101057
16,101132,271,75,291,105,281,90,101058
16,101133,501,27,524,57,512,42,101059
16,101134,573,69,609,98,591,83,101060
16,101135,531,26,554,41,542,33,101061
16,101136,262,178,281,210,271,194,101062
16,101137,447,18,466,49,456,33,101063
16,101138,379,12,406,40,392,26,101064
16,101139,612,45,637,75,624,60,101065
16,101140,293,227,315,251,304,239,101066
16,101141,349,68,379,91,364,79,101067
16,101142,333,220,351,249,342,234,101068
16,101143,119,89,137,114,128,101,101069
16,101144,144,277,162,288,153,282,101070
16,101145,382,38,403,66,392,52,101071
16,101146,232,84,256,106,244,95,101072
16,101147,428,292,451,307,439,299,101073
16,101148,38,120,54,146,46,133,101074
16,101149,72,128,87,155,79,141,101075
16,101150,57,98,80,123,68,110,101076
16,101151,247,158,267,185,257,171,101077
16,101152,231,47,250,72,240,59,101078
16,101153,200,13,220,35,210,24,101079
16,101154,216,23,237,45,226,34,101080
16,101155,38,159,55,177,46,168,101081
16,101156,344,270,368,287,356,278,101082
16,101157,134,290,150,316,142,303,101083
16,101158,328,248,361,265,344,256,101084
16,101159,40,88,56,114,48,101,101085
16,101160,441,279,471,297,456,288,101086
16,101161,0,207,15,228,7,217,101087
16,101162,30,272,47,295,38,283,101088
16,101163,448,316,478,332,463,324,101089
16,101164,272,0,291,28,281,14,101090
16,101165,322,3,339,22,330,12,101091
16,101166,205,37,223,68,214,52,101092
16,101167,218,0,241,12,229,6,101093
16,101168,193,64,217,85,205,74,101094
16,101169,337,294,361,310,349,302,101095
16,101170,8,0,24,8,16,4,101096
16,101171,125,0,187,23,156,11,101097
16,101172,585,3,606,21,595,12,101098
16,101173,265,244,286,274,275,259,101099
16,101174,52,17,67,53,59,35,101100
16,101175,132,0,151,13,141,6,101101
16,101176,630,68,639,90,634,79,101102
16,101177,165,0,178,4,171,2,101103
16,101178,632,323,639,338,635,330,101104
16,101179,448,299,478,313,463,306,101105
16,101180,359,284,383,303,371,293,101106
17,101181,444,0,533,73,488,36,101107
17,101182,539,247,571,274,555,260,101108
17,101183,596,233,621,263,608,248,101109
17,101184,469,183,490,228,479,205,101110
17,101185,597,127,623,165,610,146,101111
17,101186,267,1,346,49,306,25,101112
17,101187,381,121,402,157,391,139,101113
17,101188,527,69,553,97,540,83,101114
17,101189,417,113,441,145,429,129,101115
17,101190,529,160,553,192,541,176,101116
17,101191,60,165,84,185,72,175,101117
17,101192,543,207,578,231,560,219,101118
17,101193,96,167,116,198,106,182,101119
17,101194,204,97,222,128,213,112,101120
17,101195,359,44,381,67,370,55,101121
17,101196,496,85,520,116,508,100,101122
17,101197,28,235,42,259,35,247,101123
17,101198,208,316,231,345,219,330,101124
17,101199,411,245,430,276,420,260,101125
17,101200,314,127,337,154,325,140,101126
17,101201,300,52,321,85,310,68,101127
17,101202,245,51,263,82,254,66,101128
17,101203,608,0,634,21,621,10,101129
17,101204,307,98,333,121,320,109,101130
17,101205,278,290,302,311,290,300,101131
17,101206,271,75,291,105,281,90,101132
17,101207,501,27,524,57,512,42,101133
17,101208,573,69,609,98,591,83,101134
17,101209,531,26,554,41,542,33,101135
17,101210,262,178,281,210,271,194,101136
17,101211,447,18,466,49,456,33,101137
17,101212,379,12,406,39,392,25,101138
17,101213,612,45,637,75,624,60,101139
17,101214,294,227,315,251,304,239,101140
17,101215,349,68,379,91,364,79,101141
17,101216,333,220,351,249,342,234,101142
17,101217,119,89,137,114,128,101,101143
17,101218,143,277,162,288,152,282,101144
17,101219,382,38,403,66,392,52,101145
17,101220,232,84,256,106,244,95,101146
17,101221,428,292,451,307,439,299,101147
17,101222,38,120,54,146,46,133,101148
17,101223,72,128,87,155,79,141,101149
17,101224,57,98,80,123,68,110,101150
17,101225,248,156,268,182,258,169,101151
17,101226,231,47,250,72,240,59,101152
17,101227,200,13,220,35,210,24,101153
17,101228,216,23,237,45,226,34,101154
17,101229,38,159,55,177,46,168,101155
17,101230,346,270,369,287,357,278,101156
17,101231,134,290,150,316,142,303,101157
17,101232,328,248,361,265,344,256,101158
17,101233,40,88,56,114,48,101,101159
17,101234,441,279,471,297,456,288,101160
17,101235,0,207,15,228,7,217,101161
17,101236,30,272,47,295,38,283,101162
17,101237,448,317,478,332,463,324,101163
17,101238,272,0,291,28,281,14,101164
17,101239,322,3,339,22,330,12,101165
17,101240,205,37,223,68,214,52,101166
17,101241,218,0,241,12,229,6,101167
17,101242,192,64,218,85,205,74,101168
17,101243,339,294,363,310,351,302,101169
17,101244,125,0,187,23,156,11,101171
17,101245,585,3,604,21,594,12,101172
17,101246,265,244,287,273,276,258,101173
17,101247,52,17,67,53,59,35,101174
17,101248,132,0,151,13,141,6,101175
17,101249,630,68,639,90,634,79,101176
17,101250,165,0,178,4,171,2,101177
17,101251,632,323,639,338,635,330,101178
17,101252,447,299,478,313,462,306,101179
18,101253,444,0,533,73,488,36,101181
18,101254,539,247,571,274,555,260,101182
18,101255,596,233,621,263,608,248,101183
18,101256,469,183,490,228,479,205,101184
18,101257,597,127,623,165,610,146,101185
18,101258,267,0,346,49,306,24,101186
18,101259,381,121,403,157,392,139,101187
18,101260,527,69,553,98,540,83,101188
18,101261,417,113,441,146,429,129,101189
18,101262,529,160,553,192,541,176,101190
18,101263,60,165,84,185,72,175,101191
18,101264,543,207,578,231,560,219,101192
18,101265,96,167,116,198,106,182,101193
18,101266,205,94,222,126,213,110,101194
18,101267,359,44,381,67,370,55,101195
18,101268,496,85,520,116,508,100,101196
18,101269,28,235,42,259,35,247,101197
18,101270,208,316,231,345,219,330,101198
18,101271,410,248,431,279,420,263,101199
18,101272,314,127,337,154,325,140,101200
18,101273,300,52,321,85,310,68,101201
18,101274,245,51,263,82,254,66,101202
18,101275,608,0,634,21,621,10,101203
18,101276,307,98,333,121,320,109,101204
18,101277,278,290,302,311,290,300,101205
18,101278,271,75,291,105,281,90,101206
18,101279,501,27,524,57,512,42,101207
18,101280,573,69,609,99,591,84,101208
18,101281,531,26,554,41,542,33,101209
18,101282,262,179,281,210,271,194,101210
18,101283,447,18,466,49,456,33,101211
18,101284,379,12,406,39,392,25,101212
18,101285,612,45,637,75,624,60,101213
18,101286,293,227,315,251,304,239,101214
18,101287,349,68,379,91,364,79,101215
18,101288,333,220,351,249,342,234,101216
18,101289,119,89,137,114,128,101,101217
18,101290,142,278,161,288,151,283,101218
18,101291,382,38,403,66,392,52,101219
18,101292,232,84,256,106,244,95,101220
18,101293,428,292,451,306,439,299,101221
18,101294,38,120,54,146,46,133,101222
18,101295,72,129,87,155,79,142,101223
18,101296,57,98,80,123,68,110,101224
18,101297,248,153,268,180,258,166,101225
18,101298,231,47,250,72,240,59,101226
18,101299,200,13,220,35,210,24,101227
18,101300,217,23,238,45,227,34,101228
18,101301,38,159,55,177,46,168,101229
18,101302,348,270,372,287,360,278,101230
18,101303,134,290,150,316,142,303,101231
18,101304,328,248,361,265,344,256,101232
18,101305,40,88,56,114,48,101,101233
18,101306,441,280,471,298,456,289,101234
18,101307,0,207,15,229,7,218,101235
18,101308,30,272,47,295,38,283,101236
18,101309,448,317,478,332,463,324,101237
18,101310,272,0,290,28,281,14,101238
18,101311,322,3,339,22,330,12,101239
18,101312,205,36,223,67,214,51,101240
18,101313,218,0,241,12,229,6,101241
18,101314,192,64,218,85,205,74,101242
18,101315,341,294,366,311,353,302,101243
18,101316,125,0,187,23,156,11,101244
18,101317,585,4,603,21,594,12,101245
18,101318,264,244,287,270,275,257,101246
18,101319,52,17,67,53,59,35,101247
18,101320,132,0,151,13,141,6,101248
18,101321,630,68,639,90,634,79,101249
18,101322,165,0,178,4,171,2,101250
18,101323,632,323,639,338,635,330,101251
18,101324,447,300,478,313,462,306,101252
18,101325,561,351,594,359,577,355,
19,101326,444,0,532,73,488,36,101253
19,101327,539,247,571,274,555,260,101254
19,101328,596,233,621,263,608,248,101255
19,101329,469,183,490,228,479,205,101256
19,101330,597,127,623,165,610,146,101257
19,101331,267,0,346,49,306,24,101258
19,101332,381,121,402,157,391,139,101259
19,101333,527,70,553,97,540,83,101260
19,101334,417,113,441,145,429,129,101261
19,101335,529,160,553,192,541,176,101262
19,101336,60,165,84,185,72,175,101263
19,101337,543,207,578,231,560,219,101264
19,101338,96,167,116,198,106,182,101265
19,101339,205,93,222,124,213,108,101266
19,101340,359,44,381,67,370,55,101267
19,101341,496,85,520,116,508,100,101268
19,101342,28,236,42,259,35,247,101269
19,101343,208,316,231,345,219,330,101270
19,101344,409,251,431,281,420,266,101271
19,101345,314,127,337,154,325,140,101272
19,101346,300,51,321,85,310,68,101273
19,101347,245,51,263,82,254,66,101274
19,101348,608,0,634,21,621,10,101275
19,101349,307,98,334,121,320,109,101276
19,101350,277,290,302,312,289,301,101277
19,101351,271,75,292,105,281,90,101278
19,101352,501,27,524,58,512,42,101279
19,101353,573,69,609,98,591,83,101280
19,101354,531,26,554,41,542,33,101281
19,101355,262,179,281,210,271,194,101282
19,101356,447,18,466,49,456,33,101283
19,101357,379,12,406,39,392,25,101284
19,101358,612,44,637,75,624,59,101285
19,101359,294,227,315,251,304,239,101286
19,101360,349,68,380,91,364,79,101287
19,101361,333,221,351,249,342,235,101288
19,101362,119,89,137,114,128,101,101289
19,101363,382,38,403,66,392,52,101291
19,101364,232,84,256,107,244,95,101292
19,101365,428,292,451,306,439,299,101293
19,101366,38,120,55,146,46,133,101294
19,101367,71,129,87,155,79,142,101295
19,101368,57,97,80,123,68,110,101296
19,101369,248,149,268,178,258,163,101297
19,101370,231,47,250,72,240,59,101298
19,101371,200,13,220,36,210,24,101299
19,101372,217,24,237,45,227,34,101300
19,101373,37,159,55,177,46,168,101301
19,101374,349,270,374,288,361,279,101302
19,101375,134,290,151,316,142,303,101303
19,101376,329,248,362,265,345,256,101304
19,101377,40,88,56,114,48,101,101305
19,101378,440,281,471,299,455,290,101306
19,101379,0,207,15,229,7,218,101307
19,101380,30,272,47,295,38,283,101308
19,101381,448,306,478,332,463,319,101309
19,101382,273,0,290,27,281,13,101310
19,101383,322,3,339,22,330,12,101311
19,101384,205,36,223,67,214,51,101312
19,101385,218,0,241,12,229,6,101313
19,101386,192,63,218,85,205,74,101314
19,101387,343,292,376,313,359,302,101315
19,101388,127,0,187,23,157,11,101316
19,101389,585,4,606,21,595,12,101317
19,101390,263,244,286,270,274,257,101318
19,101391,52,17,66,53,59,35,101319
19,101392,133,0,151,13,142,6,101320
19,101393,630,68,639,90,634,79,101321
19,101394,164,0,178,4,171,2,101322
19,101395,632,323,639,338,635,330,101323
19,101396,562,351,594,359,578,355,101325
19,101397,67,20,81,40,74,30,
20,101398,444,0,532,73,488,36,101326
20,101399,539,247,571,274,555,260,101327
20,101400,596,233,621,263,608,248,101328
20,101401,469,183,490,228,479,205,101329
20,101402,597,127,623,165,610,146,101330
20,101403,267,1,346,49,306,25,101331
20,101404,381,121,402,157,391,139,101332
20,101405,527,70,554,97,540,83,101333
20,101406,417,113,441,145,429,129,101334
20,101407,529,160,553,192,541,176,101335
20,101408,60,165,84,185,72,175,101336
20,101409,543,207,577,231,560,219,101337
20,101410,96,167,116,199,106,183,101338
20,101411,205,92,222,123,213,107,101339
20,101412,359,44,381,67,370,55,101340
20,101413,496,85,519,116,507,100,101341
20,101414,28,236,42,259,35,247,101342
20,101415,208,316,231,345,219,330,101343
20,101416,409,252,431,282,420,267,101344
20,101417,314,127,337,154,325,140,101345
20,101418,300,51,321,85,310,68,101346
20,101419,245,51,263,82,254,66,101347
20,101420,608,0,633,21,620,10,101348
20,101421,307,98,334,121,320,109,101349
20,101422,277,290,302,312,289,301,101350
20,101423,271,74,292,105,281,89,101351
20,101424,501,27,525,58,513,42,101352
20,101425,573,68,609,97,591,82,101353
20,101426,531,26,555,41,543,33,101354
20,101427,262,179,281,210,271,194,101355
20,101428,447,18,466,49,456,33,101356
20,101429,379,12,406,39,392,25,101357
20,101430,612,44,637,75,624,59,101358
20,101431,294,227,315,251,304,239,101359
20,101432,349,68,380,91,364,79,101360
20,101433,333,221,351,249,342,235,101361
20,101434,119,89,137,114,128,101,101362
20,101435,382,38,403,66,392,52,101363
20,101436,232,84,256,107,244,95,101364
20,101437,428,292,451,306,439,299,101365
20,101438,38,120,55,146,46,133,101366
20,101439,71,129,87,155,79,142,101367
20,101440,57,97,80,123,68,110,101368
20,101441,248,148,268,177,258,162,101369
20,101442,231,47,250,72,240,59,101370
20,101443,199,13,220,36,209,24,101371
20,101444,217,24,237,45,227,34,101372
20,101445,37,159,55,177,46,168,101373
20,101446,349,270,375,288,362,279,101374
20,101447,134,290,151,316,142,303,101375
20,101448,329,249,362,265,345,257,101376
20,101449,40,88,56,114,48,101,101377
20,101450,440,281,471,299,455,290,101378
20,101451,0,207,16,229,8,218,101379
20,101452,30,272,47,295,38,283,101380
20,101453,448,302,478,331,463,316,101381
20,101454,273,0,290,27,281,13,101382
20,101455,322,3,339,22,330,12,101383
20,101456,205,36,223,67,214,51,101384
20,101457,218,0,241,12,229,6,101385
20,101458,192,63,218,85,205,74,101386
20,101459,344,291,380,313,362,302,101387
20,101460,127,0,187,22,157,11,101388
20,101461,585,4,607,21,596,12,101389
20,101462,263,244,286,270,274,257,101390
20,101463,52,17,66,53,59,35,101391
20,101464,133,0,151,13,142,6,101392
20,101465,630,68,639,90,634,79,101393
20,101466,164,0,178,4,171,2,101394
20,101467,632,323,639,338,635,330,101395
20,101468,562,351,594,359,578,355,101396
20,101469,67,20,81,40,74,30,101397
21,101470,444,0,532,73,488,36,101398
21,101471,539,247,571,274,555,260,101399
21,101472,596,233,621,263,608,248,101400
21,101473,469,183,490,227,479,205,101401
21,101474,597,127,623,165,610,146,101402
21,101475,267,1,346,49,306,25,101403
21,101476,381,121,402,157,391,139,101404
21,101477,527,70,554,97,540,83,101405
21,101478,417,113,441,145,429,129,101406
21,101479,529,160,553,192,541,176,101407
21,101480,60,165,84,185,72,175,101408
21,101481,543,207,577,231,560,219,101409
21,101482,96,167,116,199,106,183,101410
21,101483,205,92,222,123,213,107,101411
21,101484,359,44,381,67,370,55,101412
21,101485,496,85,519,116,507,100,101413
21,101486,28,236,42,259,35,247,101414
21,101487,208,316,230,345,219,330,101415
21,101488,409,252,431,282,420,267,101416
21,101489,314,127,337,154,325,140,101417
21,101490,300,51,321,85,310,68,101418
21,101491,245,51,263,82,254,66,101419
21,101492,608,0,633,21,620,10,101420
21,101493,307,98,334,121,320,109,101421
21,101494,277,290,302,312,289,301,101422
21,101495,271,75,292,105,281,90,101423
21,101496,501,27,525,58,513,42,101424
21,101497,573,68,609,97,591,82,101425
21,101498,531,26,555,41,543,33,101426
21,101499,262,179,281,210,271,194,101427
21,101500,447,18,466,49,456,33,101428
21,101501,379,12,406,39,392,25,101429
21,101502,612,44,637,75,624,59,101430
21,101503,294,227,315,251,304,239,101431
21,101504,349,68,380,91,364,79,101432
21,101505,332,221,351,248,341,234,101433
21,101506,119,89,137,114,128,101,101434
21,101507,382,38,403,66,392,52,101435
21,101508,232,84,256,107,244,95,101436
21,101509,428,292,451,307,439,299,101437
21,101510,38,120,55,146,46,133,101438
21,101511,71,129,87,155,79,142,101439
21,101512,57,97,80,123,68,110,101440
21,101513,248,147,268,177,258,162,101441
21,101514,230,46,250,72,240,59,101442
21,101515,199,13,220,36,209,24,101443
21,101516,217,24,237,45,227,34,101444
21,101517,37,159,55,177,46,168,101445
21,101518,350,270,375,288,362,279,101446
21,101519,134,290,151,316,142,303,101447
21,101520,329,249,362,265,345,257,101448
21,101521,40,88,56,114,48,101,101449
21,101522,440,281,471,299,455,290,101450
21,101523,0,207,16,229,8,218,101451
21,101524,30,272,47,295,38,283,101452
21,101525,448,300,478,331,463,315,101453
21,101526,273,0,290,27,281,13,101454
21,101527,322,3,339,22,330,12,101455
21,101528,205,36,223,67,214,51,101456
21,101529,218,0,241,12,229,6,101457
21,101530,192,62,218,85,205,73,101458
21,101531,344,291,381,313,362,302,101459
21,101532,128,0,187,22,157,11,101460
21,101533,585,4,607,21,596,12,101461
21,101534,263,245,286,270,274,257,101462
21,101535,52,17,66,53,59,35,101463
21,101536,133,0,151,13,142,6,101464
21,101537,630,68,639,90,634,79,101465
21,101538,164,0,178,4,171,2,101466
21,101539,632,323,639,338,635,330,101467
21,101540,562,351,594,359,578,355,101468
21,101541,67,20,81,40,74,30,101469
22,101542,444,0,532,73,488,36,101470
22,101543,539,247,571,274,555,260,101471
22,101544,596,233,621,263,608,248,101472
22,101545,469,183,490,227,479,205,101473
22,101546,597,127,623,165,610,146,101474
22,101547,267,1,346,49,306,25,101475
22,101548,382,121,402,157,392,139,101476
22,101549,527,70,554,97,540,83,101477
22,101550,417,113,441,145,429,129,101478
22,101551,529,160,553,192,541,176,101479
22,101552,60,165,84,185,72,175,101480
22,101553,543,207,577,231,560,219,101481
22,101554,96,167,116,199,106,183,101482
22,101555,205,92,223,122,214,107,101483
22,101556,359,43,381,67,370,55,101484
22,101557,496,85,519,116,507,100,101485
22,101558,28,236,42,259,35,247,101486
22,101559,208,316,230,345,219,330,101487
22,101560,408,253,431,283,419,268,101488
22,101561,314,128,337,153,325,140,101489
22,101562,300,51,321,85,310,68,101490
22,101563,245,51,263,82,254,66,101491
22,101564,608,0,633,21,620,10,101492
22,101565,307,98,334,121,320,109,101493
22,101566,277,290,302,312,289,301,101494
22,101567,271,75,292,105,281,90,101495
22,101568,501,26,525,58,513,42,101496
22,101569,573,69,609,97,591,83,101497
22,101570,531,26,555,41,543,33,101498
22,101571,262,179,281,210,271,194,101499
22,101572,447,18,466,49,456,33,101500
22,101573,379,12,406,39,392,25,101501
22,101574,612,44,637,75,624,59,101502
22,101575,294,227,316,251,305,239,101503
22,101576,349,68,380,91,364,79,101504
22,101577,332,221,351,248,341,234,101505
22,101578,119,90,137,114,128,102,101506
22,101579,382,38,403,66,392,52,101507
22,101580,232,84,256,107,244,95,101508
22,101581,427,291,450,307,438,299,101509
22,101582,38,120,55,146,46,133,101510
22,101583,71,129,87,155,79,142,101511
22,101584,57,97,80,123,68,110,101512
22,101585,249,146,268,175,258,160,101513
22,101586,230,46,250,72,240,59,101514
22,101587,199,13,220,36,209,24,101515
22,101588,217,24,237,45,227,34,101516
22,101589,37,159,55,177,46,168,101517
22,101590,351,270,376,288,363,279,101518
22,101591,134,290,151,316,142,303,101519
22,101592,329,249,362,265,345,257,101520
22,101593,40,88,56,114,48,101,101521
22,101594,440,281,471,299,455,290,101522
22,101595,0,207,15,229,7,218,101523
22,101596,30,272,47,295,38,283,101524
22,101597,447,300,478,331,462,315,101525
22,101598,273,0,290,27,281,13,101526
22,101599,322,3,339,22,330,12,101527
22,101600,205,36,223,67,214,51,101528
22,101601,218,0,242,12,230,6,101529
22,101602,192,62,218,85,205,73,101530
22,101603,346,289,383,314,364,301,101531
22,101604,128,0,187,22,157,11,101532
22,101605,585,4,607,21,596,12,101533
22,101606,263,245,286,270,274,257,101534
22,101607,52,17,66,53,59,35,101535
22,101608,133,0,151,12,142,6,101536
22,101609,630,68,639,89,634,78,101537
22,101610,164,0,178,4,171,2,101538
22,101611,632,323,639,338,635,330,101539
22,101612,67,20,81,40,74,30,101541
23,101613,444,0,532,73,488,36,101542
23,101614,539,247,570,274,554,260,101543
23,101615,596,233,621,263,608,248,101544
23,101616,469,183,490,227,479,205,101545
23,101617,597,127,623,165,610,146,101546
23,101618,267,1,346,49,306,25,101547
23,101619,382,121,402,157,392,139,101548
23,101620,527,70,554,97,540,83,101549
23,101621,417,113,441,145,429,129,101550
23,101622,529,160,553,192,541,176,101551
23,101623,60,165,84,186,72,175,101552
23,101624,544,207,577,231,560,219,101553
23,101625,96,167,116,199,106,183,101554
23,101626,205,92,223,121,214,106,101555
23,101627,359,43,381,67,370,55,101556
23,101628,496,85,519,116,507,100,101557
23,101629,28,236,42,259,35,247,101558
23,101630,208,316,230,345,219,330,101559
23,101631,408,253,431,283,419,268,101560
23,101632,314,128,337,153,325,140,101561
23,101633,300,51,321,85,310,68,101562
23,101634,245,51,263,82,254,66,101563
23,101635,608,0,633,21,620,10,101564
23,101636,307,98,334,121,320,109,101565
23,101637,277,290,302,312,289,301,101566
23,101638,271,75,292,105,281,90,101567
23,101639,501,26,525,58,513,42,101568
23,101640,573,69,609,97,591,83,101569
23,101641,531,26,555,41,543,33,101570
23,101642,262,179,281,210,271,194,101571
23,101643,447,18,466,49,456,33,101572
23,101644,379,12,406,39,392,25,101573
23,101645,612,44,637,75,624,59,101574
23,101646,294,227,316,251,305,239,101575
23,101647,349,68,379,91,364,79,101576
23,101648,332,221,351,248,341,234,101577
23,101649,119,90,137,114,128,102,101578
23,101650,382,38,403,66,392,52,101579
23,101651,232,84,256,107,244,95,101580
23,101652,427,291,450,307,438,299,101581
23,101653,38,120,55,146,46,133,101582
23,101654,71,129,87,155,79,142,101583
23,101655,57,98,80,123,68,110,101584
23,101656,249,146,269,175,259,160,101585
23,101657,230,46,250,72,240,59,101586
23,101658,199,13,220,36,209,24,101587
23,101659,217,24,237,45,227,34,101588
23,101660,38,159,55,177,46,168,101589
23,101661,351,270,376,288,363,279,101590
23,101662,134,290,151,316,142,303,101591
23,101663,329,249,362,265,345,257,101592
23,101664,40,88,56,114,48,101,101593
23,101665,440,281,470,299,455,290,101594
23,101666,0,207,15,229,7,218,101595
23,101667,30,272,47,295,38,283,101596
23,101668,447,300,479,331,463,315,101597
23,101669,273,0,290,27,281,13,101598
23,101670,322,3,339,22,330,12,101599
23,101671,205,36,223,67,214,51,101600
23,101672,218,0,242,12,230,6,101601
23,101673,192,62,218,85,205,73,101602
23,101674,347,288,383,314,365,301,101603
23,101675,128,0,187,22,157,11,101604
23,101676,585,4,607,21,596,12,101605
23,101677,263,245,286,270,274,257,101606
23,101678,52,17,66,53,59,35,101607
23,101679,133,0,151,13,142,6,101608
23,101680,630,68,639,89,634,78,101609
23,101681,164,0,178,4,171,2,101610
23,101682,632,323,639,339,635,331,101611
24,101683,444,0,532,73,488,36,101613
24,101684,539,247,571,274,555,260,101614
24,101685,596,233,621,263,608,248,101615
24,101686,469,183,490,227,479,205,101616
24,101687,597,127,623,165,610,146,101617
24,101688,267,1,346,49,306,25,101618
24,101689,382,121,402,157,392,139,101619
24,101690,527,70,554,97,540,83,101620
24,101691,417,113,441,145,429,129,101621
24,101692,529,160,553,192,541,176,101622
24,101693,60,165,84,186,72,175,101623
24,101694,544,207,577,231,560,219,101624
24,101695,96,167,116,199,106,183,101625
24,101696,206,90,223,117,214,103,101626
24,101697,359,43,381,68,370,55,101627
24,101698,496,85,519,116,507,100,101628
24,101699,28,236,42,259,35,247,101629
24,101700,208,316,230,345,219,330,101630
24,101701,406,256,429,284,417,270,101631
24,101702,315,128,337,153,326,140,101632
24,101703,300,52,321,85,310,68,101633
24,101704,245,51,263,82,254,66,101634
24,101705,608,0,633,21,620,10,101635
24,101706,307,98,334,121,320,109,101636
24,101707,277,290,302,312,289,301,101637
24,101708,271,75,292,105,281,90,101638
24,101709,501,27,525,58,513,42,101639
24,101710,573,69,609,97,591,83,101640
24,101711,531,26,555,41,543,33,101641
24,101712,262,178,281,210,271,194,101642
24,101713,447,19,466,49,456,34,101643
24,101714,379,12,406,39,392,25,101644
24,101715,612,44,637,75,624,59,101645
24,101716,294,227,316,251,305,239,101646
24,101717,349,68,379,91,364,79,101647
24,101718,333,221,351,248,342,234,101648
24,101719,119,90,137,114,128,102,101649
24,101720,382,38,403,66,392,52,101650
24,101721,232,84,256,107,244,95,101651
24,101722,427,291,449,307,438,299,101652
24,101723,38,120,55,146,46,133,101653
24,101724,71,129,87,155,79,142,101654
24,101725,57,97,80,123,68,110,101655
24,101726,249,146,270,172,259,159,101656
24,101727,230,46,250,72,240,59,101657
24,101728,199,13,220,36,209,24,101658
24,101729,216,24,237,45,226,34,101659
24,101730,37,159,55,177,46,168,101660
24,101731,353,271,377,288,365,279,101661
24,101732,134,290,151,316,142,303,101662
24,101733,329,249,362,265,345,257,101663
24,101734,40,88,56,114,48,101,101664
24,101735,440,282,470,300,455,291,101665
24,101736,0,207,15,229,7,218,101666
24,101737,30,272,47,295,38,283,101667
24,101738,447,300,479,332,463,316,101668
24,101739,273,0,290,27,281,13,101669
24,101740,322,3,339,21,330,12,101670
24,101741,205,36,223,68,214,52,101671
24,101742,218,0,242,12,230,6,101672
24,101743,192,62,218,85,205,73,101673
24,101744,350,294,380,317,365,305,101674
24,101745,128,0,188,22,158,11,101675
24,101746,586,4,607,22,596,13,101676
24,101747,263,245,286,269,274,257,101677
24,101748,52,16,66,53,59,34,101678
24,101749,133,0,151,13,142,6,101679
24,101750,630,68,639,89,634,78,101680
24,101751,164,0,178,5,171,2,101681
24,101752,632,323,639,338,635,330,101682
24,101753,362,287,385,310,373,298,
24,101754,564,351,594,359,579,355,
25,101755,444,0,532,73,488,36,101683
25,101756,539,247,571,274,555,260,101684
25,101757,596,233,621,263,608,248,101685
25,101758,469,183,490,228,479,205,101686
25,101759,597,127,623,165,610,146,101687
25,101760,267,1,346,49,306,25,101688
25,101761,382,121,402,157,392,139,101689
25,101762,527,70,554,97,540,83,101690
25,101763,417,113,441,145,429,129,101691
25,101764,529,161,553,192,541,176,101692
25,101765,60,164,84,186,72,175,101693
25,101766,544,207,577,231,560,219,101694
25,101767,96,167,116,199,106,183,101695
25,101768,205,84,222,115,213,99,101696
25,101769,359,43,381,68,370,55,101697
25,101770,496,85,519,116,507,100,101698
25,101771,28,236,42,259,35,247,101699
25,101772,208,316,230,345,219,330,101700
25,101773,403,260,426,289,414,274,101701
25,101774,315,128,337,153,326,140,101702
25,101775,300,52,321,85,310,68,101703
25,101776,245,51,263,82,254,66,101704
25,101777,608,0,634,21,621,10,101705
25,101778,307,98,334,121,320,109,101706
25,101779,277,290,302,312,289,301,101707
25,101780,271,75,292,105,281,90,101708
25,101781,500,27,525,58,512,42,101709
25,101782,573,69,609,97,591,83,101710
25,101783,531,26,555,40,543,33,101711
25,101784,262,178,281,210,271,194,101712
25,101785,448,19,466,49,457,34,101713
25,101786,379,12,406,39,392,25,101714
25,101787,612,44,637,75,624,59,101715
25,101788,294,227,316,251,305,239,101716
25,101789,349,68,379,91,364,79,101717
25,101790,334,222,352,249,343,235,101718
25,101791,119,90,137,114,128,102,101719
25,101792,382,38,403,66,392,52,101720
25,101793,232,84,256,107,244,95,101721
25,101794,427,291,448,307,437,299,101722
25,101795,38,120,54,146,46,133,101723
25,101796,71,129,87,155,79,142,101724
25,101797,57,97,80,123,68,110,101725
25,101798,252,145,275,170,263,157,101726
25,101799,229,46,250,71,239,58,101727
25,101800,199,13,220,36,209,24,101728
25,101801,216,24,237,44,226,34,101729
25,101802,37,159,55,177,46,168,101730
25,101803,354,271,378,289,366,280,101731
25,101804,134,290,151,316,142,303,101732
25,101805,329,249,362,265,345,257,101733
25,101806,40,88,56,113,48,100,101734
25,101807,440,283,470,300,455,291,101735
25,101808,0,207,15,229,7,218,101736
25,101809,30,272,47,295,38,283,101737
25,101810,448,300,479,331,463,315,101738
25,101811,273,0,290,27,281,13,101739
25,101812,322,3,339,21,330,12,101740
25,101813,205,36,223,68,214,52,101741
25,101814,218,0,242,12,230,6,101742
25,101815,192,62,218,86,205,74,101743
25,101816,353,299,379,321,366,310,101744
25,101817,128,0,188,22,158,11,101745
25,101818,586,4,607,22,596,13,101746
25,101819,262,245,286,268,274,256,101747
25,101820,52,16,66,53,59,34,101748
25,101821,133,0,151,13,142,6,101749
25,101822,630,68,639,89,634,78,101750
25,101823,164,0,178,5,171,2,101751
25,101824,632,323,639,338,635,330,101752
25,101825,363,287,388,315,375,301,101753
25,101826,564,351,593,359,578,355,101754
26,101827,444,0,532,73,488,36,101755
26,101828,539,247,571,274,555,260,101756
26,101829,596,233,621,263,608,248,101757
26,101830,469,183,490,228,479,205,101758
26,101831,597,127,623,165,610,146,101759
26,101832,267,1,346,49,306,25,101760
26,101833,382,121,402,157,392,139,101761
26,101834,527,70,554,97,540,83,101762
26,101835,417,113,441,145,429,129,101763
26,101836,529,161,553,192,541,176,101764
26,101837,60,164,84,186,72,175,101765
26,101838,544,207,577,231,560,219,101766
26,101839,96,167,116,199,106,183,101767
26,101840,205,82,221,114,213,98,101768
26,101841,359,43,381,68,370,55,101769
26,101842,496,85,519,116,507,100,101770
26,101843,28,236,42,259,35,247,101771
26,101844,208,316,230,345,219,330,101772
26,101845,402,261,425,291,413,276,101773
26,101846,315,128,337,153,326,140,101774
26,101847,300,52,321,85,310,68,101775
26,101848,245,51,263,82,254,66,101776
26,101849,608,0,634,21,621,10,101777
26,101850,307,98,334,121,320,109,101778
26,101851,277,290,302,312,289,301,101779
26,101852,271,75,292,105,281,90,101780
26,101853,500,27,525,58,512,42,101781
26,101854,573,69,609,97,591,83,101782
26,101855,532,26,555,40,543,33,101783
26,101856,262,178,281,210,271,194,101784
26,101857,447,19,466,49,456,34,101785
26,101858,379,12,406,39,392,25,101786
26,101859,612,44,636,75,624,59,101787
26,101860,294,227,316,251,305,239,101788
26,101861,349,68,379,91,364,79,101789
26,101862,334,222,352,249,343,235,101790
26,101863,119,90,137,114,128,102,101791
26,101864,382,38,403,66,392,52,101792
26,101865,232,84,256,107,244,95,101793
26,101866,427,291,448,307,437,299,101794
26,101867,38,120,54,146,46,133,101795
26,101868,71,129,87,155,79,142,101796
26,101869,57,97,80,123,68,110,101797
26,101870,253,145,277,169,265,157,101798
26,101871,229,46,250,70,239,58,101799
26,101872,199,13,220,36,209,24,101800
26,101873,216,24,237,44,226,34,101801
26,101874,37,159,55,177,46,168,101802
26,101875,355,271,378,289,366,280,101803
26,101876,134,290,151,316,142,303,101804
26,101877,329,249,362,265,345,257,101805
26,101878,40,88,56,113,48,100,101806
26,101879,441,283,470,300,455,291,101807
26,101880,0,207,15,229,7,218,101808
26,101881,30,272,47,295,38,283,101809
26,101882,448,300,479,331,463,315,101810
26,101883,273,0,290,27,281,13,101811
26,101884,322,3,339,21,330,12,101812
26,101885,205,36,223,68,214,52,101813
26,101886,218,0,242,12,230,6,101814
26,101887,192,62,218,86,205,74,101815
26,101888,354,301,378,323,366,312,101816
26,101889,128,0,188,22,158,11,101817
26,101890,586,4,607,22,596,13,101818
26,101891,262,245,286,267,274,256,101819
26,101892,52,16,66,53,59,34,101820
26,101893,133,0,151,13,142,6,101821
26,101894,630,68,639,89,634,78,101822
26,101895,164,0,178,5,171,2,101823
26,101896,632,323,639,338,635,330,101824
26,101897,364,287,388,317,376,302,101825
26,101898,564,351,593,359,578,355,101826
27,101899,444,0,532,73,488,36,101827
27,101900,539,247,571,274,555,260,101828
27,101901,596,233,621,263,608,248,101829
27,101902,469,183,490,228,479,205,101830
27,101903,597,127,623,165,610,146,101831
27,101904,267,1,346,49,306,25,101832
27,101905,382,121,402,157,392,139,101833
27,101906,527,70,554,97,540,83,101834
27,101907,417,113,441,145,429,129,101835
27,101908,529,161,553,192,541,176,101836
27,101909,60,164,84,186,72,175,101837
27,101910,544,207,578,231,561,219,101838
27,101911,96,167,116,199,106,183,101839
27,101912,205,80,221,112,213,96,101840
27,101913,359,43,381,68,370,55,101841
27,101914,496,85,519,116,507,100,101842
27,101915,28,236,42,259,35,247,101843
27,101916,208,316,230,346,219,331,101844
27,101917,401,263,423,292,412,277,101845
27,101918,315,128,337,153,326,140,101846
27,101919,300,52,321,85,310,68,101847
27,101920,245,51,263,82,254,66,101848
27,101921,608,0,634,21,621,10,101849
27,101922,307,98,334,121,320,109,101850
27,101923,277,290,302,312,289,301,101851
27,101924,271,74,292,105,281,89,101852
27,101925,500,27,525,58,512,42,101853
27,101926,573,69,609,97,591,83,101854
27,101927,531,26,555,39,543,32,101855
27,101928,262,178,281,210,271,194,101856
27,101929,448,19,466,49,457,34,101857
27,101930,379,12,406,39,392,25,101858
27,101931,612,43,636,75,624,59,101859
27,101932,293,227,315,251,304,239,101860
27,101933,349,68,379,91,364,79,101861
27,101934,334,224,352,249,343,236,101862
27,101935,119,90,137,114,128,102,101863
27,101936,382,38,403,67,392,52,101864
27,101937,232,84,256,107,244,95,101865
27,101938,427,291,448,307,437,299,101866
27,101939,38,120,54,146,46,133,101867
27,101940,71,129,87,155,79,142,101868
27,101941,57,97,80,123,68,110,101869
27,101942,254,143,278,167,266,155,101870
27,101943,229,46,250,70,239,58,101871
27,101944,199,13,220,37,209,25,101872
27,101945,217,24,237,44,227,34,101873
27,101946,37,159,55,177,46,168,101874
27,101947,356,271,378,289,367,280,101875
27,101948,134,290,151,316,142,303,101876
27,101949,329,248,363,265,346,256,101877
27,101950,40,88,56,113,48,100,101878
27,101951,441,283,469,300,455,291,101879
27,101952,0,206,15,229,7,217,101880
27,101953,30,272,47,295,38,283,101881
27,101954,448,300,479,331,463,315,101882
27,101955,273,0,290,27,281,13,101883
27,101956,322,3,339,21,330,12,101884
27,101957,205,36,223,68,214,52,101885
27,101958,218,0,242,12,230,6,101886
27,101959,192,63,218,86,205,74,101887
27,101960,355,303,380,324,367,313,101888
27,101961,128,0,188,22,158,11,101889
27,101962,586,4,607,22,596,13,101890
27,101963,262,245,286,267,274,256,101891
27,101964,52,16,66,53,59,34,101892
27,101965,133,0,151,13,142,6,101893
27,101966,630,68,639,89,634,78,101894
27,101967,164,0,178,5,171,2,101895
27,101968,632,323,639,338,635,330,101896
27,101969,364,288,389,318,376,303,101897
27,101970,564,351,593,359,578,355,101898
27,101971,67,20,81,40,74,30,
28,101972,444,0,532,73,488,36,101899
28,101973,539,247,571,274,555,260,101900
28,101974,596,233,621,263,608,248,101901
28,101975,469,183,490,228,479,205,101902
28,101976,597,127,623,165,610,146,101903
28,101977,267,1,346,49,306,25,101904
28,101978,382,121,402,157,392,139,101905
28,101979,527,70,554,97,540,83,101906
28,101980,417,113,441,145,429,129,101907
28,101981,529,161,553,192,541,176,101908
28,101982,60,164,84,186,72,175,101909
28,101983,544,207,578,231,561,219,101910
28,101984,96,167,116,199,106,183,101911
28,101985,204,80,221,110,212,95,101912
28,101986,359,43,381,68,370,55,101913
28,101987,496,85,519,116,507,100,101914
28,101988,28,236,42,259,35,247,101915
28,101989,208,316,230,346,219,331,101916
28,101990,400,265,421,293,410,279,101917
28,101991,315,128,337,153,326,140,101918
28,101992,300,52,321,85,310,68,101919
28,101993,245,51,263,82,254,66,101920
28,101994,608,0,634,21,621,10,101921
28,101995,307,98,334,121,320,109,101922
28,101996,277,290,302,312,289,301,101923
28,101997,271,74,292,105,281,89,101924
28,101998,500,27,524,58,512,42,101925
28,101999,573,69,609,97,591,83,101926
28,102000,530,25,553,38,541,31,101927
28,102001,262,178,281,210,271,194,101928
28,102002,448,19,466,49,457,34,101929
28,102003,379,12,406,39,392,25,101930
28,102004,612,43,637,75,624,59,101931
28,102005,293,227,315,251,304,239,101932
28,102006,349,68,379,91,364,79,101933
28,102007,335,225,353,250,344,237,101934
28,102008,119,89,137,114,128,101,101935
28,102009,382,38,403,67,392,52,101936
28,102010,232,84,256,107,244,95,101937
28,102011,427,291,448,307,437,299,101938
28,102012,38,120,54,146,46,133,101939
28,102013,71,129,87,155,79,142,101940
28,102014,57,97,80,123,68,110,101941
28,102015,256,142,279,166,267,154,101942
28,102016,229,47,250,70,239,58,101943
28,102017,199,13,220,37,209,25,101944
28,102018,217,24,237,44,227,34,101945
28,102019,37,159,55,177,46,168,101946
28,102020,356,271,379,289,367,280,101947
28,102021,134,290,151,316,142,303,101948
28,102022,329,249,362,266,345,257,101949
28,102023,40,88,56,113,48,100,101950
28,102024,441,283,470,300,455,291,101951
28,102025,0,206,15,229,7,217,101952
28,102026,30,272,47,295,38,283,101953
28,102027,448,300,479,331,463,315,101954
28,102028,273,0,290,27,281,13,101955
28,102029,322,3,339,21,330,12,101956
28,102030,205,36,223,68,214,52,101957
28,102031,218,0,242,13,230,6,101958
28,102032,193,63,218,86,205,74,101959
28,102033,356,305,382,326,369,315,101960
28,102034,128,0,188,22,158,11,101961
28,102035,586,4,607,22,596,13,101962
28,102036,262,245,286,267,274,256,101963
28,102037,52,16,66,53,59,34,101964
28,102038,133,0,151,13,142,6,101965
28,102039,630,68,639,89,634,78,101966
28,102040,164,0,178,5,171,2,101967
28,102041,632,323,639,338,635,330,101968
28,102042,365,288,390,319,377,303,101969
28,102043,564,351,593,359,578,355,101970
28,102044,67,20,81,40,74,30,101971
29,102045,444,0,532,73,488,36,101972
29,102046,539,247,570,274,554,260,101973
29,102047,596,233,621,263,608,248,101974
29,102048,469,183,490,228,479,205,101975
29,102049,597,127,623,165,610,146,101976
29,102050,267,1,346,49,306,25,101977
29,102051,382,121,402,157,392,139,101978
29,102052,528,70,554,97,541,83,101979
29,102053,417,113,441,145,429,129,101980
29,102054,529,161,553,192,541,176,101981
29,102055,60,164,84,186,72,175,101982
29,102056,543,207,578,231,560,219,101983
29,102057,96,167,116,199,106,183,101984
29,102058,204,80,221,109,212,94,101985
29,102059,359,43,381,69,370,56,101986
29,102060,496,85,519,116,507,100,101987
29,102061,28,236,42,259,35,247,101988
29,102062,208,316,230,346,219,331,101989
29,102063,399,268,421,293,410,280,101990
29,102064,315,128,337,153,326,140,101991
29,102065,300,52,321,85,310,68,101992
29,102066,245,51,263,82,254,66,101993
29,102067,608,0,634,21,621,10,101994
29,102068,307,98,334,121,320,109,101995
29,102069,277,290,302,312,289,301,101996
29,102070,271,75,292,105,281,90,101997
29,102071,501,27,524,58,512,42,101998
29,102072,573,69,609,97,591,83,101999
29,102073,529,25,551,38,540,31,102000
29,102074,261,177,281,210,271,193,102001
29,102075,448,19,466,49,457,34,102002
29,102076,379,12,406,39,392,25,102003
29,102077,612,44,637,75,624,59,102004
29,102078,293,227,315,251,304,239,102005
29,102079,349,68,379,91,364,79,102006
29,102080,335,227,353,250,344,238,102007
29,102081,119,89,137,114,128,101,102008
29,102082,382,38,403,67,392,52,102009
29,102083,232,84,256,107,244,95,102010
29,102084,427,291,448,307,437,299,102011
29,102085,38,120,54,146,46,133,102012
29,102086,71,129,88,155,79,142,102013
29,102087,57,97,80,123,68,110,102014
29,102088,257,141,280,165,268,153,102015
29,102089,229,47,250,70,239,58,102016
29,102090,199,13,220,37,209,25,102017
29,102091,217,24,237,44,227,34,102018
29,102092,38,159,55,177,46,168,102019
29,102093,357,271,380,289,368,280,102020
29,102094,134,290,151,316,142,303,102021
29,102095,329,250,362,266,345,258,102022
29,102096,40,88,56,113,48,100,102023
29,102097,441,282,469,300,455,291,102024
29,102098,0,206,15,229,7,217,102025
29,102099,30,272,47,295,38,283,102026
29,102100,448,300,479,331,463,315,102027
29,102101,273,0,290,27,281,13,102028
29,102102,322,3,339,21,330,12,102029
29,102103,205,36,223,68,214,52,102030
29,102104,218,0,242,13,230,6,102031
29,102105,194,64,218,86,206,75,102032
29,102106,358,308,383,327,370,317,102033
29,102107,128,0,188,22,158,11,102034
29,102108,586,4,607,22,596,13,102035
29,102109,262,245,286,267,274,256,102036
29,102110,52,16,66,53,59,34,102037
29,102111,133,0,151,12,142,6,102038
29,102112,630,68,639,89,634,78,102039
29,102113,164,0,178,5,171,2,102040
29,102114,632,323,639,338,635,330,102041
29,102115,370,295,391,319,380,307,102042
29,102116,564,351,593,359,578,355,102043
29,102117,582,325,603,347,592,336,
29,102118,23,188,47,202,35,195,
30,102119,444,0,532,73,488,36,102045
30,102120,539,247,571,274,555,260,102046
30,102121,596,233,621,263,608,248,102047
30,102122,469,183,490,228,479,205,102048
30,102123,597,127,623,165,610,146,102049
30,102124,267,1,346,49,306,25,102050
30,102125,382,121,402,157,392,139,102051
30,102126,528,70,554,97,541,83,102052
30,102127,417,113,442,145,429,129,102053
30,102128,529,161,553,192,541,176,102054
30,102129,60,164,84,186,72,175,102055
30,102130,543,207,578,231,560,219,102056
30,102131,96,167,116,199,106,183,102057
30,102132,204,79,223,107,213,93,102058
30,102133,359,43,381,69,370,56,102059
30,102134,496,85,519,116,507,100,102060
30,102135,28,236,42,259,35,247,102061
30,102136,208,316,230,346,219,331,102062
30,102137,399,270,422,293,410,281,102063
30,102138,315,128,337,153,326,140,102064
30,102139,300,52,321,85,310,68,102065
30,102140,245,51,263,82,254,66,102066
30,102141,608,0,634,21,621,10,102067
30,102142,307,98,334,121,320,109,102068
30,102143,277,290,302,312,289,301,102069
30,102144,271,75,291,105,281,90,102070
30,102145,500,27,524,58,512,42,102071
30,102146,573,68,609,97,591,82,102072
30,102147,528,25,550,37,539,31,102073
30,102148,261,178,281,210,271,194,102074
30,102149,448,19,466,49,457,34,102075
30,102150,379,12,406,39,392,25,102076
30,102151,612,44,637,75,624,59,102077
30,102152,293,227,315,251,304,239,102078
30,102153,349,68,379,91,364,79,102079
30,102154,333,229,353,251,343,240,102080
30,102155,119,89,137,114,128,101,102081
30,102156,382,38,403,67,392,52,102082
30,102157,232,84,256,107,244,95,102083
30,102158,427,291,448,306,437,298,102084
30,102159,38,120,54,146,46,133,102085
30,102160,71,129,87,155,79,142,102086
30,102161,57,97,80,123,68,110,102087
30,102162,258,140,280,165,269,152,102088
30,102163,229,47,250,70,239,58,102089
30,102164,199,13,220,37,209,25,102090
30,102165,216,24,237,44,226,34,102091
30,102166,38,159,56,177,47,168,102092
30,102167,358,271,381,288,369,279,102093
30,102168,134,290,151,316,142,303,102094
30,102169,329,251,362,265,345,258,102095
30,102170,40,88,56,113,48,100,102096
30,102171,440,281,469,300,454,290,102097
30,102172,0,206,15,229,7,217,102098
30,102173,30,272,47,295,38,283,102099
30,102174,448,300,479,331,463,315,102100
30,102175,273,0,289,27,281,13,102101
30,102176,322,3,339,21,330,12,102102
30,102177,205,36,223,68,214,52,102103
30,102178,218,0,242,12,230,6,102104
30,102179,193,63,218,86,205,74,102105
30,102180,362,310,385,328,373,319,102106
30,102181,128,0,188,22,158,11,102107
30,102182,586,4,607,22,596,13,102108
30,102183,262,245,286,267,274,256,102109
30,102184,52,16,66,53,59,34,102110
30,102185,133,0,151,12,142,6,102111
30,102186,630,68,639,89,634,78,102112
30,102187,164,0,178,5,171,2,102113
30,102188,632,323,639,338,635,330,102114
30,102189,371,298,391,319,381,308,102115
30,102190,565,351,593,359,579,355,102116
30,102191,582,325,603,346,592,335,102117
30,102192,24,188,47,202,35,195,102118
30,102193,67,20,81,40,74,30,
31,102194,444,0,532,73,488,36,102119
31,102195,539,247,570,274,554,260,102120
31,102196,596,233,621,263,608,248,102121
31,102197,469,183,490,228,479,205,102122
31,102198,597,127,623,165,610,146,102123
31,102199,267,1,346,49,306,25,102124
31,102200,382,121,402,157,392,139,102125
31,102201,528,70,553,97,540,83,102126
31,102202,417,113,442,145,429,129,102127
31,102203,529,161,553,192,541,176,102128
31,102204,60,164,84,186,72,175,102129
31,102205,543,207,578,231,560,219,102130
31,102206,96,167,116,199,106,183,102131
31,102207,204,78,224,107,214,92,102132
31,102208,359,43,381,69,370,56,102133
31,102209,496,85,519,116,507,100,102134
31,102210,28,236,42,259,35,247,102135
31,102211,208,317,230,346,219,331,102136
31,102212,399,270,423,293,411,281,102137
31,102213,315,128,337,153,326,140,102138
31,102214,300,52,321,85,310,68,102139
31,102215,245,51,264,82,254,66,102140
31,102216,608,0,634,21,621,10,102141
31,102217,307,98,334,120,320,109,102142
31,102218,277,290,302,312,289,301,102143
31,102219,271,74,291,105,281,89,102144
31,102220,500,27,524,58,512,42,102145
31,102221,573,69,609,97,591,83,102146
31,102222,528,25,550,37,539,31,102147
31,102223,261,177,281,211,271,194,102148
31,102224,448,19,466,49,457,34,102149
31,102225,379,12,406,39,392,25,102150
31,102226,612,44,636,75,624,59,102151
31,102227,293,227,315,251,304,239,102152
31,102228,349,68,379,91,364,79,102153
31,102229,331,229,353,251,342,240,102154
31,102230,119,89,137,114,128,101,102155
31,102231,382,38,402,67,392,52,102156
31,102232,232,84,256,107,244,95,102157
31,102233,427,291,448,306,437,298,102158
31,102234,38,120,54,146,46,133,102159
31,102235,71,129,87,155,79,142,102160
31,102236,57,97,80,123,68,110,102161
31,102237,259,140,280,165,269,152,102162
31,102238,229,47,250,70,239,58,102163
31,102239,199,13,220,36,209,24,102164
31,102240,216,24,237,44,226,34,102165
31,102241,38,159,55,177,46,168,102166
31,102242,359,271,382,288,370,279,102167
31,102243,134,290,151,316,142,303,102168
31,102244,329,252,362,265,345,258,102169
31,102245,40,88,56,114,48,101,102170
31,102246,440,280,468,299,454,289,102171
31,102247,0,206,15,228,7,217,102172
31,102248,30,272,47,295,38,283,102173
31,102249,448,301,479,331,463,316,102174
31,102250,273,0,289,27,281,13,102175
31,102251,322,3,339,21,330,12,102176
31,102252,205,36,223,68,214,52,102177
31,102253,218,0,241,12,229,6,102178
31,102254,193,63,217,86,205,74,102179
31,102255,363,310,386,328,374,319,102180
31,102256,128,0,188,22,158,11,102181
31,102257,586,4,607,22,596,13,102182
31,102258,262,245,286,267,274,256,102183
31,102259,52,16,66,53,59,34,102184
31,102260,133,0,151,12,142,6,102185
31,102261,630,68,639,90,634,79,102186
31,102262,164,0,178,5,171,2,102187
31,102263,632,323,639,338,635,330,102188
31,102264,372,298,391,319,381,308,102189
31,102265,564,351,593,359,578,355,102190
31,102266,582,325,603,346,592,335,102191
31,102267,24,188,47,202,35,195,102192
32,102268,444,0,532,73,488,36,102194
32,102269,539,247,570,274,554,260,102195
32,102270,596,233,621,263,608,248,102196
32,102271,469,183,490,228,479,205,102197
32,102272,597,127,623,165,610,146,102198
32,102273,267,1,346,49,306,25,102199
32,102274,382,121,402,157,392,139,102200
32,102275,528,70,553,97,540,83,102201
32,102276,417,113,442,145,429,129,102202
32,102277,529,161,553,192,541,176,102203
32,102278,60,164,84,186,72,175,102204
32,102279,543,207,577,231,560,219,102205
32,102280,96,167,116,199,106,183,102206
32,102281,205,78,225,105,215,91,102207
32,102282,359,43,381,69,370,56,102208
32,102283,496,85,519,116,507,100,102209
32,102284,28,236,42,259,35,247,102210
32,102285,208,317,230,346,219,331,102211
32,102286,398,271,423,294,410,282,102212
32,102287,315,128,337,153,326,140,102213
32,102288,300,52,321,85,310,68,102214
32,102289,245,51,264,82,254,66,102215
32,102290,608,0,634,21,621,10,102216
32,102291,307,98,334,120,320,109,102217
32,102292,277,290,302,312,289,301,102218
32,102293,271,74,291,105,281,89,102219
32,102294,501,27,524,58,512,42,102220
32,102295,573,69,609,97,591,83,102221
32,102296,528,25,549,37,538,31,102222
32,102297,261,177,281,211,271,194,102223
32,102298,447,19,466,49,456,34,102224
32,102299,379,12,406,39,392,25,102225
32,102300,612,44,636,75,624,59,102226
32,102301,293,228,315,251,304,239,102227
32,102302,349,68,380,91,364,79,102228
32,102303,331,230,354,251,342,240,102229
32,102304,119,89,137,114,128,101,102230
32,102305,382,38,402,67,392,52,102231
32,102306,232,84,256,107,244,95,102232
32,102307,427,291,448,306,437,298,102233
32,102308,38,120,54,146,46,133,102234
32,102309,71,129,87,155,79,142,102235
32,102310,57,97,80,123,68,110,102236
32,102311,259,140,280,165,269,152,102237
32,102312,229,47,250,70,239,58,102238
32,102313,200,13,220,36,210,24,102239
32,102314,217,24,237,44,227,34,102240
32,102315,38,159,55,177,46,168,102241
32,102316,360,270,383,288,371,279,102242
32,102317,134,290,151,316,142,303,102243
32,102318,329,252,362,265,345,258,102244
32,102319,40,88,56,114,48,101,102245
32,102320,440,280,468,299,454,289,102246
32,102321,0,206,16,228,8,217,102247
32,102322,30,272,47,295,38,283,102248
32,102323,448,300,479,331,463,315,102249
32,102324,273,0,289,27,281,13,102250
32,102325,322,3,339,21,330,12,102251
32,102326,205,36,223,68,214,52,102252
32,102327,218,0,242,12,230,6,102253
32,102328,192,63,217,85,204,74,102254
32,102329,128,0,188,22,158,11,102256
32,102330,586,4,607,22,596,13,102257
32,102331,262,245,286,266,274,255,102258
32,102332,52,16,66,53,59,34,102259
32,102333,133,0,151,12,142,6,102260
32,102334,630,68,639,90,634,79,102261
32,102335,164,0,178,5,171,2,102262
32,102336,632,323,639,338,635,330,102263
32,102337,368,301,392,325,380,313,102264
32,102338,564,351,593,359,578,355,102265
32,102339,582,325,604,346,593,335,102266
32,102340,24,188,47,202,35,195,102267
33,102341,444,0,532,73,488,36,102268
33,102342,539,247,570,274,554,260,102269
33,102343,596,233,621,263,608,248,102270
33,102344,469,183,490,228,479,205,102271
33,102345,597,127,623,165,610,146,102272
33,102346,267,1,346,49,306,25,102273
33,102347,382,121,402,157,392,139,102274
33,102348,528,70,553,97,540,83,102275
33,102349,417,113,442,145,429,129,102276
33,102350,529,161,553,192,541,176,102277
33,102351,60,164,84,186,72,175,102278
33,102352,543,207,577,231,560,219,102279
33,102353,96,167,116,199,106,183,102280
33,102354,206,75,226,102,216,88,102281
33,102355,359,43,381,68,370,55,102282
33,102356,496,85,519,116,507,100,102283
33,102357,28,236,42,259,35,247,102284
33,102358,208,317,230,346,219,331,102285
33,102359,398,272,423,295,410,283,102286
33,102360,315,128,337,153,326,140,102287
33,102361,300,52,322,85,311,68,102288
33,102362,245,50,264,82,254,66,102289
33,102363,608,0,634,21,621,10,102290
33,102364,307,98,334,120,320,109,102291
33,102365,277,290,302,312,289,301,102292
33,102366,271,74,291,105,281,89,102293
33,102367,501,27,524,58,512,42,102294
33,102368,573,69,609,97,591,83,102295
33,102369,527,25,549,37,538,31,102296
33,102370,261,178,281,210,271,194,102297
33,102371,447,19,466,49,456,34,102298
33,102372,379,12,406,39,392,25,102299
33,102373,612,44,636,75,624,59,102300
33,102374,293,228,315,251,304,239,102301
33,102375,349,68,379,91,364,79,102302
33,102376,332,231,354,251,343,241,102303
33,102377,119,89,137,114,128,101,102304
33,102378,382,38,402,67,392,52,102305
33,102379,232,84,256,107,244,95,102306
33,102380,427,291,448,306,437,298,102307
33,102381,38,120,54,146,46,133,102308
33,102382,71,129,87,155,79,142,102309
33,102383,57,97,80,123,68,110,102310
33,102384,260,140,280,164,270,152,102311
33,102385,229,47,250,70,239,58,102312
33,102386,200,13,220,36,210,24,102313
33,102387,217,24,237,44,227,34,102314
33,102388,38,158,55,177,46,167,102315
33,102389,360,270,385,287,372,278,102316
33,102390,134,291,151,316,142,303,102317
33,102391,329,252,363,266,346,259,102318
33,102392,40,88,56,114,48,101,102319
33,102393,441,280,467,299,454,289,102320
33,102394,0,206,16,228,8,217,102321
33,102395,30,272,47,295,38,283,102322
33,102396,448,300,479,331,463,315,102323
33,102397,273,0,289,27,281,13,102324
33,102398,322,3,339,21,330,12,102325
33,102399,205,36,223,68,214,52,102326
33,102400,218,0,242,12,230,6,102327
33,102401,128,0,188,22,158,11,102329
33,102402,586,4,607,22,596,13,102330
33,102403,261,245,286,266,273,255,102331
33,102404,52,16,66,53,59,34,102332
33,102405,133,0,151,12,142,6,102333
33,102406,630,68,639,90,634,79,102334
33,102407,164,0,178,5,171,2,102335
33,102408,632,323,639,338,635,330,102336
33,102409,368,304,394,327,381,315,102337
33,102410,564,351,593,359,578,355,102338
33,102411,582,325,605,346,593,335,102339
33,102412,24,188,47,202,35,195,102340
34,102413,444,0,532,73,488,36,102341
34,102414,539,247,570,274,554,260,102342
34,102415,596,233,621,263,608,248,102343
34,102416,469,183,490,228,479,205,102344
34,102417,597,127,623,165,610,146,102345
34,102418,267,1,346,49,306,25,102346
34,102419,382,121,402,157,392,139,102347
34,102420,528,70,553,97,540,83,102348
34,102421,417,113,442,145,429,129,102349
34,102422,529,161,553,192,541,176,102350
34,102423,60,164,84,186,72,175,102351
34,102424,543,207,577,231,560,219,102352
34,102425,96,167,116,199,106,183,102353
34,102426,197,67,227,100,212,83,102354
34,102427,360,43,381,69,370,56,102355
34,102428,496,85,519,116,507,100,102356
34,102429,28,236,42,259,35,247,102357
34,102430,208,317,231,346,219,331,102358
34,102431,398,272,423,296,410,284,102359
34,102432,315,127,337,153,326,140,102360
34,102433,300,52,322,85,311,68,102361
34,102434,245,50,264,82,254,66,102362
34,102435,608,0,634,21,621,10,102363
34,102436,307,98,334,120,320,109,102364
34,102437,277,290,302,312,289,301,102365
34,102438,271,75,291,105,281,90,102366
34,102439,501,27,523,58,512,42,102367
34,102440,573,69,609,97,591,83,102368
34,102441,528,25,549,37,538,31,102369
34,102442,261,178,281,211,271,194,102370
34,102443,447,19,466,49,456,34,102371
34,102444,379,12,406,39,392,25,102372
34,102445,612,44,636,75,624,59,102373
34,102446,293,228,315,251,304,239,102374
34,102447,349,68,379,91,364,79,102375
34,102448,332,233,355,252,343,242,102376
34,102449,119,89,137,114,128,101,102377
34,102450,382,38,403,67,392,52,102378
34,102451,232,84,256,107,244,95,102379
34,102452,426,291,448,307,437,299,102380
34,102453,38,120,54,146,46,133,102381
34,102454,71,129,87,155,79,142,102382
34,102455,57,97,80,123,68,110,102383
34,102456,260,140,280,164,270,152,102384
34,102457,229,48,250,70,239,59,102385
34,102458,200,13,220,35,210,24,102386
34,102459,217,24,237,44,227,34,102387
34,102460,38,158,55,177,46,167,102388
34,102461,362,269,386,287,374,278,102389
34,102462,134,291,151,316,142,303,102390
34,102463,329,252,363,266,346,259,102391
34,102464,40,87,56,114,48,100,102392
34,102465,441,279,467,299,454,289,102393
34,102466,0,206,16,228,8,217,102394
34,102467,30,272,47,295,38,283,102395
34,102468,448,300,479,331,463,315,102396
34,102469,273,0,289,27,281,13,102397
34,102470,322,3,339,21,330,12,102398
34,102471,205,36,223,67,214,51,102399
34,102472,218,0,242,11,230,5,102400
34,102473,128,0,188,22,158,11,102401
34,102474,586,4,607,22,596,13,102402
34,102475,260,245,286,266,273,255,102403
34,102476,52,17,66,53,59,35,102404
34,102477,133,0,151,12,142,6,102405
34,102478,630,68,639,90,634,79,102406
34,102479,164,0,178,5,171,2,102407
34,102480,632,323,639,338,635,330,102408
34,102481,369,308,396,328,382,318,102409
34,102482,563,351,593,359,578,355,102410
34,102483,582,325,606,346,594,335,102411
34,102484,24,188,47,202,35,195,102412
35,102485,444,0,532,73,488,36,102413
35,102486,539,247,570,274,554,260,102414
35,102487,596,233,621,263,608,248,102415
35,102488,469,183,490,228,479,205,102416
35,102489,597,127,623,165,610,146,102417
35,102490,267,1,346,49,306,25,102418
35,102491,382,121,402,157,392,139,102419
35,102492,528,70,553,97,540,83,102420
35,102493,417,113,442,145,429,129,102421
35,102494,529,161,553,192,541,176,102422
35,102495,60,164,84,186,72,175,102423
35,102496,543,207,577,231,560,219,102424
35,102497,96,167,116,199,106,183,102425
35,102498,194,64,227,98,210,81,102426
35,102499,360,43,381,69,370,56,102427
35,102500,496,85,519,116,507,100,102428
35,102501,28,236,42,259,35,247,102429
35,102502,208,317,231,346,219,331,102430
35,102503,398,273,423,296,410,284,102431
35,102504,315,127,337,153,326,140,102432
35,102505,300,52,322,85,311,68,102433
35,102506,245,50,264,82,254,66,102434
35,102507,609,0,634,21,621,10,102435
35,102508,307,98,334,120,320,109,102436
35,102509,277,290,302,312,289,301,102437
35,102510,271,75,291,105,281,90,102438
35,102511,501,27,523,58,512,42,102439
35,102512,573,69,609,97,591,83,102440
35,102513,528,25,549,37,538,31,102441
35,102514,261,178,281,211,271,194,102442
35,102515,447,19,466,50,456,34,102443
35,102516,379,12,406,39,392,25,102444
35,102517,612,44,636,75,624,59,102445
35,102518,294,228,315,251,304,239,102446
35,102519,349,68,379,91,364,79,102447
35,102520,119,89,137,114,128,101,102449
35,102521,382,38,403,67,392,52,102450
35,102522,232,84,256,107,244,95,102451
35,102523,426,292,448,307,437,299,102452
35,102524,38,120,54,146,46,133,102453
35,102525,71,129,87,155,79,142,102454
35,102526,57,97,80,123,68,110,102455
35,102527,260,139,281,164,270,151,102456
35,102528,229,48,249,71,239,59,102457
35,102529,200,13,220,35,210,24,102458
35,102530,217,24,238,44,227,34,102459
35,102531,38,158,55,177,46,167,102460
35,102532,363,268,388,286,375,277,102461
35,102533,134,291,151,316,142,303,102462
35,102534,329,240,362,266,345,253,102463
35,102535,40,87,56,114,48,100,102464
35,102536,441,279,466,299,453,289,102465
35,102537,0,206,15,228,7,217,102466
35,102538,30,272,47,295,38,283,102467
35,102539,449,300,479,331,464,315,102468
35,102540,273,0,289,27,281,13,102469
35,102541,322,3,339,21,330,12,102470
35,102542,205,36,223,67,214,51,102471
35,102543,218,0,242,10,230,5,102472
35,102544,128,0,188,22,158,11,102473
35,102545,586,4,607,22,596,13,102474
35,102546,260,245,286,266,273,255,102475
35,102547,52,17,66,53,59,35,102476
35,102548,133,0,151,12,142,6,102477
35,102549,630,68,639,90,634,79,102478
35,102550,164,0,178,4,171,2,102479
35,102551,632,323,639,338,635,330,102480
35,102552,371,311,397,329,384,320,102481
35,102553,563,351,593,359,578,355,102482
35,102554,582,325,606,346,594,335,102483
35,102555,24,188,47,202,35,195,102484
35,102556,200,275,221,294,210,284,
36,102557,444,0,532,73,488,36,102485
36,102558,539,247,570,274,554,260,102486
36,102559,596,233,621,263,608,248,102487
36,102560,469,183,490,228,479,205,102488
36,102561,596,127,623,165,609,146,102489
36,102562,267,1,346,49,306,25,102490
36,102563,382,121,402,157,392,139,102491
36,102564,528,70,553,97,540,83,102492
36,102565,417,113,442,145,429,129,102493
36,102566,529,161,553,192,541,176,102494
36,102567,60,164,84,186,72,175,102495
36,102568,543,207,577,231,560,219,102496
36,102569,96,167,116,199,106,183,102497
36,102570,193,62,227,96,210,79,102498
36,102571,360,43,381,69,370,56,102499
36,102572,496,85,519,116,507,100,102500
36,102573,28,236,42,259,35,247,102501
36,102574,208,317,231,346,219,331,102502
36,102575,397,273,423,296,410,284,102503
36,102576,315,127,337,153,326,140,102504
36,102577,300,52,322,85,311,68,102505
36,102578,245,50,264,82,254,66,102506
36,102579,609,0,634,21,621,10,102507
36,102580,307,98,334,120,320,109,102508
36,102581,277,290,302,312,289,301,102509
36,102582,271,75,291,105,281,90,102510
36,102583,501,27,523,58,512,42,102511
36,102584,573,69,610,97,591,83,102512
36,102585,528,25,549,37,538,31,102513
36,102586,261,178,281,211,271,194,102514
36,102587,447,19,466,50,456,34,102515
36,102588,379,12,406,39,392,25,102516
36,102589,612,44,636,75,624,59,102517
36,102590,294,228,315,251,304,239,102518
36,102591,349,68,380,91,364,79,102519
36,102592,119,89,137,114,128,101,102520
36,102593,382,38,403,67,392,52,102521
36,102594,232,84,256,107,244,95,102522
36,102595,426,292,448,307,437,299,102523
36,102596,38,120,54,146,46,133,102524
36,102597,71,129,87,155,79,142,102525
36,102598,57,97,80,123,68,110,102526
36,102599,260,139,281,163,270,151,102527
36,102600,229,48,250,71,239,59,102528
36,102601,200,13,220,35,210,24,102529
36,102602,217,24,238,44,227,34,102530
36,102603,38,158,55,177,46,167,102531
36,102604,364,268,389,286,376,277,102532
36,102605,134,291,151,317,142,304,102533
36,102606,329,238,361,266,345,252,102534
36,102607,40,87,56,114,48,100,102535
36,102608,440,279,466,298,453,288,102536
36,102609,0,206,15,228,7,217,102537
36,102610,30,272,47,295,38,283,102538
36,102611,449,300,479,331,464,315,102539
36,102612,273,0,290,27,281,13,102540
36,102613,322,3,339,21,330,12,102541
36,102614,205,36,222,66,213,51,102542
36,102615,218,0,243,10,230,5,102543
36,102616,128,0,188,22,158,11,102544
36,102617,586,4,607,22,596,13,102545
36,102618,260,246,286,266,273,256,102546
36,102619,52,17,66,53,59,35,102547
36,102620,133,0,151,12,142,6,102548
36,102621,630,68,639,90,634,79,102549
36,102622,164,0,178,5,171,2,102550
36,102623,632,323,639,338,635,330,102551
36,102624,374,314,400,330,387,322,102552
36,102625,564,351,593,359,578,355,102553
36,102626,582,324,606,346,594,335,102554
36,102627,24,188,47,202,35,195,102555
36,102628,200,275,221,294,210,284,102556
36,102629,371,297,397,315,384,306,
37,102630,444,0,532,73,488,36,102557
37,102631,539,247,570,274,554,260,102558
37,102632,596,233,621,263,608,248,102559
37,102633,469,183,490,228,479,205,102560
37,102634,596,127,623,165,609,146,102561
37,102635,267,1,346,49,306,25,102562
37,102636,381,121,402,157,391,139,102563
37,102637,528,70,553,97,540,83,102564
37,102638,417,113,442,145,429,129,102565
37,102639,529,161,553,192,541,176,102566
37,102640,60,164,84,186,72,175,102567
37,102641,543,207,577,231,560,219,102568
37,102642,96,167,116,198,106,182,102569
37,102643,192,61,227,96,209,78,102570
37,102644,360,43,381,69,370,56,102571
37,102645,496,85,519,116,507,100,102572
37,102646,28,236,42,259,35,247,102573
37,102647,208,317,231,346,219,331,102574
37,102648,397,273,423,296,410,284,102575
37,102649,315,127,337,153,326,140,102576
37,102650,300,52,321,85,310,68,102577
37,102651,245,50,264,82,254,66,102578
37,102652,609,0,634,21,621,10,102579
37,102653,307,98,334,120,320,109,102580
37,102654,277,290,302,312,289,301,102581
37,102655,271,75,291,105,281,90,102582
37,102656,501,27,523,58,512,42,102583
37,102657,573,69,609,97,591,83,102584
37,102658,527,25,549,37,538,31,102585
37,102659,261,177,281,210,271,193,102586
37,102660,447,19,466,50,456,34,102587
37,102661,379,12,406,39,392,25,102588
37,102662,612,44,636,75,624,59,102589
37,102663,294,228,315,251,304,239,102590
37,102664,349,68,379,91,364,79,102591
37,102665,119,89,137,114,128,101,102592
37,102666,382,38,403,67,392,52,102593
37,102667,232,84,256,107,244,95,102594
37,102668,426,292,448,306,437,299,102595
37,102669,38,120,54,146,46,133,102596
37,102670,71,129,87,155,79,142,102597
37,102671,57,97,80,123,68,110,102598
37,102672,260,139,282,162,271,150,102599
37,102673,229,48,250,71,239,59,102600
37,102674,200,13,220,35,210,24,102601
37,102675,217,24,238,44,227,34,102602
37,102676,38,158,55,177,46,167,102603
37,102677,364,268,390,286,377,277,102604
37,102678,134,291,151,317,142,304,102605
37,102679,329,236,361,266,345,251,102606
37,102680,40,87,56,114,48,100,102607
37,102681,440,278,466,298,453,288,102608
37,102682,0,206,15,228,7,217,102609
37,102683,30,272,47,295,38,283,102610
37,102684,450,300,479,331,464,315,102611
37,102685,273,0,290,27,281,13,102612
37,102686,322,3,339,21,330,12,102613
37,102687,205,36,222,66,213,51,102614
37,102688,218,0,243,10,230,5,102615
37,102689,128,0,188,22,158,11,102616
37,102690,586,4,607,22,596,13,102617
37,102691,259,246,286,266,272,256,102618
37,102692,52,17,66,53,59,35,102619
37,102693,133,0,151,12,142,6,102620
37,102694,630,68,639,90,634,79,102621
37,102695,164,0,178,5,171,2,102622
37,102696,632,323,639,338,635,330,102623
37,102697,375,314,401,331,388,322,102624
37,102698,564,351,593,359,578,355,102625
37,102699,582,324,606,346,594,335,102626
37,102700,24,187,47,202,35,194,102627
37,102701,200,275,221,294,210,284,102628
37,102702,372,297,398,315,385,306,102629
38,102703,444,0,532,73,488,36,102630
38,102704,539,247,570,274,554,260,102631
38,102705,596,233,621,263,608,248,102632
38,102706,469,183,490,228,479,205,102633
38,102707,596,127,623,165,609,146,102634
38,102708,267,1,346,49,306,25,102635
38,102709,381,121,402,157,391,139,102636
38,102710,528,70,553,97,540,83,102637
38,102711,417,113,442,145,429,129,102638
38,102712,529,161,553,192,541,176,102639
38,102713,60,164,84,185,72,174,102640
38,102714,543,207,577,231,560,219,102641
38,102715,96,167,116,198,106,182,102642
38,102716,192,61,227,95,209,78,102643
38,102717,360,43,381,69,370,56,102644
38,102718,496,85,519,116,507,100,102645
38,102719,28,236,42,259,35,247,102646
38,102720,208,317,231,346,219,331,102647
38,102721,397,273,423,296,410,284,102648
38,102722,315,127,337,153,326,140,102649
38,102723,300,52,321,85,310,68,102650
38,102724,245,50,265,82,255,66,102651
38,102725,609,0,635,21,622,10,102652
38,102726,307,98,334,120,320,109,102653
38,102727,277,290,302,312,289,301,102654
38,102728,271,75,291,105,281,90,102655
38,102729,501,27,523,58,512,42,102656
38,102730,573,69,610,97,591,83,102657
38,102731,527,25,549,37,538,31,102658
38,102732,261,178,281,211,271,194,102659
38,102733,447,19,466,50,456,34,102660
38,102734,379,12,406,39,392,25,102661
38,102735,612,44,636,75,624,59,102662
38,102736,294,228,315,251,304,239,102663
38,102737,349,68,380,91,364,79,102664
38,102738,119,89,137,114,128,101,102665
38,102739,382,38,403,67,392,52,102666
38,102740,232,84,256,107,244,95,102667
38,102741,426,292,448,306,437,299,102668
38,102742,38,120,54,146,46,133,102669
38,102743,71,129,87,155,79,142,102670
38,102744,57,97,80,123,68,110,102671
38,102745,260,138,282,161,271,149,102672
38,102746,229,48,250,71,239,59,102673
38,102747,200,13,220,35,210,24,102674
38,102748,217,24,238,44,227,34,102675
38,102749,38,158,55,177,46,167,102676
38,102750,365,268,391,287,378,277,102677
38,102751,134,291,151,317,142,304,102678
38,102752,329,237,360,266,344,251,102679
38,102753,40,87,56,114,48,100,102680
38,102754,440,278,466,298,453,288,102681
38,102755,0,206,15,228,7,217,102682
38,102756,30,272,47,295,38,283,102683
38,102757,450,300,479,331,464,315,102684
38,102758,273,0,290,27,281,13,102685
38,102759,322,3,339,21,330,12,102686
38,102760,205,36,222,65,213,50,102687
38,102761,218,0,243,10,230,5,102688
38,102762,128,0,188,22,158,11,102689
38,102763,586,4,607,22,596,13,102690
38,102764,259,246,286,266,272,256,102691
38,102765,52,16,66,53,59,34,102692
38,102766,133,0,151,12,142,6,102693
38,102767,630,68,639,90,634,79,102694
38,102768,164,0,178,5,171,2,102695
38,102769,632,323,639,338,635,330,102696
38,102770,377,315,403,331,390,323,102697
38,102771,564,351,593,359,578,355,102698
38,102772,582,324,606,346,594,335,102699
38,102773,24,187,47,202,35,194,102700
38,102774,200,275,221,294,210,284,102701
38,102775,373,295,399,315,386,305,102702
39,102776,444,0,532,73,488,36,102703
39,102777,539,247,570,274,554,260,102704
39,102778,596,233,621,263,608,248,102705
39,102779,469,183,490,228,479,205,102706
39,102780,596,127,623,165,609,146,102707
39,102781,267,1,346,49,306,25,102708
39,102782,381,121,402,157,391,139,102709
39,102783,528,70,553,97,540,83,102710
39,102784,417,113,442,146,429,129,102711
39,102785,529,161,553,192,541,176,102712
39,102786,60,164,84,186,72,175,102713
39,102787,543,207,577,231,560,219,102714
39,102788,96,167,116,199,106,183,102715
39,102789,192,61,227,94,209,77,102716
39,102790,360,43,381,69,370,56,102717
39,102791,496,85,519,116,507,100,102718
39,102792,28,236,42,259,35,247,102719
39,102793,208,317,231,346,219,331,102720
39,102794,397,273,422,296,409,284,102721
39,102795,315,127,337,153,326,140,102722
39,102796,300,52,321,85,310,68,102723
39,102797,246,50,265,82,255,66,102724
39,102798,609,0,635,21,622,10,102725
39,102799,307,98,334,120,320,109,102726
39,102800,277,290,302,312,289,301,102727
39,102801,271,75,291,105,281,90,102728
39,102802,501,27,523,58,512,42,102729
39,102803,573,69,610,97,591,83,102730
39,102804,527,25,549,37,538,31,102731
39,102805,261,178,281,211,271,194,102732
39,102806,447,19,466,50,456,34,102733
39,102807,379,12,406,39,392,25,102734
39,102808,612,44,637,75,624,59,102735
39,102809,293,227,315,251,304,239,102736
39,102810,349,68,380,91,364,79,102737
39,102811,119,89,137,114,128,101,102738
39,102812,382,38,403,67,392,52,102739
39,102813,232,84,256,107,244,95,102740
39,102814,426,292,448,306,437,299,102741
39,102815,38,120,54,146,46,133,102742
39,102816,71,129,87,155,79,142,102743
39,102817,57,97,80,123,68,110,102744
39,102818,260,137,282,160,271,148,102745
39,102819,229,48,249,71,239,59,102746
39,102820,200,13,220,35,210,24,102747
39,102821,217,24,238,44,227,34,102748
39,102822,38,158,55,177,46,167,102749
39,102823,366,269,392,288,379,278,102750
39,102824,134,291,151,317,142,304,102751
39,102825,329,239,361,269,345,254,102752
39,102826,40,87,56,114,48,100,102753
39,102827,440,278,466,298,453,288,102754
39,102828,0,206,15,228,7,217,102755
39,102829,30,272,47,295,38,283,102756
39,102830,450,300,479,331,464,315,102757
39,102831,273,0,291,28,282,14,102758
39,102832,322,3,339,21,330,12,102759
39,102833,205,36,222,65,213,50,102760
39,102834,218,0,244,9,231,4,102761
39,102835,128,0,188,22,158,11,102762
39,102836,586,4,607,22,596,13,102763
39,102837,258,246,286,266,272,256,102764
39,102838,52,17,66,53,59,35,102765
39,102839,133,0,151,12,142,6,102766
39,102840,630,68,639,90,634,79,102767
39,102841,164,0,178,5,171,2,102768
39,102842,632,323,639,338,635,330,102769
39,102843,380,315,406,332,393,323,102770
39,102844,564,351,593,359,578,355,102771
39,102845,582,325,606,346,594,335,102772
39,102846,24,187,47,202,35,194,102773
39,102847,200,275,221,294,210,284,102774
39,102848,373,294,399,315,386,304,102775
40,102849,444,0,532,73,488,36,102776
40,102850,539,247,570,274,554,260,102777
40,102851,596,233,621,263,608,248,102778
40,102852,469,183,490,228,479,205,102779
40,102853,596,127,623,165,609,146,102780
40,102854,267,1,346,49,306,25,102781
40,102855,381,121,402,157,391,139,102782
40,102856,528,70,553,97,540,83,102783
40,102857,417,112,442,146,429,129,102784
40,102858,529,161,553,192,541,176,102785
40,102859,60,164,84,185,72,174,102786
40,102860,543,207,577,231,560,219,102787
40,102861,96,167,116,199,106,183,102788
40,102862,192,61,227,92,209,76,102789
40,102863,359,43,381,69,370,56,102790
40,102864,496,85,519,116,507,100,102791
40,102865,28,236,42,259,35,247,102792
40,102866,208,317,231,346,219,331,102793
40,102867,397,273,422,296,409,284,102794
40,102868,314,127,337,153,325,140,102795
40,102869,300,52,322,85,311,68,102796
40,102870,246,50,265,82,255,66,102797
40,102871,609,0,635,21,622,10,102798
40,102872,307,98,334,121,320,109,102799
40,102873,277,290,302,312,289,301,102800
40,102874,271,75,291,105,281,90,102801
40,102875,501,28,523,58,512,43,102802
40,102876,573,69,610,97,591,83,102803
40,102877,526,23,549,36,537,29,102804
40,102878,261,177,281,210,271,193,102805
40,102879,447,19,466,50,456,34,102806
40,102880,379,12,406,39,392,25,102807
40,102881,612,44,637,75,624,59,102808
40,102882,293,227,315,251,304,239,102809
40,102883,349,68,379,91,364,79,102810
40,102884,119,89,137,114,128,101,102811
40,102885,382,38,403,67,392,52,102812
40,102886,232,84,256,107,244,95,102813
40,102887,426,292,448,306,437,299,102814
40,102888,38,120,54,146,46,133,102815
40,102889,72,129,87,155,79,142,102816
40,102890,57,97,80,123,68,110,102817
40,102891,260,135,283,158,271,146,102818
40,102892,229,48,249,71,239,59,102819
40,102893,200,13,220,35,210,24,102820
40,102894,217,24,238,44,227,34,102821
40,102895,38,158,55,177,46,167,102822
40,102896,368,270,393,289,380,279,102823
40,102897,134,291,151,318,142,304,102824
40,102898,340,241,362,270,351,255,102825
40,102899,40,87,56,114,48,100,102826
40,102900,439,277,466,298,452,287,102827
40,102901,0,206,15,228,7,217,102828
40,102902,30,272,47,295,38,283,102829
40,102903,450,300,479,331,464,315,102830
40,102904,273,0,291,29,282,14,102831
40,102905,322,3,339,21,330,12,102832
40,102906,205,36,222,65,213,50,102833
40,102907,217,0,244,9,230,4,102834
40,102908,128,0,188,22,158,11,102835
40,102909,586,4,607,22,596,13,102836
40,102910,258,246,286,266,272,256,102837
40,102911,52,17,66,53,59,35,102838
40,102912,133,0,151,12,142,6,102839
40,102913,630,68,639,90,634,79,102840
40,102914,164,0,178,5,171,2,102841
40,102915,632,323,639,338,635,330,102842
40,102916,382,316,409,333,395,324,102843
40,102917,564,351,593,359,578,355,102844
40,102918,582,325,606,346,594,335,102845
40,102919,23,187,47,203,35,195,102846
40,102920,200,275,221,294,210,284,102847
40,102921,374,295,399,315,386,305,102848
40,102922,526,14,549,36,537,25,
41,102923,445,0,533,73,489,36,102849
41,102924,539,247,570,274,554,260,102850
41,102925,596,233,621,263,608,248,102851
41,102926,469,183,490,228,479,205,102852
41,102927,596,127,623,165,609,146,102853
41,102928,267,1,346,49,306,25,102854
41,102929,381,121,402,157,391,139,102855
41,102930,528,70,553,97,540,83,102856
41,102931,417,112,442,145,429,128,102857
41,102932,529,161,553,192,541,176,102858
41,102933,60,164,84,185,72,174,102859
41,102934,543,207,577,231,560,219,102860
41,102935,96,167,116,199,106,183,102861
41,102936,205,61,227,91,216,76,102862
41,102937,359,43,381,69,370,56,102863
41,102938,496,85,519,116,507,100,102864
41,102939,28,236,42,259,35,247,102865
41,102940,208,317,231,346,219,331,102866
41,102941,397,273,422,297,409,285,102867
41,102942,315,127,337,153,326,140,102868
41,102943,300,52,322,85,311,68,102869
41,102944,246,49,265,82,255,65,102870
41,102945,609,0,635,21,622,10,102871
41,102946,307,98,334,121,320,109,102872
41,102947,277,290,302,312,289,301,102873
41,102948,271,75,291,105,281,90,102874
41,102949,501,28,523,58,512,43,102875
41,102950,573,69,610,97,591,83,102876
41,102951,524,23,548,36,536,29,102877
41,102952,261,177,281,210,271,193,102878
41,102953,447,19,466,50,456,34,102879
41,102954,379,12,406,39,392,25,102880
41,102955,612,44,637,75,624,59,102881
41,102956,293,227,316,251,304,239,102882
41,102957,349,68,379,91,364,79,102883
41,102958,119,89,137,114,128,101,102884
41,102959,382,38,403,66,392,52,102885
41,102960,232,84,256,107,244,95,102886
41,102961,426,292,448,306,437,299,102887
41,102962,38,120,54,146,46,133,102888
41,102963,72,129,87,155,79,142,102889
41,102964,57,97,80,123,68,110,102890
41,102965,260,134,283,158,271,146,102891
41,102966,229,48,249,71,239,59,102892
41,102967,200,13,220,35,210,24,102893
41,102968,217,24,237,44,227,34,102894
41,102969,38,158,55,177,46,167,102895
41,102970,370,271,393,289,381,280,102896
41,102971,134,291,151,318,142,304,102897
41,102972,344,242,362,272,353,257,102898
41,102973,40,88,56,114,48,101,102899
41,102974,439,277,466,298,452,287,102900
41,102975,0,206,16,228,8,217,102901
41,102976,30,272,47,295,38,283,102902
41,102977,450,300,479,331,464,315,102903
41,102978,273,0,291,29,282,14,102904
41,102979,322,3,339,21,330,12,102905
41,102980,205,36,222,65,213,50,102906
41,102981,217,0,245,8,231,4,102907
41,102982,128,0,188,22,158,11,102908
41,102983,586,4,607,22,596,13,102909
41,102984,258,246,286,266,272,256,102910
41,102985,52,17,66,53,59,35,102911
41,102986,132,0,151,12,141,6,102912
41,102987,630,68,639,90,634,79,102913
41,102988,164,0,178,4,171,2,102914
41,102989,632,323,639,338,635,330,102915
41,102990,385,316,410,334,397,325,102916
41,102991,564,351,594,359,579,355,102917
41,102992,582,325,606,346,594,335,102918
41,102993,23,187,47,202,35,194,102919
41,102994,200,275,221,294,210,284,102920
41,102995,374,294,399,315,386,304,102921
41,102996,524,14,549,36,536,25,102877
41,102997,192,62,216,91,204,76,102862
42,102998,445,0,533,73,489,36,102923
42,102999,539,247,570,274,554,260,102924
42,103000,596,233,621,263,608,248,102925
42,103001,469,183,490,228,479,205,102926
42,103002,596,127,623,165,609,146,102927
42,103003,267,1,346,49,306,25,102928
42,103004,381,121,402,157,391,139,102929
42,103005,528,70,553,97,540,83,102930
42,103006,417,112,442,145,429,128,102931
42,103007,529,161,553,192,541,176,102932
42,103008,60,164,84,185,72,174,102933
42,103009,543,207,577,231,560,219,102934
42,103010,96,167,116,199,106,183,102935
42,103011,359,43,381,69,370,56,102937
42,103012,496,85,519,116,507,100,102938
42,103013,28,236,42,259,35,247,102939
42,103014,208,317,231,347,219,332,102940
42,103015,397,273,423,296,410,284,102941
42,103016,315,127,337,153,326,140,102942
42,103017,300,52,322,85,311,68,102943
42,103018,246,49,265,82,255,65,102944
42,103019,609,0,635,21,622,10,102945
42,103020,307,98,334,120,320,109,102946
42,103021,277,290,302,312,289,301,102947
42,103022,271,75,291,105,281,90,102948
42,103023,501,28,523,58,512,43,102949
42,103024,573,69,610,97,591,83,102950
42,103025,524,24,548,36,536,30,102951
42,103026,261,177,281,210,271,193,102952
42,103027,447,19,466,50,456,34,102953
42,103028,379,12,406,39,392,25,102954
42,103029,612,44,637,75,624,59,102955
42,103030,293,227,316,251,304,239,102956
42,103031,349,68,379,91,364,79,102957
42,103032,119,89,137,114,128,101,102958
42,103033,382,38,403,67,392,52,102959
42,103034,232,84,256,107,244,95,102960
42,103035,426,292,448,306,437,299,102961
42,103036,38,120,54,146,46,133,102962
42,103037,72,129,87,155,79,142,102963
42,103038,57,97,80,123,68,110,102964
42,103039,261,133,283,157,272,145,102965
42,103040,229,49,249,71,239,60,102966
42,103041,200,13,220,34,210,23,102967
42,103042,217,24,237,44,227,34,102968
42,103043,38,158,55,177,46,167,102969
42,103044,371,271,393,289,382,280,102970
42,103045,134,291,151,318,142,304,102971
42,103046,345,244,362,273,353,258,102972
42,103047,40,88,56,114,48,101,102973
42,103048,440,278,466,298,453,288,102974
42,103049,0,206,16,228,8,217,102975
42,103050,30,272,47,295,38,283,102976
42,103051,450,300,479,332,464,316,102977
42,103052,273,0,291,29,282,14,102978
42,103053,322,3,339,21,330,12,102979
42,103054,205,36,222,65,213,50,102980
42,103055,217,0,244,7,230,3,102981
42,103056,127,0,188,22,157,11,102982
42,103057,586,4,607,22,596,13,102983
42,103058,258,246,286,266,272,256,102984
42,103059,52,17,66,53,59,35,102985
42,103060,132,0,151,12,141,6,102986
42,103061,630,68,639,90,634,79,102987
42,103062,164,0,178,4,171,2,102988
42,103063,632,323,639,338,635,330,102989
42,103064,388,315,413,333,400,324,102990
42,103065,564,351,593,359,578,355,102991
42,103066,582,325,606,346,594,335,102992
42,103067,23,187,47,202,35,194,102993
42,103068,200,275,221,294,210,284,102994
42,103069,374,294,399,315,386,304,102995
42,103070,523,14,547,36,535,25,102951
42,103071,192,62,224,90,208,76,102936
43,103072,445,0,532,73,488,36,102998
43,103073,539,247,570,274,554,260,102999
43,103074,596,233,621,263,608,248,103000
43,103075,469,183,490,228,479,205,103001
43,103076,596,127,623,165,609,146,103002
43,103077,267,1,346,49,306,25,103003
43,103078,381,121,402,157,391,139,103004
43,103079,528,70,553,97,540,83,103005
43,103080,417,112,442,146,429,129,103006
43,103081,529,161,553,192,541,176,103007
43,103082,60,164,84,185,72,174,103008
43,103083,543,207,577,231,560,219,103009
43,103084,96,167,116,199,106,183,103010
43,103085,359,43,381,68,370,55,103011
43,103086,495,85,520,116,507,100,103012
43,103087,28,236,42,259,35,247,103013
43,103088,208,317,231,347,219,332,103014
43,103089,397,273,423,296,410,284,103015
43,103090,315,127,337,153,326,140,103016
43,103091,300,52,321,85,310,68,103017
43,103092,246,50,265,82,255,66,103018
43,103093,609,0,635,21,622,10,103019
43,103094,307,98,334,120,320,109,103020
43,103095,277,290,302,312,289,301,103021
43,103096,271,75,291,105,281,90,103022
43,103097,501,28,523,58,512,43,103023
43,103098,573,69,610,97,591,83,103024
43,103099,523,24,547,36,535,30,103025
43,103100,261,177,281,210,271,193,103026
43,103101,447,19,466,50,456,34,103027
43,103102,379,12,406,39,392,25,103028
43,103103,612,44,637,75,624,59,103029
43,103104,293,227,316,251,304,239,103030
43,103105,349,68,379,91,364,79,103031
43,103106,119,89,137,114,128,101,103032
43,103107,382,38,403,66,392,52,103033
43,103108,232,84,256,107,244,95,103034
43,103109,426,292,448,307,437,299,103035
43,103110,38,120,54,146,46,133,103036
43,103111,72,129,87,155,79,142,103037
43,103112,57,97,80,123,68,110,103038
43,103113,261,132,284,156,272,144,103039
43,103114,229,49,249,71,239,60,103040
43,103115,200,13,220,34,210,23,103041
43,103116,216,24,237,44,226,34,103042
43,103117,38,158,55,177,46,167,103043
43,103118,371,271,393,290,382,280,103044
43,103119,134,291,151,318,142,304,103045
43,103120,345,246,363,275,354,260,103046
43,103121,40,88,56,114,48,101,103047
43,103122,440,278,466,299,453,288,103048
43,103123,0,206,15,228,7,217,103049
43,103124,30,272,47,295,38,283,103050
43,103125,450,300,479,331,464,315,103051
43,103126,273,0,291,29,282,14,103052
43,103127,322,3,339,21,330,12,103053
43,103128,205,36,222,64,213,50,103054
43,103129,219,0,244,6,231,3,103055
43,103130,128,0,188,22,158,11,103056
43,103131,586,4,607,22,596,13,103057
43,103132,258,246,286,266,272,256,103058
43,103133,52,17,66,53,59,35,103059
43,103134,132,0,151,12,141,6,103060
43,103135,630,68,639,90,634,79,103061
43,103136,164,0,178,4,171,2,103062
43,103137,632,323,639,338,635,330,103063
43,103138,390,314,416,333,403,323,103064
43,103139,564,351,593,359,578,355,103065
43,103140,582,325,606,346,594,335,103066
43,103141,24,186,47,202,35,194,103067
43,103142,200,275,221,294,210,284,103068
43,103143,375,294,399,315,387,304,103069
43,103144,523,14,546,36,534,25,103025
43,103145,192,61,225,88,208,74,103071
43,103146,202,58,227,87,214,72,103071
44,103147,445,0,532,74,488,37,103072
44,103148,539,247,570,274,554,260,103073
44,103149,596,233,621,263,608,248,103074
44,103150,469,183,490,228,479,205,103075
44,103151,596,127,623,165,609,146,103076
44,103152,267,1,346,49,306,25,103077
44,103153,381,121,402,157,391,139,103078
44,103154,528,70,553,97,540,83,103079
44,103155,417,112,442,146,429,129,103080
44,103156,529,161,553,192,541,176,103081
44,103157,60,164,84,185,72,174,103082
44,103158,543,207,577,231,560,219,103083
44,103159,96,167,116,199,106,183,103084
44,103160,359,43,381,68,370,55,103085
44,103161,495,85,520,116,507,100,103086
44,103162,28,236,42,259,35,247,103087
44,103163,208,317,231,347,219,332,103088
44,103164,397,273,423,296,410,284,103089
44,103165,314,127,337,153,325,140,103090
44,103166,300,52,321,85,310,68,103091
44,103167,246,50,265,82,255,66,103092
44,103168,609,0,635,21,622,10,103093
44,103169,307,98,334,120,320,109,103094
44,103170,277,290,302,312,289,301,103095
44,103171,271,75,291,105,281,90,103096
44,103172,501,28,523,58,512,43,103097
44,103173,573,69,610,97,591,83,103098
44,103174,523,24,547,36,535,30,103099
44,103175,261,177,281,210,271,193,103100
44,103176,447,19,466,50,456,34,103101
44,103177,379,12,406,39,392,25,103102
44,103178,612,44,637,75,624,59,103103
44,103179,293,227,316,251,304,239,103104
44,103180,349,68,379,91,364,79,103105
44,103181,119,89,137,114,128,101,103106
44,103182,382,38,403,66,392,52,103107
44,103183,232,84,256,107,244,95,103108
44,103184,426,292,448,307,437,299,103109
44,103185,38,120,54,146,46,133,103110
44,103186,71,129,87,155,79,142,103111
44,103187,57,97,80,123,68,110,103112
44,103188,262,132,284,155,273,143,103113
44,103189,230,49,249,71,239,60,103114
44,103190,200,13,220,34,210,23,103115
44,103191,216,24,238,44,227,34,103116
44,103192,38,158,55,177,46,167,103117
44,103193,371,271,393,290,382,280,103118
44,103194,134,291,151,318,142,304,103119
44,103195,345,247,363,276,354,261,103120
44,103196,40,88,56,114,48,101,103121
44,103197,440,278,466,299,453,288,103122
44,103198,0,206,15,228,7,217,103123
44,103199,30,272,47,295,38,283,103124
44,103200,450,300,479,331,464,315,103125
44,103201,273,0,291,29,282,14,103126
44,103202,322,3,338,21,330,12,103127
44,103203,205,36,222,63,213,49,103128
44,103204,219,0,244,6,231,3,103129
44,103205,128,0,188,22,158,11,103130
44,103206,586,4,607,22,596,13,103131
44,103207,258,246,286,266,272,256,103132
44,103208,52,17,66,53,59,35,103133
44,103209,132,0,151,12,141,6,103134
44,103210,630,68,639,90,634,79,103135
44,103211,164,0,178,4,171,2,103136
44,103212,632,323,639,338,635,330,103137
44,103213,391,314,417,332,404,323,103138
44,103214,564,351,593,359,578,355,103139
44,103215,582,325,606,346,594,335,103140
44,103216,24,186,47,202,35,194,103141
44,103217,200,275,221,294,210,284,103142
44,103218,375,294,399,315,387,304,103143
44,103219,522,14,546,36,534,25,103099
44,103220,192,60,226,87,209,73,103145
44,103221,212,57,227,87,219,72,103146
44,103222,328,247,346,267,337,257,
44,103223,201,57,228,86,214,71,103145
45,103224,445,0,533,74,489,37,103147
45,103225,539,247,570,274,554,260,103148
45,103226,596,233,621,263,608,248,103149
45,103227,469,183,490,228,479,205,103150
45,103228,596,127,623,165,609,146,103151
45,103229,267,1,346,49,306,25,103152
45,103230,381,121,402,157,391,139,103153
45,103231,528,70,553,97,540,83,103154
45,103232,417,112,442,146,429,129,103155
45,103233,529,161,553,192,541,176,103156
45,103234,60,164,84,185,72,174,103157
45,103235,543,207,577,231,560,219,103158
45,103236,96,167,116,198,106,182,103159
45,103237,359,43,381,68,370,55,103160
45,103238,495,85,519,116,507,100,103161
45,103239,28,236,42,259,35,247,103162
45,103240,208,317,231,347,219,332,103163
45,103241,397,273,423,296,410,284,103164
45,103242,314,127,337,153,325,140,103165
45,103243,300,52,321,85,310,68,103166
45,103244,246,49,266,82,256,65,103167
45,103245,609,0,635,21,622,10,103168
45,103246,307,98,334,120,320,109,103169
45,103247,277,290,302,312,289,301,103170
45,103248,271,75,291,105,281,90,103171
45,103249,501,28,523,58,512,43,103172
45,103250,573,69,610,97,591,83,103173
45,103251,523,24,546,36,534,30,103174
45,103252,261,178,281,210,271,194,103175
45,103253,447,19,466,50,456,34,103176
45,103254,379,12,406,39,392,25,103177
45,103255,612,44,637,75,624,59,103178
45,103256,293,227,316,251,304,239,103179
45,103257,349,68,379,91,364,79,103180
45,103258,119,89,137,114,128,101,103181
45,103259,382,38,403,66,392,52,103182
45,103260,232,84,256,107,244,95,103183
45,103261,426,292,448,307,437,299,103184
45,103262,38,120,54,146,46,133,103185
45,103263,71,129,87,155,79,142,103186
45,103264,57,97,80,123,68,110,103187
45,103265,262,132,284,155,273,143,103188
45,103266,230,49,249,71,239,60,103189
45,103267,200,13,220,34,210,23,103190
45,103268,217,24,237,44,227,34,103191
45,103269,38,158,55,177,46,167,103192
45,103270,372,272,393,291,382,281,103193
45,103271,134,291,151,318,142,304,103194
45,103272,344,249,362,278,353,263,103195
45,103273,40,88,56,114,48,101,103196
45,103274,441,278,467,299,454,288,103197
45,103275,0,206,15,228,7,217,103198
45,103276,30,272,47,295,38,283,103199
45,103277,450,300,479,331,464,315,103200
45,103278,273,0,291,29,282,14,103201
45,103279,322,3,338,21,330,12,103202
45,103280,205,36,222,62,213,49,103203
45,103281,223,0,244,5,233,2,103204
45,103282,128,0,188,22,158,11,103205
45,103283,586,4,607,22,596,13,103206
45,103284,258,245,286,266,272,255,103207
45,103285,52,16,66,53,59,34,103208
45,103286,132,0,151,12,141,6,103209
45,103287,630,68,639,90,634,79,103210
45,103288,164,0,177,4,170,2,103211
45,103289,632,323,639,338,635,330,103212
45,103290,393,313,419,332,406,322,103213
45,103291,564,351,593,359,578,355,103214
45,103292,582,325,606,346,594,335,103215
45,103293,24,186,47,202,35,194,103216
45,103294,200,275,221,294,210,284,103217
45,103295,375,295,399,315,387,305,103218
45,103296,522,14,546,36,534,25,103174
45,103297,192,56,227,87,209,71,103220
45,103298,211,55,227,86,219,70,103221
45,103299,327,247,346,266,336,256,103222
45,103300,202,55,227,86,214,70,103220
46,103301,445,0,533,74,489,37,103224
46,103302,539,247,570,274,554,260,103225
46,103303,596,233,621,263,608,248,103226
46,103304,469,183,490,228,479,205,103227
46,103305,596,127,623,165,609,146,103228
46,103306,267,1,346,49,306,25,103229
46,103307,381,121,402,157,391,139,103230
46,103308,528,70,553,97,540,83,103231
46,103309,417,112,442,146,429,129,103232
46,103310,529,161,553,192,541,176,103233
46,103311,60,164,84,185,72,174,103234
46,103312,543,207,577,231,560,219,103235
46,103313,96,167,115,198,105,182,103236
46,103314,359,43,381,68,370,55,103237
46,103315,495,85,519,116,507,100,103238
46,103316,28,236,42,259,35,247,103239
46,103317,208,317,231,347,219,332,103240
46,103318,397,273,423,297,410,285,103241
46,103319,315,127,337,153,326,140,103242
46,103320,300,52,321,85,310,68,103243
46,103321,245,49,267,82,256,65,103244
46,103322,609,0,635,21,622,10,103245
46,103323,307,98,334,120,320,109,103246
46,103324,277,290,302,312,289,301,103247
46,103325,271,75,291,105,281,90,103248
46,103326,501,28,523,58,512,43,103249
46,103327,573,69,610,97,591,83,103250
46,103328,523,22,547,36,535,29,103251
46,103329,261,178,281,210,271,194,103252
46,103330,447,19,466,50,456,34,103253
46,103331,379,12,406,39,392,25,103254
46,103332,612,44,637,75,624,59,103255
46,103333,293,227,315,251,304,239,103256
46,103334,349,68,379,91,364,79,103257
46,103335,119,89,137,114,128,101,103258
46,103336,382,38,403,67,392,52,103259
46,103337,232,84,256,107,244,95,103260
46,103338,426,292,448,307,437,299,103261
46,103339,38,120,54,146,46,133,103262
46,103340,71,129,87,155,79,142,103263
46,103341,57,97,80,123,68,110,103264
46,103342,263,132,285,154,274,143,103265
46,103343,230,49,249,71,239,60,103266
46,103344,201,13,220,34,210,23,103267
46,103345,217,24,237,44,227,34,103268
46,103346,38,158,55,177,46,167,103269
46,103347,372,273,394,292,383,282,103270
46,103348,134,291,151,318,142,304,103271
46,103349,344,252,361,280,352,266,103272
46,103350,40,88,56,114,48,101,103273
46,103351,441,279,467,300,454,289,103274
46,103352,0,206,15,228,7,217,103275
46,103353,30,272,47,295,38,283,103276
46,103354,450,300,479,332,464,316,103277
46,103355,273,0,291,30,282,15,103278
46,103356,322,3,338,21,330,12,103279
46,103357,205,36,222,62,213,49,103280
46,103358,226,0,244,4,235,2,103281
46,103359,128,0,188,22,158,11,103282
46,103360,586,4,607,22,596,13,103283
46,103361,258,245,286,266,272,255,103284
46,103362,52,16,66,53,59,34,103285
46,103363,132,0,151,12,141,6,103286
46,103364,630,68,639,90,634,79,103287
46,103365,164,0,178,4,171,2,103288
46,103366,631,322,639,338,635,330,103289
46,103367,395,312,421,332,408,322,103290
46,103368,564,351,593,359,578,355,103291
46,103369,582,325,606,346,594,335,103292
46,103370,24,185,47,202,35,193,103293
46,103371,200,275,221,294,210,284,103294
46,103372,375,295,399,315,387,305,103295
46,103373,522,13,546,36,534,24,103251
46,103374,192,53,227,87,209,70,103297
46,103375,327,247,347,266,337,256,103299
46,103376,217,0,228,7,222,3,
47,103377,445,0,533,73,489,36,103301
47,103378,539,247,570,274,554,260,103302
47,103379,596,233,621,263,608,248,103303
47,103380,469,183,490,228,479,205,103304
47,103381,597,127,623,165,610,146,103305
47,103382,267,1,346,49,306,25,103306
47,103383,381,121,402,157,391,139,103307
47,103384,528,70,553,97,540,83,103308
47,103385,417,112,442,146,429,129,103309
47,103386,529,161,553,192,541,176,103310
47,103387,60,164,84,185,72,174,103311
47,103388,543,207,577,231,560,219,103312
47,103389,96,167,115,198,105,182,103313
47,103390,359,42,380,68,369,55,103314
47,103391,494,85,518,116,506,100,103315
47,103392,28,236,42,259,35,247,103316
47,103393,208,317,231,347,219,332,103317
47,103394,397,273,423,297,410,285,103318
47,103395,315,127,337,153,326,140,103319
47,103396,300,52,322,85,311,68,103320
47,103397,245,49,267,82,256,65,103321
47,103398,609,0,635,21,622,10,103322
47,103399,307,98,334,120,320,109,103323
47,103400,277,290,302,312,289,301,103324
47,103401,271,75,291,105,281,90,103325
47,103402,501,28,523,58,512,43,103326
47,103403,573,69,610,97,591,83,103327
47,103404,261,178,281,210,271,194,103329
47,103405,447,19,466,50,456,34,103330
47,103406,379,12,406,39,392,25,103331
47,103407,612,44,637,75,624,59,103332
47,103408,293,227,315,251,304,239,103333
47,103409,349,68,379,91,364,79,103334
47,103410,119,89,137,114,128,101,103335
47,103411,382,38,403,66,392,52,103336
47,103412,233,84,256,107,244,95,103337
47,103413,426,292,448,307,437,299,103338
47,103414,38,120,54,146,46,133,103339
47,103415,71,129,87,155,79,142,103340
47,103416,57,97,80,123,68,110,103341
47,103417,265,133,289,153,277,143,103342
47,103418,231,49,249,71,240,60,103343
47,103419,201,13,220,34,210,23,103344
47,103420,216,24,237,44,226,34,103345
47,103421,38,158,55,177,46,167,103346
47,103422,373,273,395,293,384,283,103347
47,103423,134,290,151,318,142,304,103348
47,103424,343,255,361,282,352,268,103349
47,103425,40,88,56,114,48,101,103350
47,103426,442,279,466,300,454,289,103351
47,103427,0,205,15,229,7,217,103352
47,103428,30,272,47,295,38,283,103353
47,103429,450,300,479,332,464,316,103354
47,103430,273,0,291,30,282,15,103355
47,103431,322,3,338,21,330,12,103356
47,103432,205,36,222,60,213,48,103357
47,103433,128,0,188,22,158,11,103359
47,103434,586,4,607,22,596,13,103360
47,103435,258,245,286,266,272,255,103361
47,103436,52,16,66,53,59,34,103362
47,103437,132,0,151,12,141,6,103363
47,103438,630,68,639,90,634,79,103364
47,103439,164,0,178,5,171,2,103365
47,103440,631,322,639,338,635,330,103366
47,103441,397,312,423,332,410,322,103367
47,103442,564,351,593,359,578,355,103368
47,103443,582,325,606,346,594,335,103369
47,103444,23,185,47,201,35,193,103370
47,103445,200,275,221,294,210,284,103371
47,103446,375,297,399,315,387,306,103372
47,103447,522,15,547,36,534,25,103328
47,103448,192,59,218,86,205,72,103374
47,103449,327,247,348,265,337,256,103375
47,103450,217,0,228,7,222,3,103376
47,103451,89,208,112,223,100,215,
47,103452,452,0,470,6,461,3,
47,103453,211,50,226,86,218,68,
48,103454,445,0,533,73,489,36,103377
48,103455,539,247,570,274,554,260,103378
48,103456,596,233,621,263,608,248,103379
48,103457,469,183,490,228,479,205,103380
48,103458,597,127,623,165,610,146,103381
48,103459,267,1,346,49,306,25,103382
48,103460,381,121,402,157,391,139,103383
48,103461,528,70,553,97,540,83,103384
48,103462,417,112,442,146,429,129,103385
48,103463,529,161,553,192,541,176,103386
48,103464,60,164,84,185,72,174,103387
48,103465,543,207,578,231,560,219,103388
48,103466,96,167,116,198,106,182,103389
48,103467,359,42,379,69,369,55,103390
48,103468,494,85,517,116,505,100,103391
48,103469,28,236,42,259,35,247,103392
48,103470,208,317,231,347,219,332,103393
48,103471,397,273,423,297,410,285,103394
48,103472,315,127,337,153,326,140,103395
48,103473,300,52,322,85,311,68,103396
48,103474,245,49,268,82,256,65,103397
48,103475,609,0,636,21,622,10,103398
48,103476,307,98,334,120,320,109,103399
48,103477,277,290,302,312,289,301,103400
48,103478,271,75,291,105,281,90,103401
48,103479,501,28,523,58,512,43,103402
48,103480,573,69,610,96,591,82,103403
48,103481,261,178,281,210,271,194,103404
48,103482,447,19,466,50,456,34,103405
48,103483,379,12,406,39,392,25,103406
48,103484,612,44,637,75,624,59,103407
48,103485,293,227,316,251,304,239,103408
48,103486,349,68,379,91,364,79,103409
48,103487,119,89,137,114,128,101,103410
48,103488,382,38,403,67,392,52,103411
48,103489,233,84,256,107,244,95,103412
48,103490,426,292,447,306,436,299,103413
48,103491,38,120,54,146,46,133,103414
48,103492,71,129,88,155,79,142,103415
48,103493,57,97,80,123,68,110,103416
48,103494,267,133,292,154,279,143,103417
48,103495,231,49,249,71,240,60,103418
48,103496,201,13,220,34,210,23,103419
48,103497,216,24,237,44,226,34,103420
48,103498,38,159,55,177,46,168,103421
48,103499,374,274,395,293,384,283,103422
48,103500,134,290,151,318,142,304,103423
48,103501,344,257,362,283,353,270,103424
48,103502,40,88,56,114,48,101,103425
48,103503,442,279,466,300,454,289,103426
48,103504,0,205,15,229,7,217,103427
48,103505,30,272,47,295,38,283,103428
48,103506,450,300,479,332,464,316,103429
48,103507,273,0,291,30,282,15,103430
48,103508,322,3,339,21,330,12,103431
48,103509,205,36,221,60,213,48,103432
48,103510,128,0,188,22,158,11,103433
48,103511,586,4,607,22,596,13,103434
48,103512,258,245,286,266,272,255,103435
48,103513,52,16,66,53,59,34,103436
48,103514,132,0,151,12,141,6,103437
48,103515,630,68,639,90,634,79,103438
48,103516,164,0,178,5,171,2,103439
48,103517,632,322,639,338,635,330,103440
48,103518,400,312,425,331,412,321,103441
48,103519,564,351,593,359,578,355,103442
48,103520,582,325,606,346,594,335,103443
48,103521,23,185,47,201,35,193,103444
48,103522,200,275,221,294,210,284,103445
48,103523,376,296,400,315,388,305,103446
48,103524,522,15,547,35,534,25,103447
48,103525,192,62,215,86,203,74,103448
48,103526,327,246,348,265,337,255,103449
48,103527,217,0,228,7,222,3,103450
48,103528,87,208,112,222,99,215,103451
48,103529,452,0,470,6,461,3,103452
48,103530,125,276,146,297,135,286,
48,103531,211,49,226,85,218,67,103453
49,103532,445,0,533,73,489,36,103454
49,103533,539,247,570,274,554,260,103455
49,103534,596,233,621,263,608,248,103456
49,103535,469,183,490,228,479,205,103457
49,103536,596,127,623,165,609,146,103458
49,103537,267,1,346,49,306,25,103459
49,103538,381,121,402,157,391,139,103460
49,103539,528,69,553,97,540,83,103461
49,103540,417,112,442,146,429,129,103462
49,103541,529,161,553,192,541,176,103463
49,103542,60,164,84,185,72,174,103464
49,103543,543,207,577,231,560,219,103465
49,103544,96,167,116,197,106,182,103466
49,103545,359,42,379,69,369,55,103467
49,103546,494,86,517,116,505,101,103468
49,103547,28,236,42,259,35,247,103469
49,103548,208,317,231,347,219,332,103470
49,103549,397,273,423,297,410,285,103471
49,103550,315,127,337,153,326,140,103472
49,103551,300,52,321,85,310,68,103473
49,103552,245,49,268,82,256,65,103474
49,103553,609,0,636,21,622,10,103475
49,103554,307,98,334,120,320,109,103476
49,103555,277,290,302,312,289,301,103477
49,103556,271,75,291,105,281,90,103478
49,103557,501,28,523,58,512,43,103479
49,103558,573,69,610,96,591,82,103480
49,103559,261,178,281,210,271,194,103481
49,103560,447,19,466,50,456,34,103482
49,103561,379,12,406,39,392,25,103483
49,103562,612,44,637,75,624,59,103484
49,103563,293,227,316,251,304,239,103485
49,103564,349,68,379,91,364,79,103486
49,103565,119,89,137,114,128,101,103487
49,103566,382,38,403,67,392,52,103488
49,103567,233,84,256,107,244,95,103489
49,103568,426,293,447,306,436,299,103490
49,103569,38,120,54,146,46,133,103491
49,103570,71,129,88,155,79,142,103492
49,103571,57,97,80,123,68,110,103493
49,103572,267,133,293,154,280,143,103494
49,103573,231,49,249,71,240,60,103495
49,103574,201,13,220,34,210,23,103496
49,103575,216,24,238,44,227,34,103497
49,103576,38,159,55,177,46,168,103498
49,103577,374,274,395,293,384,283,103499
49,103578,134,290,151,318,142,304,103500
49,103579,344,257,362,283,353,270,103501
49,103580,40,88,56,114,48,101,103502
49,103581,442,279,465,300,453,289,103503
49,103582,0,205,15,229,7,217,103504
49,103583,30,272,47,295,38,283,103505
49,103584,450,300,479,332,464,316,103506
49,103585,273,0,291,30,282,15,103507
49,103586,322,3,339,22,330,12,103508
49,103587,205,36,221,60,213,48,103509
49,103588,128,0,188,22,158,11,103510
49,103589,586,4,607,22,596,13,103511
49,103590,258,245,286,266,272,255,103512
49,103591,52,16,66,53,59,34,103513
49,103592,132,0,151,12,141,6,103514
49,103593,630,68,639,90,634,79,103515
49,103594,164,0,178,5,171,2,103516
49,103595,632,322,639,338,635,330,103517
49,103596,401,312,426,331,413,321,103518
49,103597,564,351,593,359,578,355,103519
49,103598,582,325,605,346,593,335,103520
49,103599,23,184,47,201,35,192,103521
49,103600,200,275,221,294,210,284,103522
49,103601,376,296,400,316,388,306,103523
49,103602,522,15,547,35,534,25,103524
49,103603,192,63,214,86,203,74,103525
49,103604,327,246,348,265,337,255,103526
49,103605,217,0,228,7,222,3,103527
49,103606,86,207,111,222,98,214,103528
49,103607,452,0,470,6,461,3,103529
49,103608,125,276,146,297,135,286,103530
49,103609,211,49,226,84,218,66,103531
50,103610,445,0,533,73,489,36,103532
50,103611,539,247,570,274,554,260,103533
50,103612,596,233,621,263,608,248,103534
50,103613,469,183,490,228,479,205,103535
50,103614,597,127,623,165,610,146,103536
50,103615,267,1,346,49,306,25,103537
50,103616,381,121,402,157,391,139,103538
50,103617,528,69,554,97,541,83,103539
50,103618,417,112,442,146,429,129,103540
50,103619,529,161,553,192,541,176,103541
50,103620,60,164,84,185,72,174,103542
50,103621,543,207,578,231,560,219,103543
50,103622,96,167,116,197,106,182,103544
50,103623,359,42,378,69,368,55,103545
50,103624,494,85,517,116,505,100,103546
50,103625,28,236,42,259,35,247,103547
50,103626,208,317,231,347,219,332,103548
50,103627,397,273,422,297,409,285,103549
50,103628,315,127,337,153,326,140,103550
50,103629,300,52,321,85,310,68,103551
50,103630,245,50,268,82,256,66,103552
50,103631,609,0,636,21,622,10,103553
50,103632,307,98,334,120,320,109,103554
50,103633,277,290,302,312,289,301,103555
50,103634,271,75,291,105,281,90,103556
50,103635,501,28,523,58,512,43,103557
50,103636,573,69,610,96,591,82,103558
50,103637,261,178,281,210,271,194,103559
50,103638,447,19,466,50,456,34,103560
50,103639,379,12,406,40,392,26,103561
50,103640,612,44,637,75,624,59,103562
50,103641,293,227,316,251,304,239,103563
50,103642,349,68,379,91,364,79,103564
50,103643,119,89,137,114,128,101,103565
50,103644,382,38,403,67,392,52,103566
50,103645,233,84,256,107,244,95,103567
50,103646,426,293,447,306,436,299,103568
50,103647,38,120,54,146,46,133,103569
50,103648,71,129,88,155,79,142,103570
50,103649,57,97,80,123,68,110,103571
50,103650,269,133,294,154,281,143,103572
50,103651,231,49,249,72,240,60,103573
50,103652,201,13,220,34,210,23,103574
50,103653,216,24,238,44,227,34,103575
50,103654,38,159,55,177,46,168,103576
50,103655,375,275,396,293,385,284,103577
50,103656,135,291,151,318,143,304,103578
50,103657,345,259,363,285,354,272,103579
50,103658,40,88,56,114,48,101,103580
50,103659,442,279,465,300,453,289,103581
50,103660,0,205,15,230,7,217,103582
50,103661,30,272,47,295,38,283,103583
50,103662,450,300,479,332,464,316,103584
50,103663,273,0,291,29,282,14,103585
50,103664,322,3,339,22,330,12,103586
50,103665,205,36,221,60,213,48,103587
50,103666,128,0,188,22,158,11,103588
50,103667,586,4,607,22,596,13,103589
50,103668,258,245,286,266,272,255,103590
50,103669,52,16,66,53,59,34,103591
50,103670,132,0,151,12,141,6,103592
50,103671,630,68,639,90,634,79,103593
50,103672,164,0,178,5,171,2,103594
50,103673,632,322,639,338,635,330,103595
50,103674,404,312,428,331,416,321,103596
50,103675,564,351,593,359,578,355,103597
50,103676,582,325,605,346,593,335,103598
50,103677,23,184,46,201,34,192,103599
50,103678,200,274,221,294,210,284,103600
50,103679,377,298,400,316,388,307,103601
50,103680,522,14,546,35,534,24,103602
50,103681,192,63,214,86,203,74,103603
50,103682,327,246,348,265,337,255,103604
50,103683,217,0,228,7,222,3,103605
50,103684,86,207,111,222,98,214,103606
50,103685,452,0,470,6,461,3,103607
50,103686,125,276,146,298,135,287,103608
50,103687,211,48,226,83,218,65,103609
51,103688,445,0,533,73,489,36,103610
51,103689,539,247,570,274,554,260,103611
51,103690,596,233,621,263,608,248,103612
51,103691,469,183,490,228,479,205,103613
51,103692,597,127,623,165,610,146,103614
51,103693,267,1,346,49,306,25,103615
51,103694,382,121,402,157,392,139,103616
51,103695,528,69,553,97,540,83,103617
51,103696,417,112,442,146,429,129,103618
51,103697,530,161,553,192,541,176,103619
51,103698,60,164,84,185,72,174,103620
51,103699,543,207,578,231,560,219,103621
51,103700,96,167,116,197,106,182,103622
51,103701,359,41,378,69,368,55,103623
51,103702,495,86,518,116,506,101,103624
51,103703,28,236,42,259,35,247,103625
51,103704,208,317,231,347,219,332,103626
51,103705,397,273,422,297,409,285,103627
51,103706,315,127,337,154,326,140,103628
51,103707,300,52,321,85,310,68,103629
51,103708,245,50,268,82,256,66,103630
51,103709,610,0,636,21,623,10,103631
51,103710,307,98,334,120,320,109,103632
51,103711,277,290,302,312,289,301,103633
51,103712,271,75,291,105,281,90,103634
51,103713,501,28,523,58,512,43,103635
51,103714,573,69,609,96,591,82,103636
51,103715,261,178,281,210,271,194,103637
51,103716,447,19,466,50,456,34,103638
51,103717,379,12,406,40,392,26,103639
51,103718,612,44,637,75,624,59,103640
51,103719,293,227,316,251,304,239,103641
51,103720,349,68,379,91,364,79,103642
51,103721,119,89,137,114,128,101,103643
51,103722,382,38,402,67,392,52,103644
51,103723,233,84,256,107,244,95,103645
51,103724,425,292,447,306,436,299,103646
51,103725,38,120,54,146,46,133,103647
51,103726,71,129,88,155,79,142,103648
51,103727,57,97,80,123,68,110,103649
51,103728,271,134,295,154,283,144,103650
51,103729,231,49,249,72,240,60,103651
51,103730,201,13,220,34,210,23,103652
51,103731,216,24,237,44,226,34,103653
51,103732,38,159,55,177,46,168,103654
51,103733,377,275,397,294,387,284,103655
51,103734,134,291,151,318,142,304,103656
51,103735,346,260,366,285,356,272,103657
51,103736,40,88,56,114,48,101,103658
51,103737,442,279,465,300,453,289,103659
51,103738,0,205,15,230,7,217,103660
51,103739,30,272,47,295,38,283,103661
51,103740,450,300,479,332,464,316,103662
51,103741,273,0,291,29,282,14,103663
51,103742,322,3,339,21,330,12,103664
51,103743,205,36,221,59,213,47,103665
51,103744,128,0,187,22,157,11,103666
51,103745,586,4,607,22,596,13,103667
51,103746,258,245,286,266,272,255,103668
51,103747,52,16,66,53,59,34,103669
51,103748,132,0,151,12,141,6,103670
51,103749,630,68,639,90,634,79,103671
51,103750,164,0,178,5,171,2,103672
51,103751,632,322,639,338,635,330,103673
51,103752,406,312,431,331,418,321,103674
51,103753,564,351,593,359,578,355,103675
51,103754,582,325,605,346,593,335,103676
51,103755,23,184,45,201,34,192,103677
51,103756,200,274,221,294,210,284,103678
51,103757,378,299,401,317,389,308,103679
51,103758,522,14,545,35,533,24,103680
51,103759,192,63,215,86,203,74,103681
51,103760,326,245,347,265,336,255,103682
51,103761,217,0,228,7,222,3,103683
51,103762,85,207,110,222,97,214,103684
51,103763,452,0,470,6,461,3,103685
51,103764,125,278,145,299,135,288,103686
51,103765,210,49,226,81,218,65,103687
52,103766,445,0,533,73,489,36,103688
52,103767,539,247,570,274,554,260,103689
52,103768,596,233,621,263,608,248,103690
52,103769,469,183,490,228,479,205,103691
52,103770,597,127,623,165,610,146,103692
52,103771,267,1,346,49,306,25,103693
52,103772,381,121,402,157,391,139,103694
52,103773,528,69,553,97,540,83,103695
52,103774,417,112,441,146,429,129,103696
52,103775,530,161,553,192,541,176,103697
52,103776,60,164,84,185,72,174,103698
52,103777,543,207,578,231,560,219,103699
52,103778,96,167,116,197,106,182,103700
52,103779,359,41,378,69,368,55,103701
52,103780,495,86,519,116,507,101,103702
52,103781,28,236,42,259,35,247,103703
52,103782,208,317,231,347,219,332,103704
52,103783,397,273,423,297,410,285,103705
52,103784,315,127,337,154,326,140,103706
52,103785,300,52,321,85,310,68,103707
52,103786,245,50,268,82,256,66,103708
52,103787,610,0,636,22,623,11,103709
52,103788,307,98,334,120,320,109,103710
52,103789,277,290,302,312,289,301,103711
52,103790,271,75,291,105,281,90,103712
52,103791,501,28,523,58,512,43,103713
52,103792,573,69,609,96,591,82,103714
52,103793,261,178,281,210,271,194,103715
52,103794,447,19,466,50,456,34,103716
52,103795,379,12,406,40,392,26,103717
52,103796,612,44,637,75,624,59,103718
52,103797,293,227,316,251,304,239,103719
52,103798,349,68,379,91,364,79,103720
52,103799,119,89,137,114,128,101,103721
52,103800,382,39,402,67,392,53,103722
52,103801,233,84,256,107,244,95,103723
52,103802,425,293,447,307,436,300,103724
52,103803,38,120,54,146,46,133,103725
52,103804,71,129,88,155,79,142,103726
52,103805,57,97,80,123,68,110,103727
52,103806,272,134,296,155,284,144,103728
52,103807,231,49,249,72,240,60,103729
52,103808,201,13,220,34,210,23,103730
52,103809,216,24,238,44,227,34,103731
52,103810,38,159,55,177,46,168,103732
52,103811,378,275,397,293,387,284,103733
52,103812,134,291,151,318,142,304,103734
52,103813,347,261,367,285,357,273,103735
52,103814,40,88,56,114,48,101,103736
52,103815,442,279,465,301,453,290,103737
52,103816,0,205,15,230,7,217,103738
52,103817,30,272,47,295,38,283,103739
52,103818,450,300,479,333,464,316,103740
52,103819,273,0,291,29,282,14,103741
52,103820,322,3,339,21,330,12,103742
52,103821,205,36,222,59,213,47,103743
52,103822,128,0,188,22,158,11,103744
52,103823,586,4,607,22,596,13,103745
52,103824,258,245,286,266,272,255,103746
52,103825,52,16,66,53,59,34,103747
52,103826,132,0,151,12,141,6,103748
52,103827,630,68,639,90,634,79,103749
52,103828,164,0,178,4,171,2,103750
52,103829,632,322,639,338,635,330,103751
52,103830,409,312,434,332,421,322,103752
52,103831,564,351,593,359,578,355,103753
52,103832,582,325,605,346,593,335,103754
52,103833,24,183,43,200,33,191,103755
52,103834,379,300,401,318,390,309,103757
52,103835,521,13,545,35,533,24,103758
52,103836,192,64,216,86,204,75,103759
52,103837,326,245,347,265,336,255,103760
52,103838,217,0,228,7,222,3,103761
52,103839,85,207,109,222,97,214,103762
52,103840,452,0,470,6,461,3,103763
52,103841,124,279,144,302,134,290,103764
52,103842,210,49,226,80,218,64,103765
53,103843,445,0,533,73,489,36,103766
53,103844,539,247,570,274,554,260,103767
53,103845,596,233,621,263,608,248,103768
53,103846,469,183,490,228,479,205,103769
53,103847,597,127,623,165,610,146,103770
53,103848,267,1,346,49,306,25,103771
53,103849,381,121,402,157,391,139,103772
53,103850,528,69,554,97,541,83,103773
53,103851,417,112,441,146,429,129,103774
53,103852,530,161,553,192,541,176,103775
53,103853,60,164,84,185,72,174,103776
53,103854,543,207,577,231,560,219,103777
53,103855,96,167,116,197,106,182,103778
53,103856,359,41,378,69,368,55,103779
53,103857,496,86,519,116,507,101,103780
53,103858,28,236,42,259,35,247,103781
53,103859,208,316,231,347,219,331,103782
53,103860,397,273,423,297,410,285,103783
53,103861,315,127,337,154,326,140,103784
53,103862,300,52,321,85,310,68,103785
53,103863,245,50,268,82,256,66,103786
53,103864,610,0,636,22,623,11,103787
53,103865,307,98,334,120,320,109,103788
53,103866,277,290,302,312,289,301,103789
53,103867,271,75,291,105,281,90,103790
53,103868,501,28,522,58,511,43,103791
53,103869,573,69,609,96,591,82,103792
53,103870,261,178,281,210,271,194,103793
53,103871,447,19,466,50,456,34,103794
53,103872,379,12,406,40,392,26,103795
53,103873,612,44,637,75,624,59,103796
53,103874,293,227,316,251,304,239,103797
53,103875,349,68,379,91,364,79,103798
53,103876,119,89,137,114,128,101,103799
53,103877,382,39,402,67,392,53,103800
53,103878,233,84,256,107,244,95,103801
53,103879,425,293,447,307,436,300,103802
53,103880,38,120,54,146,46,133,103803
53,103881,71,129,88,155,79,142,103804
53,103882,57,97,80,123,68,110,103805
53,103883,273,135,297,155,285,145,103806
53,103884,230,49,249,72,239,60,103807
53,103885,201,12,220,34,210,23,103808
53,103886,216,24,237,44,226,34,103809
53,103887,38,159,55,177,46,168,103810
53,103888,379,275,398,293,388,284,103811
53,103889,135,291,151,318,143,304,103812
53,103890,348,261,368,286,358,273,103813
53,103891,40,88,56,114,48,101,103814
53,103892,442,279,465,301,453,290,103815
53,103893,0,205,15,230,7,217,103816
53,103894,30,272,47,295,38,283,103817
53,103895,450,300,479,333,464,316,103818
53,103896,273,0,291,29,282,14,103819
53,103897,322,3,339,21,330,12,103820
53,103898,205,37,222,62,213,49,103821
53,103899,128,0,188,22,158,11,103822
53,103900,586,4,607,22,596,13,103823
53,103901,258,245,286,266,272,255,103824
53,103902,52,16,66,53,59,34,103825
53,103903,132,0,151,12,141,6,103826
53,103904,630,68,639,90,634,79,103827
53,103905,164,0,178,4,171,2,103828
53,103906,632,323,639,338,635,330,103829
53,103907,411,312,436,332,423,322,103830
53,103908,564,351,593,359,578,355,103831
53,103909,582,325,605,346,593,335,103832
53,103910,379,301,401,319,390,310,103834
53,103911,521,13,544,34,532,23,103835
53,103912,192,64,216,86,204,75,103836
53,103913,326,245,347,264,336,254,103837
53,103914,217,0,228,7,222,3,103838
53,103915,85,207,109,222,97,214,103839
53,103916,453,0,470,5,461,2,103840
53,103917,122,280,141,306,131,293,103841
53,103918,210,49,227,78,218,63,103842
54,103919,445,0,533,73,489,36,103843
54,103920,539,247,570,274,554,260,103844
54,103921,596,233,621,263,608,248,103845
54,103922,469,183,490,228,479,205,103846
54,103923,597,127,623,165,610,146,103847
54,103924,267,1,346,49,306,25,103848
54,103925,381,121,402,157,391,139,103849
54,103926,528,69,554,97,541,83,103850
54,103927,417,112,441,146,429,129,103851
54,103928,530,161,553,192,541,176,103852
54,103929,60,164,84,185,72,174,103853
54,103930,543,207,577,230,560,218,103854
54,103931,96,167,116,197,106,182,103855
54,103932,359,41,378,69,368,55,103856
54,103933,496,86,519,116,507,101,103857
54,103934,28,236,42,259,35,247,103858
54,103935,208,316,231,347,219,331,103859
54,103936,398,273,422,297,410,285,103860
54,103937,314,127,337,154,325,140,103861
54,103938,300,52,321,85,310,68,103862
54,103939,245,50,268,82,256,66,103863
54,103940,610,0,635,22,622,11,103864
54,103941,307,98,334,120,320,109,103865
54,103942,277,290,302,312,289,301,103866
54,103943,271,75,291,105,281,90,103867
54,103944,501,28,522,58,511,43,103868
54,103945,573,69,609,96,591,82,103869
54,103946,261,178,281,210,271,194,103870
54,103947,447,19,466,50,456,34,103871
54,103948,379,12,406,40,392,26,103872
54,103949,612,44,637,75,624,59,103873
54,103950,293,227,316,251,304,239,103874
54,103951,349,68,379,91,364,79,103875
54,103952,119,89,137,114,128,101,103876
54,103953,382,39,402,67,392,53,103877
54,103954,233,84,256,107,244,95,103878
54,103955,424,293,446,308,435,300,103879
54,103956,38,120,54,146,46,133,103880
54,103957,71,129,88,155,79,142,103881
54,103958,57,97,80,123,68,110,103882
54,103959,274,135,297,155,285,145,103883
54,103960,230,49,249,72,239,60,103884
54,103961,201,12,220,34,210,23,103885
54,103962,215,24,237,43,226,33,103886
54,103963,38,159,55,177,46,168,103887
54,103964,380,275,399,293,389,284,103888
54,103965,135,291,151,318,143,304,103889
54,103966,348,261,369,286,358,273,103890
54,103967,40,88,56,114,48,101,103891
54,103968,442,279,465,301,453,290,103892
54,103969,0,205,15,230,7,217,103893
54,103970,30,272,47,295,38,283,103894
54,103971,450,300,479,333,464,316,103895
54,103972,273,0,291,29,282,14,103896
54,103973,322,3,339,21,330,12,103897
54,103974,203,37,220,64,211,50,103898
54,103975,128,0,188,22,158,11,103899
54,103976,586,4,607,22,596,13,103900
54,103977,258,245,286,266,272,255,103901
54,103978,52,16,66,53,59,34,103902
54,103979,132,0,151,12,141,6,103903
54,103980,630,68,639,90,634,79,103904
54,103981,164,0,178,4,171,2,103905
54,103982,632,322,639,338,635,330,103906
54,103983,414,313,438,331,426,322,103907
54,103984,564,351,594,359,579,355,103908
54,103985,582,325,605,346,593,335,103909
54,103986,380,301,401,319,390,310,103910
54,103987,521,13,544,34,532,23,103911
54,103988,192,64,217,86,204,75,103912
54,103989,326,245,347,264,336,254,103913
54,103990,217,0,228,7,222,3,103914
54,103991,85,207,109,222,97,214,103915
54,103992,121,282,139,309,130,295,103917
54,103993,211,48,227,76,219,62,103918
54,103994,18,182,41,199,29,190,
55,103995,445,0,533,73,489,36,103919
55,103996,539,247,570,274,554,260,103920
55,103997,596,233,621,263,608,248,103921
55,103998,469,183,490,228,479,205,103922
55,103999,597,127,623,165,610,146,103923
55,104000,267,1,346,49,306,25,103924
55,104001,381,121,402,157,391,139,103925
55,104002,528,70,554,97,541,83,103926
55,104003,417,112,441,146,429,129,103927
55,104004,530,161,553,192,541,176,103928
55,104005,60,164,84,185,72,174,103929
55,104006,543,207,578,230,560,218,103930
55,104007,96,167,116,197,106,182,103931
55,104008,359,41,378,69,368,55,103932
55,104009,496,86,520,116,508,101,103933
55,104010,28,236,42,259,35,247,103934
55,104011,208,316,231,347,219,331,103935
55,104012,398,273,422,296,410,284,103936
55,104013,314,127,337,154,325,140,103937
55,104014,300,52,321,85,310,68,103938
55,104015,245,50,268,82,256,66,103939
55,104016,610,0,635,22,622,11,103940
55,104017,307,98,334,120,320,109,103941
55,104018,277,290,302,312,289,301,103942
55,104019,271,75,291,105,281,90,103943
55,104020,501,28,523,58,512,43,103944
55,104021,573,69,609,96,591,82,103945
55,104022,261,178,281,210,271,194,103946
55,104023,447,19,466,50,456,34,103947
55,104024,379,12,406,40,392,26,103948
55,104025,612,44,637,75,624,59,103949
55,104026,293,227,316,251,304,239,103950
55,104027,349,68,379,91,364,79,103951
55,104028,119,89,137,114,128,101,103952
55,104029,382,39,402,67,392,53,103953
55,104030,233,84,256,107,244,95,103954
55,104031,424,293,446,308,435,300,103955
55,104032,38,120,54,146,46,133,103956
55,104033,71,129,88,155,79,142,103957
55,104034,57,97,80,123,68,110,103958
55,104035,274,135,297,155,285,145,103959
55,104036,230,49,249,72,239,60,103960
55,104037,201,12,220,34,210,23,103961
55,104038,215,24,237,43,226,33,103962
55,104039,38,159,55,177,46,168,103963
55,104040,381,275,400,293,390,284,103964
55,104041,136,291,151,318,143,304,103965
55,104042,348,261,369,286,358,273,103966
55,104043,40,88,56,114,48,101,103967
55,104044,442,279,466,301,454,290,103968
55,104045,0,205,16,230,8,217,103969
55,104046,30,272,47,295,38,283,103970
55,104047,450,300,479,333,464,316,103971
55,104048,273,0,291,29,282,14,103972
55,104049,322,3,339,21,330,12,103973
55,104050,202,36,217,65,209,50,103974
55,104051,128,0,187,22,157,11,103975
55,104052,586,4,607,22,596,13,103976
55,104053,258,245,286,266,272,255,103977
55,104054,52,16,66,53,59,34,103978
55,104055,132,0,151,12,141,6,103979
55,104056,630,68,639,90,634,79,103980
55,104057,164,0,178,4,171,2,103981
55,104058,633,322,639,339,636,330,103982
55,104059,416,313,440,331,428,322,103983
55,104060,564,351,594,359,579,355,103984
55,104061,582,325,605,346,593,335,103985
55,104062,380,301,402,319,391,310,103986
55,104063,521,13,544,33,532,23,103987
55,104064,192,65,217,86,204,75,103988
55,104065,326,245,347,264,336,254,103989
55,104066,217,0,228,7,222,3,103990
55,104067,85,208,109,222,97,215,103991
55,104068,121,285,137,312,129,298,103992
55,104069,212,46,228,74,220,60,103993
56,104070,445,0,533,73,489,36,103995
56,104071,539,247,570,274,554,260,103996
56,104072,596,233,621,263,608,248,103997
56,104073,469,183,490,228,479,205,103998
56,104074,597,127,623,165,610,146,103999
56,104075,267,1,346,49,306,25,104000
56,104076,381,121,402,157,391,139,104001
56,104077,528,70,554,97,541,83,104002
56,104078,417,112,441,146,429,129,104003
56,104079,529,161,553,192,541,176,104004
56,104080,60,164,84,185,72,174,104005
56,104081,543,207,577,230,560,218,104006
56,104082,96,167,116,197,106,182,104007
56,104083,359,41,378,69,368,55,104008
56,104084,496,86,520,116,508,101,104009
56,104085,28,236,42,259,35,247,104010
56,104086,208,316,231,347,219,331,104011
56,104087,398,273,422,296,410,284,104012
56,104088,314,127,337,154,325,140,104013
56,104089,300,52,321,85,310,68,104014
56,104090,245,50,267,82,256,66,104015
56,104091,610,0,635,22,622,11,104016
56,104092,307,98,334,120,320,109,104017
56,104093,277,290,302,312,289,301,104018
56,104094,271,75,291,105,281,90,104019
56,104095,500,28,523,58,511,43,104020
56,104096,573,69,609,96,591,82,104021
56,104097,261,178,281,210,271,194,104022
56,104098,447,19,466,50,456,34,104023
56,104099,379,12,406,40,392,26,104024
56,104100,612,44,637,75,624,59,104025
56,104101,293,227,316,251,304,239,104026
56,104102,349,68,379,91,364,79,104027
56,104103,119,89,137,114,128,101,104028
56,104104,382,39,402,67,392,53,104029
56,104105,233,84,256,107,244,95,104030
56,104106,424,293,446,308,435,300,104031
56,104107,38,120,54,146,46,133,104032
56,104108,72,129,88,155,80,142,104033
56,104109,57,97,80,123,68,110,104034
56,104110,274,135,297,155,285,145,104035
56,104111,230,49,249,72,239,60,104036
56,104112,201,12,220,34,210,23,104037
56,104113,214,24,237,43,225,33,104038
56,104114,38,159,55,177,46,168,104039
56,104115,381,275,401,293,391,284,104040
56,104116,136,291,151,318,143,304,104041
56,104117,348,261,370,286,359,273,104042
56,104118,40,88,56,114,48,101,104043
56,104119,442,279,466,301,454,290,104044
56,104120,0,205,16,229,8,217,104045
56,104121,30,272,47,295,38,283,104046
56,104122,450,300,479,333,464,316,104047
56,104123,273,0,291,29,282,14,104048
56,104124,322,3,339,21,330,12,104049
56,104125,201,36,217,65,209,50,104050
56,104126,128,0,187,22,157,11,104051
56,104127,586,4,607,22,596,13,104052
56,104128,258,245,286,266,272,255,104053
56,104129,52,16,66,53,59,34,104054
56,104130,132,0,151,12,141,6,104055
56,104131,630,68,639,90,634,79,104056
56,104132,164,0,178,4,171,2,104057
56,104133,633,322,639,339,636,330,104058
56,104134,417,313,441,331,429,322,104059
56,104135,564,351,594,359,579,355,104060
56,104136,582,325,605,346,593,335,104061
56,104137,381,302,402,319,391,310,104062
56,104138,521,13,544,33,532,23,104063
56,104139,192,65,217,86,204,75,104064
56,104140,326,245,347,264,336,254,104065
56,104141,217,0,228,7,222,3,104066
56,104142,86,208,109,222,97,215,104067
56,104143,121,287,137,314,129,300,104068
56,104144,212,45,228,73,220,59,104069
57,104145,445,0,533,73,489,36,104070
57,104146,539,247,570,274,554,260,104071
57,104147,596,233,621,263,608,248,104072
57,104148,469,183,490,228,479,205,104073
57,104149,597,127,623,165,610,146,104074
57,104150,267,1,346,49,306,25,104075
57,104151,381,121,402,157,391,139,104076
57,104152,528,70,554,97,541,83,104077
57,104153,417,112,441,146,429,129,104078
57,104154,529,161,553,192,541,176,104079
57,104155,60,164,84,185,72,174,104080
57,104156,543,207,578,230,560,218,104081
57,104157,96,167,116,197,106,182,104082
57,104158,359,41,378,69,368,55,104083
57,104159,496,86,520,116,508,101,104084
57,104160,28,236,42,259,35,247,104085
57,104161,208,316,231,347,219,331,104086
57,104162,398,273,422,296,410,284,104087
57,104163,314,127,337,154,325,140,104088
57,104164,300,52,321,85,310,68,104089
57,104165,245,50,267,82,256,66,104090
57,104166,609,0,635,22,622,11,104091
57,104167,307,98,334,120,320,109,104092
57,104168,277,290,302,312,289,301,104093
57,104169,271,75,291,105,281,90,104094
57,104170,501,28,522,58,511,43,104095
57,104171,573,69,609,96,591,82,104096
57,104172,261,178,281,210,271,194,104097
57,104173,447,19,466,50,456,34,104098
57,104174,379,12,406,40,392,26,104099
57,104175,612,44,637,75,624,59,104100
57,104176,293,227,316,251,304,239,104101
57,104177,349,68,379,91,364,79,104102
57,104178,119,89,137,114,128,101,104103
57,104179,382,39,403,67,392,53,104104
57,104180,233,84,256,107,244,95,104105
57,104181,424,293,446,308,435,300,104106
57,104182,38,120,54,146,46,133,104107
57,104183,72,129,88,155,80,142,104108
57,104184,57,97,80,123,68,110,104109
57,104185,275,135,297,155,286,145,104110
57,104186,230,49,249,72,239,60,104111
57,104187,201,12,220,34,210,23,104112
57,104188,215,24,237,44,226,34,104113
57,104189,38,159,55,177,46,168,104114
57,104190,382,275,401,294,391,284,104115
57,104191,136,291,151,318,143,304,104116
57,104192,348,261,371,285,359,273,104117
57,104193,40,88,56,114,48,101,104118
57,104194,442,279,466,301,454,290,104119
57,104195,0,205,16,229,8,217,104120
57,104196,30,272,47,295,38,283,104121
57,104197,450,300,479,333,464,316,104122
57,104198,273,0,291,29,282,14,104123
57,104199,322,3,338,21,330,12,104124
57,104200,200,36,216,65,208,50,104125
57,104201,128,0,188,22,158,11,104126
57,104202,586,4,607,22,596,13,104127
57,104203,258,245,286,266,272,255,104128
57,104204,52,16,66,53,59,34,104129
57,104205,132,0,151,12,141,6,104130
57,104206,630,68,639,90,634,79,104131
57,104207,164,0,178,5,171,2,104132
57,104208,633,322,639,340,636,331,104133
57,104209,418,312,442,330,430,321,104134
57,104210,564,351,594,359,579,355,104135
57,104211,582,325,604,346,593,335,104136
57,104212,381,301,402,318,391,309,104137
57,104213,521,12,544,33,532,22,104138
57,104214,192,65,217,86,204,75,104139
57,104215,326,245,347,264,336,254,104140
57,104216,217,0,228,7,222,3,104141
57,104217,86,209,109,222,97,215,104142
57,104218,121,290,137,318,129,304,104143
57,104219,213,43,229,72,221,57,104144
57,104220,453,0,470,5,461,2,
58,104221,445,0,533,73,489,36,104145
58,104222,539,247,570,274,554,260,104146
58,104223,596,233,621,263,608,248,104147
58,104224,469,183,490,228,479,205,104148
58,104225,597,127,623,165,610,146,104149
58,104226,267,1,346,49,306,25,104150
58,104227,381,121,402,157,391,139,104151
58,104228,528,69,554,97,541,83,104152
58,104229,417,112,441,146,429,129,104153
58,104230,529,161,553,192,541,176,104154
58,104231,60,164,84,185,72,174,104155
58,104232,543,207,578,230,560,218,104156
58,104233,96,167,116,197,106,182,104157
58,104234,359,41,378,69,368,55,104158
58,104235,496,86,520,116,508,101,104159
58,104236,28,236,42,259,35,247,104160
58,104237,208,316,231,347,219,331,104161
58,104238,398,273,422,296,410,284,104162
58,104239,314,127,337,154,325,140,104163
58,104240,300,52,321,85,310,68,104164
58,104241,245,50,267,82,256,66,104165
58,104242,609,0,635,22,622,11,104166
58,104243,307,98,334,120,320,109,104167
58,104244,277,290,302,312,289,301,104168
58,104245,271,75,291,105,281,90,104169
58,104246,501,28,523,58,512,43,104170
58,104247,573,69,609,96,591,82,104171
58,104248,261,178,281,210,271,194,104172
58,104249,447,19,466,51,456,35,104173
58,104250,379,12,406,40,392,26,104174
58,104251,612,44,637,75,624,59,104175
58,104252,293,227,316,251,304,239,104176
58,104253,349,68,379,91,364,79,104177
58,104254,119,89,137,114,128,101,104178
58,104255,382,39,403,67,392,53,104179
58,104256,233,84,256,107,244,95,104180
58,104257,424,293,446,307,435,300,104181
58,104258,38,120,54,146,46,133,104182
58,104259,72,129,88,155,80,142,104183
58,104260,57,97,80,123,68,110,104184
58,104261,275,135,297,155,286,145,104185
58,104262,230,50,249,73,239,61,104186
58,104263,201,12,220,34,210,23,104187
58,104264,215,24,237,44,226,34,104188
58,104265,38,159,55,177,46,168,104189
58,104266,382,275,402,294,392,284,104190
58,104267,136,291,151,315,143,303,104191
58,104268,348,261,371,285,359,273,104192
58,104269,40,88,56,114,48,101,104193
58,104270,442,279,466,301,454,290,104194
58,104271,0,205,16,229,8,217,104195
58,104272,30,272,47,295,38,283,104196
58,104273,450,300,479,333,464,316,104197
58,104274,273,0,291,29,282,14,104198
58,104275,322,3,338,21,330,12,104199
58,104276,199,37,216,66,207,51,104200
58,104277,128,0,188,22,158,11,104201
58,104278,586,4,607,22,596,13,104202
58,104279,260,245,286,266,273,255,104203
58,104280,52,16,66,53,59,34,104204
58,104281,132,0,151,12,141,6,104205
58,104282,630,68,639,90,634,79,104206
58,104283,164,0,178,5,171,2,104207
58,104284,633,322,639,341,636,331,104208
58,104285,419,311,443,329,431,320,104209
58,104286,564,351,594,359,579,355,104210
58,104287,582,325,604,346,593,335,104211
58,104288,381,301,403,318,392,309,104212
58,104289,521,12,544,33,532,22,104213
58,104290,192,64,217,86,204,75,104214
58,104291,325,246,347,264,336,255,104215
58,104292,217,0,228,7,222,3,104216
58,104293,86,209,108,222,97,215,104217
58,104294,122,295,138,323,130,309,104218
58,104295,214,42,230,70,222,56,104219
58,104296,453,0,470,5,461,2,104220
58,104297,17,183,39,198,28,190,
59,104298,445,0,533,73,489,36,104221
59,104299,539,247,570,274,554,260,104222
59,104300,596,233,621,263,608,248,104223
59,104301,469,183,490,228,479,205,104224
59,104302,597,127,623,165,610,146,104225
59,104303,267,1,346,49,306,25,104226
59,104304,381,121,402,157,391,139,104227
59,104305,528,69,554,97,541,83,104228
59,104306,417,112,441,146,429,129,104229
59,104307,530,161,553,192,541,176,104230
59,104308,60,164,84,185,72,174,104231
59,104309,543,207,578,230,560,218,104232
59,104310,96,167,116,197,106,182,104233
59,104311,359,41,378,69,368,55,104234
59,104312,496,85,520,116,508,100,104235
59,104313,28,236,42,259,35,247,104236
59,104314,208,316,231,347,219,331,104237
59,104315,399,272,422,296,410,284,104238
59,104316,314,127,337,154,325,140,104239
59,104317,300,52,321,85,310,68,104240
59,104318,245,50,267,82,256,66,104241
59,104319,609,0,634,22,621,11,104242
59,104320,307,98,334,120,320,109,104243
59,104321,277,290,302,312,289,301,104244
59,104322,271,75,291,105,281,90,104245
59,104323,501,28,523,58,512,43,104246
59,104324,573,69,609,96,591,82,104247
59,104325,261,178,281,210,271,194,104248
59,104326,447,19,466,51,456,35,104249
59,104327,379,12,406,40,392,26,104250
59,104328,612,44,637,75,624,59,104251
59,104329,293,227,316,251,304,239,104252
59,104330,349,68,379,91,364,79,104253
59,104331,119,89,137,114,128,101,104254
59,104332,382,39,403,67,392,53,104255
59,104333,233,84,256,106,244,95,104256
59,104334,424,293,446,307,435,300,104257
59,104335,38,120,54,146,46,133,104258
59,104336,72,129,88,155,80,142,104259
59,104337,57,97,80,123,68,110,104260
59,104338,275,135,298,155,286,145,104261
59,104339,230,50,249,73,239,61,104262
59,104340,200,12,220,34,210,23,104263
59,104341,215,24,237,44,226,34,104264
59,104342,38,159,55,177,46,168,104265
59,104343,382,276,402,295,392,285,104266
59,104344,135,291,151,314,143,302,104267
59,104345,348,261,371,285,359,273,104268
59,104346,40,88,56,114,48,101,104269
59,104347,442,279,466,301,454,290,104270
59,104348,0,205,16,229,8,217,104271
59,104349,30,272,47,295,38,283,104272
59,104350,450,300,479,332,464,316,104273
59,104351,273,0,291,29,282,14,104274
59,104352,322,3,338,21,330,12,104275
59,104353,199,38,217,67,208,52,104276
59,104354,128,0,188,22,158,11,104277
59,104355,586,4,607,22,596,13,104278
59,104356,262,245,286,266,274,255,104279
59,104357,52,16,66,53,59,34,104280
59,104358,132,0,151,12,141,6,104281
59,104359,630,68,639,90,634,79,104282
59,104360,164,0,178,5,171,2,104283
59,104361,633,323,639,342,636,332,104284
59,104362,421,311,445,328,433,319,104285
59,104363,564,351,594,359,579,355,104286
59,104364,582,325,604,346,593,335,104287
59,104365,382,301,403,317,392,309,104288
59,104366,521,12,544,33,532,22,104289
59,104367,192,64,217,86,204,75,104290
59,104368,326,246,347,265,336,255,104291
59,104369,217,0,228,7,222,3,104292
59,104370,86,209,108,222,97,215,104293
59,104371,124,301,140,329,132,315,
59,104372,215,41,231,67,223,54,104295
59,104373,453,0,470,5,461,2,104296
59,104374,17,183,39,198,28,190,104297
60,104375,445,0,533,73,489,36,104298
60,104376,539,247,570,274,554,260,104299
60,104377,596,233,621,263,608,248,104300
60,104378,469,183,490,228,479,205,104301
60,104379,597,127,623,165,610,146,104302
60,104380,267,1,346,49,306,25,104303
60,104381,381,121,402,157,391,139,104304
60,104382,528,69,554,97,541,83,104305
60,104383,417,112,441,146,429,129,104306
60,104384,530,161,553,192,541,176,104307
60,104385,60,164,84,185,72,174,104308
60,104386,543,207,578,230,560,218,104309
60,104387,96,167,116,197,106,182,104310
60,104388,359,41,378,69,368,55,104311
60,104389,496,85,520,116,508,100,104312
60,104390,28,236,42,259,35,247,104313
60,104391,208,316,231,347,219,331,104314
60,104392,400,272,422,296,411,284,104315
60,104393,315,127,337,154,326,140,104316
60,104394,300,52,321,85,310,68,104317
60,104395,245,50,267,82,256,66,104318
60,104396,609,0,634,22,621,11,104319
60,104397,307,98,334,120,320,109,104320
60,104398,277,290,302,312,289,301,104321
60,104399,271,75,291,105,281,90,104322
60,104400,501,27,523,58,512,42,104323
60,104401,573,69,609,96,591,82,104324
60,104402,261,178,281,210,271,194,104325
60,104403,447,19,466,51,456,35,104326
60,104404,379,12,406,40,392,26,104327
60,104405,612,44,637,75,624,59,104328
60,104406,293,227,316,251,304,239,104329
60,104407,349,68,379,91,364,79,104330
60,104408,119,89,137,114,128,101,104331
60,104409,382,39,403,67,392,53,104332
60,104410,233,84,256,106,244,95,104333
60,104411,423,293,445,307,434,300,104334
60,104412,38,120,54,146,46,133,104335
60,104413,72,129,88,155,80,142,104336
60,104414,57,97,80,123,68,110,104337
60,104415,275,135,298,155,286,145,104338
60,104416,230,50,249,73,239,61,104339
60,104417,200,12,220,34,210,23,104340
60,104418,215,24,237,44,226,34,104341
60,104419,38,159,55,177,46,168,104342
60,104420,383,277,401,295,392,286,104343
60,104421,134,290,150,315,142,302,104344
60,104422,348,261,371,285,359,273,104345
60,104423,40,88,56,114,48,101,104346
60,104424,442,279,466,301,454,290,104347
60,104425,0,205,16,229,8,217,104348
60,104426,30,272,47,295,38,283,104349
60,104427,449,300,479,332,464,316,104350
60,104428,273,0,291,29,282,14,104351
60,104429,322,3,338,21,330,12,104352
60,104430,200,40,217,67,208,53,104353
60,104431,128,0,188,22,158,11,104354
60,104432,586,4,607,22,596,13,104355
60,104433,262,244,287,266,274,255,104356
60,104434,52,16,66,53,59,34,104357
60,104435,132,0,151,12,141,6,104358
60,104436,630,68,639,90,634,79,104359
60,104437,164,0,178,5,171,2,104360
60,104438,633,323,639,344,636,333,104361
60,104439,423,311,446,327,434,319,104362
60,104440,564,351,594,359,579,355,104363
60,104441,582,325,604,347,593,336,104364
60,104442,382,301,403,317,392,309,104365
60,104443,521,12,544,33,532,22,104366
60,104444,192,65,217,86,204,75,104367
60,104445,326,247,347,265,336,256,104368
60,104446,217,0,228,7,222,3,104369
60,104447,87,210,107,222,97,216,104370
60,104448,125,307,140,335,132,321,104371
60,104449,215,41,233,65,224,53,104372
60,104450,453,0,470,6,461,3,104373
60,104451,17,183,38,198,27,190,104374
61,104452,445,0,533,73,489,36,104375
61,104453,539,247,570,274,554,260,104376
61,104454,596,233,621,263,608,248,104377
61,104455,469,183,490,228,479,205,104378
61,104456,597,127,623,165,610,146,104379
61,104457,267,1,346,49,306,25,104380
61,104458,381,121,402,157,391,139,104381
61,104459,528,70,554,97,541,83,104382
61,104460,417,112,441,146,429,129,104383
61,104461,529,161,553,192,541,176,104384
61,104462,60,164,84,185,72,174,104385
61,104463,543,207,578,231,560,219,104386
61,104464,96,167,116,197,106,182,104387
61,104465,359,41,378,69,368,55,104388
61,104466,496,85,520,116,508,100,104389
61,104467,28,236,42,259,35,247,104390
61,104468,208,316,231,347,219,331,104391
61,104469,400,272,422,297,411,284,104392
61,104470,315,127,337,154,326,140,104393
61,104471,300,52,321,85,310,68,104394
61,104472,245,50,267,82,256,66,104395
61,104473,609,0,634,22,621,11,104396
61,104474,307,98,334,120,320,109,104397
61,104475,277,290,302,312,289,301,104398
61,104476,271,75,291,105,281,90,104399
61,104477,501,27,522,58,511,42,104400
61,104478,573,69,610,96,591,82,104401
61,104479,261,178,281,210,271,194,104402
61,104480,447,19,466,51,456,35,104403
61,104481,379,12,406,40,392,26,104404
61,104482,612,44,637,75,624,59,104405
61,104483,293,227,316,251,304,239,104406
61,104484,349,69,379,91,364,80,104407
61,104485,119,89,137,114,128,101,104408
61,104486,382,39,402,67,392,53,104409
61,104487,233,84,256,107,244,95,104410
61,104488,423,293,445,306,434,299,104411
61,104489,38,120,54,146,46,133,104412
61,104490,72,129,88,155,80,142,104413
61,104491,57,97,80,123,68,110,104414
61,104492,275,135,298,155,286,145,104415
61,104493,230,50,249,72,239,61,104416
61,104494,200,12,220,34,210,23,104417
61,104495,215,24,237,44,226,34,104418
61,104496,38,159,55,177,46,168,104419
61,104497,383,278,401,295,392,286,104420
61,104498,133,290,151,315,142,302,104421
61,104499,348,261,371,286,359,273,104422
61,104500,40,88,56,114,48,101,104423
61,104501,442,279,466,301,454,290,104424
61,104502,0,205,16,229,8,217,104425
61,104503,30,272,47,295,38,283,104426
61,104504,450,300,479,332,464,316,104427
61,104505,273,0,292,29,282,14,104428
61,104506,322,3,338,21,330,12,104429
61,104507,201,41,217,67,209,54,104430
61,104508,128,0,187,22,157,11,104431
61,104509,586,4,607,22,596,13,104432
61,104510,262,244,287,266,274,255,104433
61,104511,52,16,66,53,59,34,104434
61,104512,132,0,151,12,141,6,104435
61,104513,630,68,639,90,634,79,104436
61,104514,164,0,178,5,171,2,104437
61,104515,633,323,639,343,636,333,104438
61,104516,424,311,447,326,435,318,104439
61,104517,564,351,594,359,579,355,104440
61,104518,582,325,604,347,593,336,104441
61,104519,381,300,402,317,391,308,104442
61,104520,521,12,544,33,532,22,104443
61,104521,192,65,217,86,204,75,104444
61,104522,326,248,347,266,336,257,104445
61,104523,217,0,228,7,222,3,104446
61,104524,87,210,107,222,97,216,104447
61,104525,126,313,140,341,133,327,104448
61,104526,216,41,234,63,225,52,104449
61,104527,17,182,38,198,27,190,104451
62,104528,445,0,533,73,489,36,104452
62,104529,539,247,570,274,554,260,104453
62,104530,596,233,621,263,608,248,104454
62,104531,469,183,490,228,479,205,104455
62,104532,597,127,623,165,610,146,104456
62,104533,267,1,346,49,306,25,104457
62,104534,381,121,402,157,391,139,104458
62,104535,528,70,554,97,541,83,104459
62,104536,417,112,441,146,429,129,104460
62,104537,529,161,553,192,541,176,104461
62,104538,60,164,84,185,72,174,104462
62,104539,543,207,578,231,560,219,104463
62,104540,96,167,116,197,106,182,104464
62,104541,359,41,378,69,368,55,104465
62,104542,496,85,520,116,508,100,104466
62,104543,28,236,42,259,35,247,104467
62,104544,208,316,231,347,219,331,104468
62,104545,401,272,422,297,411,284,104469
62,104546,315,127,337,153,326,140,104470
62,104547,300,52,321,85,310,68,104471
62,104548,245,50,267,82,256,66,104472
62,104549,609,0,634,22,621,11,104473
62,104550,307,98,334,120,320,109,104474
62,104551,277,290,302,312,289,301,104475
62,104552,271,75,291,105,281,90,104476
62,104553,501,27,522,58,511,42,104477
62,104554,573,69,610,96,591,82,104478
62,104555,261,178,281,210,271,194,104479
62,104556,446,19,466,51,456,35,104480
62,104557,379,12,406,40,392,26,104481
62,104558,612,44,637,75,624,59,104482
62,104559,293,227,316,251,304,239,104483
62,104560,349,69,379,91,364,80,104484
62,104561,118,89,137,114,127,101,104485
62,104562,382,39,402,67,392,53,104486
62,104563,233,84,256,107,244,95,104487
62,104564,423,293,445,306,434,299,104488
62,104565,38,120,54,146,46,133,104489
62,104566,72,129,88,155,80,142,104490
62,104567,57,97,80,123,68,110,104491
62,104568,275,135,298,155,286,145,104492
62,104569,230,50,249,72,239,61,104493
62,104570,200,12,220,34,210,23,104494
62,104571,215,24,237,43,226,33,104495
62,104572,38,159,55,177,46,168,104496
62,104573,383,278,401,295,392,286,104497
62,104574,133,290,151,315,142,302,104498
62,104575,348,261,371,286,359,273,104499
62,104576,40,88,56,114,48,101,104500
62,104577,442,279,466,301,454,290,104501
62,104578,0,205,16,229,8,217,104502
62,104579,30,272,47,295,38,283,104503
62,104580,450,300,479,332,464,316,104504
62,104581,273,0,292,29,282,14,104505
62,104582,322,3,338,21,330,12,104506
62,104583,201,42,217,67,209,54,104507
62,104584,128,0,187,22,157,11,104508
62,104585,586,4,607,22,596,13,104509
62,104586,262,244,287,266,274,255,104510
62,104587,52,16,66,53,59,34,104511
62,104588,132,0,151,12,141,6,104512
62,104589,630,68,639,90,634,79,104513
62,104590,164,0,178,5,171,2,104514
62,104591,633,323,639,343,636,333,104515
62,104592,424,311,447,325,435,318,104516
62,104593,564,351,594,359,579,355,104517
62,104594,582,325,604,347,593,336,104518
62,104595,381,300,402,316,391,308,104519
62,104596,521,12,544,33,532,22,104520
62,104597,192,65,217,86,204,75,104521
62,104598,326,248,347,266,336,257,104522
62,104599,217,0,228,7,222,3,104523
62,104600,87,210,107,222,97,216,104524
62,104601,126,315,140,343,133,329,104525
62,104602,216,41,234,62,225,51,104526
62,104603,17,182,38,198,27,190,104527
63,104604,445,0,533,73,489,36,104528
63,104605,539,247,570,274,554,260,104529
63,104606,596,233,621,263,608,248,104530
63,104607,469,183,490,228,479,205,104531
63,104608,597,127,623,165,610,146,104532
63,104609,267,1,346,49,306,25,104533
63,104610,381,121,402,157,391,139,104534
63,104611,528,69,554,97,541,83,104535
63,104612,417,113,441,146,429,129,104536
63,104613,529,161,553,192,541,176,104537
63,104614,60,165,84,185,72,175,104538
63,104615,543,207,578,231,560,219,104539
63,104616,96,167,116,198,106,182,104540
63,104617,359,41,378,69,368,55,104541
63,104618,496,84,520,116,508,100,104542
63,104619,28,236,42,259,35,247,104543
63,104620,208,316,231,347,219,331,104544
63,104621,401,272,422,298,411,285,104545
63,104622,315,127,337,153,326,140,104546
63,104623,300,52,321,85,310,68,104547
63,104624,245,50,267,82,256,66,104548
63,104625,609,0,634,22,621,11,104549
63,104626,307,98,334,120,320,109,104550
63,104627,277,290,302,312,289,301,104551
63,104628,271,75,291,105,281,90,104552
63,104629,501,27,522,58,511,42,104553
63,104630,573,69,610,96,591,82,104554
63,104631,261,178,281,210,271,194,104555
63,104632,446,19,466,51,456,35,104556
63,104633,379,12,406,40,392,26,104557
63,104634,612,44,637,75,624,59,104558
63,104635,293,227,316,251,304,239,104559
63,104636,349,69,379,91,364,80,104560
63,104637,118,89,137,114,127,101,104561
63,104638,382,39,402,67,392,53,104562
63,104639,233,84,256,107,244,95,104563
63,104640,423,293,445,306,434,299,104564
63,104641,38,120,54,146,46,133,104565
63,104642,72,129,88,155,80,142,104566
63,104643,57,97,80,123,68,110,104567
63,104644,275,135,298,155,286,145,104568
63,104645,230,50,249,72,239,61,104569
63,104646,200,12,220,34,210,23,104570
63,104647,214,24,237,43,225,33,104571
63,104648,38,159,55,177,46,168,104572
63,104649,383,279,401,296,392,287,104573
63,104650,133,289,150,315,141,302,104574
63,104651,348,261,370,286,359,273,104575
63,104652,40,88,56,114,48,101,104576
63,104653,442,279,465,301,453,290,104577
63,104654,0,205,16,229,8,217,104578
63,104655,30,272,47,295,38,283,104579
63,104656,449,301,479,332,464,316,104580
63,104657,273,0,292,29,282,14,104581
63,104658,322,3,338,21,330,12,104582
63,104659,202,43,218,68,210,55,104583
63,104660,128,0,187,22,157,11,104584
63,104661,586,4,607,22,596,13,104585
63,104662,262,244,287,266,274,255,104586
63,104663,52,16,66,53,59,34,104587
63,104664,132,0,151,13,141,6,104588
63,104665,630,68,639,90,634,79,104589
63,104666,164,0,178,5,171,2,104590
63,104667,633,323,639,343,636,333,104591
63,104668,426,311,448,326,437,318,104592
63,104669,564,351,594,359,579,355,104593
63,104670,582,325,604,347,593,336,104594
63,104671,381,300,402,316,391,308,104595
63,104672,521,12,544,33,532,22,104596
63,104673,192,64,217,86,204,75,104597
63,104674,326,249,347,268,336,258,104598
63,104675,217,0,228,7,222,3,104599
63,104676,87,210,107,222,97,216,104600
63,104677,127,320,142,349,134,334,104601
63,104678,216,40,235,61,225,50,104602
63,104679,16,182,37,197,26,189,104603
64,104680,445,0,533,73,489,36,104604
64,104681,539,247,570,274,554,260,104605
64,104682,596,233,621,263,608,248,104606
64,104683,469,183,490,228,479,205,104607
64,104684,597,127,623,165,610,146,104608
64,104685,267,1,346,49,306,25,104609
64,104686,381,121,402,157,391,139,104610
64,104687,528,69,554,97,541,83,104611
64,104688,417,113,441,146,429,129,104612
64,104689,529,161,553,192,541,176,104613
64,104690,60,165,84,185,72,175,104614
64,104691,543,207,578,231,560,219,104615
64,104692,96,167,116,198,106,182,104616
64,104693,359,41,378,69,368,55,104617
64,104694,496,84,520,116,508,100,104618
64,104695,28,236,42,259,35,247,104619
64,104696,208,316,231,347,219,331,104620
64,104697,401,272,422,298,411,285,104621
64,104698,314,127,337,153,325,140,104622
64,104699,300,52,321,85,310,68,104623
64,104700,245,50,267,82,256,66,104624
64,104701,609,0,634,22,621,11,104625
64,104702,307,98,334,120,320,109,104626
64,104703,277,290,302,312,289,301,104627
64,104704,271,75,291,105,281,90,104628
64,104705,501,27,522,58,511,42,104629
64,104706,573,69,610,96,591,82,104630
64,104707,261,178,281,210,271,194,104631
64,104708,446,19,466,51,456,35,104632
64,104709,379,12,406,40,392,26,104633
64,104710,612,44,637,75,624,59,104634
64,104711,293,227,316,251,304,239,104635
64,104712,349,69,379,91,364,80,104636
64,104713,118,89,137,114,127,101,104637
64,104714,382,39,402,67,392,53,104638
64,104715,233,84,256,107,244,95,104639
64,104716,422,293,445,306,433,299,104640
64,104717,38,120,54,146,46,133,104641
64,104718,71,129,88,155,79,142,104642
64,104719,57,97,80,123,68,110,104643
64,104720,276,135,298,154,287,144,104644
64,104721,230,50,249,72,239,61,104645
64,104722,200,13,220,34,210,23,104646
64,104723,215,24,237,42,226,33,104647
64,104724,37,159,55,177,46,168,104648
64,104725,383,279,402,296,392,287,104649
64,104726,133,289,151,315,142,302,104650
64,104727,348,262,370,286,359,274,104651
64,104728,40,88,56,114,48,101,104652
64,104729,441,279,465,301,453,290,104653
64,104730,0,205,16,229,8,217,104654
64,104731,30,272,47,295,38,283,104655
64,104732,449,303,480,332,464,317,104656
64,104733,273,0,292,29,282,14,104657
64,104734,322,3,338,21,330,12,104658
64,104735,202,44,218,68,210,56,104659
64,104736,128,0,187,22,157,11,104660
64,104737,586,4,607,22,596,13,104661
64,104738,262,244,287,266,274,255,104662
64,104739,52,16,66,53,59,34,104663
64,104740,132,0,151,13,141,6,104664
64,104741,630,68,639,90,634,79,104665
64,104742,164,0,178,5,171,2,104666
64,104743,633,323,639,344,636,333,104667
64,104744,429,310,450,326,439,318,104668
64,104745,564,351,594,359,579,355,104669
64,104746,581,325,605,346,593,335,104670
64,104747,381,299,402,316,391,307,104671
64,104748,521,12,544,33,532,22,104672
64,104749,192,64,217,86,204,75,104673
64,104750,326,249,348,269,337,259,104674
64,104751,217,0,228,7,222,3,104675
64,104752,87,210,107,222,97,216,104676
64,104753,129,325,144,355,136,340,104677
64,104754,217,38,236,60,226,49,104678
64,104755,14,180,35,197,24,188,104679
64,104756,449,316,480,332,464,324,
64,104757,449,300,479,313,464,306,
65,104758,445,0,533,73,489,36,104680
65,104759,539,247,570,274,554,260,104681
65,104760,596,233,621,263,608,248,104682
65,104761,469,183,490,228,479,205,104683
65,104762,597,127,623,165,610,146,104684
65,104763,267,1,346,49,306,25,104685
65,104764,381,121,402,157,391,139,104686
65,104765,528,69,554,97,541,83,104687
65,104766,417,113,441,146,429,129,104688
65,104767,529,161,553,192,541,176,104689
65,104768,60,165,84,185,72,175,104690
65,104769,543,207,578,231,560,219,104691
65,104770,96,167,116,197,106,182,104692
65,104771,359,41,378,69,368,55,104693
65,104772,496,84,520,116,508,100,104694
65,104773,28,236,42,259,35,247,104695
65,104774,208,316,231,347,219,331,104696
65,104775,401,272,422,299,411,285,104697
65,104776,314,127,337,153,325,140,104698
65,104777,300,52,321,85,310,68,104699
65,104778,245,50,267,82,256,66,104700
65,104779,609,0,634,22,621,11,104701
65,104780,307,98,334,120,320,109,104702
65,104781,277,290,302,312,289,301,104703
65,104782,271,75,291,105,281,90,104704
65,104783,501,27,522,58,511,42,104705
65,104784,573,69,610,96,591,82,104706
65,104785,261,178,281,210,271,194,104707
65,104786,446,19,466,51,456,35,104708
65,104787,379,12,406,40,392,26,104709
65,104788,612,44,637,75,624,59,104710
65,104789,293,227,316,251,304,239,104711
65,104790,349,69,379,91,364,80,104712
65,104791,118,89,137,114,127,101,104713
65,104792,382,39,402,67,392,53,104714
65,104793,233,84,256,107,244,95,104715
65,104794,421,293,444,306,432,299,104716
65,104795,38,120,54,146,46,133,104717
65,104796,71,129,88,155,79,142,104718
65,104797,57,97,80,123,68,110,104719
65,104798,276,134,299,154,287,144,104720
65,104799,230,49,249,72,239,60,104721
65,104800,200,13,220,34,210,23,104722
65,104801,216,24,238,53,227,38,104723
65,104802,37,159,55,177,46,168,104724
65,104803,383,280,401,297,392,288,104725
65,104804,135,289,151,315,143,302,104726
65,104805,348,262,370,286,359,274,104727
65,104806,40,88,56,114,48,101,104728
65,104807,442,279,465,301,453,290,104729
65,104808,0,205,16,229,8,217,104730
65,104809,30,272,47,295,38,283,104731
65,104810,449,304,480,332,464,318,104732
65,104811,273,0,292,29,282,14,104733
65,104812,322,3,338,21,330,12,104734
65,104813,202,44,219,68,210,56,104735
65,104814,127,0,187,22,157,11,104736
65,104815,586,4,607,22,596,13,104737
65,104816,262,244,287,266,274,255,104738
65,104817,52,16,66,53,59,34,104739
65,104818,132,0,151,13,141,6,104740
65,104819,630,68,639,90,634,79,104741
65,104820,164,0,178,5,171,2,104742
65,104821,633,323,639,344,636,333,104743
65,104822,431,311,450,327,440,319,104744
65,104823,564,351,594,359,579,355,104745
65,104824,581,324,605,346,593,335,104746
65,104825,381,299,402,316,391,307,104747
65,104826,521,12,544,33,532,22,104748
65,104827,192,63,217,86,204,74,104749
65,104828,326,249,348,269,337,259,104750
65,104829,217,0,228,7,222,3,104751
65,104830,87,210,107,222,97,216,104752
65,104831,130,332,146,359,138,345,104753
65,104832,217,37,238,59,227,48,104754
65,104833,449,316,479,333,464,324,104732
65,104834,449,300,479,313,464,306,104757
66,104835,445,0,533,73,489,36,104758
66,104836,539,247,570,274,554,260,104759
66,104837,596,233,621,263,608,248,104760
66,104838,469,183,490,228,479,205,104761
66,104839,597,127,623,165,610,146,104762
66,104840,267,1,346,49,306,25,104763
66,104841,381,121,402,157,391,139,104764
66,104842,528,69,554,97,541,83,104765
66,104843,417,113,441,146,429,129,104766
66,104844,529,161,553,192,541,176,104767
66,104845,60,165,84,185,72,175,104768
66,104846,543,207,578,231,560,219,104769
66,104847,96,167,116,197,106,182,104770
66,104848,359,41,378,69,368,55,104771
66,104849,496,84,520,116,508,100,104772
66,104850,28,236,42,259,35,247,104773
66,104851,208,316,231,347,219,331,104774
66,104852,401,272,421,299,411,285,104775
66,104853,315,127,337,153,326,140,104776
66,104854,300,52,321,85,310,68,104777
66,104855,246,50,267,83,256,66,104778
66,104856,609,0,634,22,621,11,104779
66,104857,307,98,334,120,320,109,104780
66,104858,277,290,302,312,289,301,104781
66,104859,271,75,291,105,281,90,104782
66,104860,501,27,522,58,511,42,104783
66,104861,573,69,610,96,591,82,104784
66,104862,261,178,281,210,271,194,104785
66,104863,446,19,466,51,456,35,104786
66,104864,379,12,406,40,392,26,104787
66,104865,612,44,637,75,624,59,104788
66,104866,293,227,316,251,304,239,104789
66,104867,349,69,379,91,364,80,104790
66,104868,118,89,137,114,127,101,104791
66,104869,382,39,402,67,392,53,104792
66,104870,233,84,256,106,244,95,104793
66,104871,421,293,444,307,432,300,104794
66,104872,38,120,54,146,46,133,104795
66,104873,71,129,88,155,79,142,104796
66,104874,57,97,80,123,68,110,104797
66,104875,276,133,300,153,288,143,104798
66,104876,230,49,249,73,239,61,104799
66,104877,200,13,220,34,210,23,104800
66,104878,216,24,238,56,227,40,104801
66,104879,37,159,55,177,46,168,104802
66,104880,383,280,401,297,392,288,104803
66,104881,135,289,152,315,143,302,104804
66,104882,348,262,371,286,359,274,104805
66,104883,40,88,56,114,48,101,104806
66,104884,442,279,465,301,453,290,104807
66,104885,0,205,16,229,8,217,104808
66,104886,30,272,47,295,38,283,104809
66,104887,449,304,480,332,464,318,104810
66,104888,273,0,292,29,282,14,104811
66,104889,322,3,338,21,330,12,104812
66,104890,201,44,219,69,210,56,104813
66,104891,128,0,187,22,157,11,104814
66,104892,586,4,607,22,596,13,104815
66,104893,262,244,286,266,274,255,104816
66,104894,52,16,66,53,59,34,104817
66,104895,132,0,151,13,141,6,104818
66,104896,630,68,639,90,634,79,104819
66,104897,164,0,178,5,171,2,104820
66,104898,633,323,639,344,636,333,104821
66,104899,432,311,450,327,441,319,104822
66,104900,564,351,594,359,579,355,104823
66,104901,581,324,605,346,593,335,104824
66,104902,381,299,402,315,391,307,104825
66,104903,521,12,544,33,532,22,104826
66,104904,192,64,217,86,204,75,104827
66,104905,327,248,348,269,337,258,104828
66,104906,217,0,228,7,222,3,104829
66,104907,87,210,107,222,97,216,104830
66,104908,133,341,149,360,141,350,
66,104909,449,316,479,333,464,324,104810
66,104910,449,300,479,313,464,306,104834
67,104911,445,0,533,73,489,36,104835
67,104912,539,247,570,274,554,260,104836
67,104913,596,233,621,263,608,248,104837
67,104914,469,183,490,228,479,205,104838
67,104915,597,127,623,165,610,146,104839
67,104916,267,1,346,49,306,25,104840
67,104917,381,121,402,157,391,139,104841
67,104918,528,69,554,97,541,83,104842
67,104919,417,113,441,146,429,129,104843
67,104920,529,161,553,192,541,176,104844
67,104921,60,164,84,185,72,174,104845
67,104922,543,207,578,231,560,219,104846
67,104923,96,167,116,197,106,182,104847
67,104924,359,41,378,69,368,55,104848
67,104925,496,84,520,116,508,100,104849
67,104926,28,236,42,259,35,247,104850
67,104927,208,316,231,347,219,331,104851
67,104928,401,272,421,299,411,285,104852
67,104929,315,127,337,153,326,140,104853
67,104930,300,52,321,85,310,68,104854
67,104931,246,50,267,83,256,66,104855
67,104932,609,0,634,22,621,11,104856
67,104933,307,98,334,120,320,109,104857
67,104934,277,290,302,312,289,301,104858
67,104935,271,75,291,105,281,90,104859
67,104936,501,27,522,58,511,42,104860
67,104937,573,69,610,96,591,82,104861
67,104938,261,178,281,210,271,194,104862
67,104939,446,19,466,51,456,35,104863
67,104940,379,12,406,40,392,26,104864
67,104941,612,44,637,75,624,59,104865
67,104942,293,227,316,251,304,239,104866
67,104943,349,69,379,91,364,80,104867
67,104944,118,89,137,114,127,101,104868
67,104945,382,39,402,67,392,53,104869
67,104946,233,84,256,106,244,95,104870
67,104947,421,293,444,307,432,300,104871
67,104948,38,120,54,146,46,133,104872
67,104949,71,129,88,155,79,142,104873
67,104950,57,97,80,123,68,110,104874
67,104951,276,133,300,152,288,142,104875
67,104952,230,49,249,73,239,61,104876
67,104953,200,13,220,34,210,23,104877
67,104954,216,24,238,57,227,40,104878
67,104955,37,159,55,177,46,168,104879
67,104956,382,280,401,297,391,288,104880
67,104957,136,289,152,315,144,302,104881
67,104958,348,262,371,286,359,274,104882
67,104959,40,88,56,114,48,101,104883
67,104960,442,279,465,301,453,290,104884
67,104961,0,205,16,229,8,217,104885
67,104962,30,272,47,295,38,283,104886
67,104963,449,304,480,332,464,318,104887
67,104964,273,0,292,29,282,14,104888
67,104965,322,3,338,21,330,12,104889
67,104966,201,44,219,69,210,56,104890
67,104967,128,0,187,22,157,11,104891
67,104968,586,4,607,22,596,13,104892
67,104969,262,244,286,266,274,255,104893
67,104970,52,16,66,53,59,34,104894
67,104971,132,0,151,13,141,6,104895
67,104972,630,68,639,90,634,79,104896
67,104973,164,0,178,5,171,2,104897
67,104974,633,323,639,344,636,333,104898
67,104975,432,311,450,328,441,319,104899
67,104976,564,351,594,359,579,355,104900
67,104977,581,324,605,346,593,335,104901
67,104978,381,299,402,315,391,307,104902
67,104979,521,12,544,33,532,22,104903
67,104980,192,64,217,85,204,74,104904
67,104981,327,248,348,269,337,258,104905
67,104982,217,0,228,7,222,3,104906
67,104983,87,210,107,222,97,216,104907
67,104984,134,344,151,360,142,352,104908
67,104985,449,316,479,333,464,324,104887
67,104986,449,300,479,313,464,306,104910
68,104987,445,0,533,73,489,36,104911
68,104988,539,247,570,274,554,260,104912
68,104989,596,233,621,263,608,248,104913
68,104990,469,183,490,228,479,205,104914
68,104991,597,127,623,165,610,146,104915
68,104992,267,1,346,49,306,25,104916
68,104993,381,121,402,157,391,139,104917
68,104994,528,69,554,97,541,83,104918
68,104995,417,113,441,146,429,129,104919
68,104996,529,161,553,192,541,176,104920
68,104997,60,165,84,185,72,175,104921
68,104998,543,207,578,231,560,219,104922
68,104999,96,167,116,197,106,182,104923
68,105000,359,41,378,69,368,55,104924
68,105001,496,84,520,116,508,100,104925
68,105002,28,236,42,259,35,247,104926
68,105003,208,316,231,347,219,331,104927
68,105004,401,272,421,299,411,285,104928
68,105005,315,127,337,153,326,140,104929
68,105006,300,52,321,85,310,68,104930
68,105007,246,51,267,83,256,67,104931
68,105008,609,0,634,22,621,11,104932
68,105009,307,98,334,120,320,109,104933
68,105010,277,290,302,312,289,301,104934
68,105011,271,75,291,105,281,90,104935
68,105012,501,27,522,58,511,42,104936
68,105013,573,69,610,96,591,82,104937
68,105014,261,178,281,210,271,194,104938
68,105015,446,19,466,52,456,35,104939
68,105016,379,12,406,40,392,26,104940
68,105017,612,44,637,75,624,59,104941
68,105018,293,227,316,251,304,239,104942
68,105019,349,69,379,91,364,80,104943
68,105020,118,89,137,114,127,101,104944
68,105021,382,39,402,67,392,53,104945
68,105022,233,84,256,106,244,95,104946
68,105023,421,293,443,307,432,300,104947
68,105024,38,120,54,146,46,133,104948
68,105025,71,129,88,155,79,142,104949
68,105026,57,97,80,123,68,110,104950
68,105027,277,132,301,152,289,142,104951
68,105028,230,49,249,73,239,61,104952
68,105029,200,13,220,35,210,24,104953
68,105030,216,24,238,57,227,40,104954
68,105031,37,159,55,177,46,168,104955
68,105032,382,280,402,297,392,288,104956
68,105033,136,289,152,316,144,302,104957
68,105034,348,262,371,286,359,274,104958
68,105035,40,88,56,114,48,101,104959
68,105036,442,279,465,301,453,290,104960
68,105037,0,205,16,229,8,217,104961
68,105038,30,272,47,295,38,283,104962
68,105039,449,304,480,333,464,318,104963
68,105040,273,0,291,29,282,14,104964
68,105041,322,3,338,21,330,12,104965
68,105042,201,44,219,67,210,55,104966
68,105043,128,0,187,22,157,11,104967
68,105044,586,4,607,22,596,13,104968
68,105045,262,244,286,266,274,255,104969
68,105046,52,16,66,53,59,34,104970
68,105047,132,0,151,13,141,6,104971
68,105048,630,68,639,90,634,79,104972
68,105049,164,0,178,5,171,2,104973
68,105050,633,323,639,345,636,334,104974
68,105051,432,310,450,328,441,319,104975
68,105052,564,351,594,359,579,355,104976
68,105053,582,325,605,346,593,335,104977
68,105054,381,299,402,315,391,307,104978
68,105055,522,12,544,33,533,22,104979
68,105056,193,63,217,86,205,74,104980
68,105057,327,247,348,269,337,258,104981
68,105058,217,0,228,7,222,3,104982
68,105059,449,316,479,333,464,324,104963
68,105060,449,300,479,313,464,306,104986
68,105061,7,178,31,193,19,185,
69,105062,445,0,533,73,489,36,104987
69,105063,539,247,570,274,554,260,104988
69,105064,596,233,621,263,608,248,104989
69,105065,469,183,490,228,479,205,104990
69,105066,597,127,623,165,610,146,104991
69,105067,267,1,346,49,306,25,104992
69,105068,381,121,402,157,391,139,104993
69,105069,528,69,554,97,541,83,104994
69,105070,417,113,441,146,429,129,104995
69,105071,529,161,553,192,541,176,104996
69,105072,60,165,84,185,72,175,104997
69,105073,543,207,578,231,560,219,104998
69,105074,96,167,116,197,106,182,104999
69,105075,359,41,378,69,368,55,105000
69,105076,496,84,520,116,508,100,105001
69,105077,28,236,42,259,35,247,105002
69,105078,208,316,231,347,219,331,105003
69,105079,401,272,421,299,411,285,105004
69,105080,314,127,337,153,325,140,105005
69,105081,300,52,321,85,310,68,105006
69,105082,246,51,267,83,256,67,105007
69,105083,609,0,634,22,621,11,105008
69,105084,307,98,334,121,320,109,105009
69,105085,277,290,302,312,289,301,105010
69,105086,271,75,291,105,281,90,105011
69,105087,501,27,522,58,511,42,105012
69,105088,573,69,610,96,591,82,105013
69,105089,261,178,281,210,271,194,105014
69,105090,446,19,466,52,456,35,105015
69,105091,379,12,406,40,392,26,105016
69,105092,612,44,637,75,624,59,105017
69,105093,293,227,316,251,304,239,105018
69,105094,349,69,379,91,364,80,105019
69,105095,118,89,137,114,127,101,105020
69,105096,382,39,402,67,392,53,105021
69,105097,233,84,256,106,244,95,105022
69,105098,421,293,444,307,432,300,105023
69,105099,38,120,54,146,46,133,105024
69,105100,71,129,88,155,79,142,105025
69,105101,57,97,80,123,68,110,105026
69,105102,277,131,301,151,289,141,105027
69,105103,229,49,249,73,239,61,105028
69,105104,200,13,220,35,210,24,105029
69,105105,216,24,238,56,227,40,105030
69,105106,37,159,55,177,46,168,105031
69,105107,382,280,401,297,391,288,105032
69,105108,136,290,152,316,144,303,105033
69,105109,348,262,371,286,359,274,105034
69,105110,40,88,56,114,48,101,105035
69,105111,442,279,465,301,453,290,105036
69,105112,0,205,16,229,8,217,105037
69,105113,30,272,47,295,38,283,105038
69,105114,449,303,480,333,464,318,105039
69,105115,273,0,291,29,282,14,105040
69,105116,322,3,338,21,330,12,105041
69,105117,201,44,219,67,210,55,105042
69,105118,128,0,187,22,157,11,105043
69,105119,586,4,607,22,596,13,105044
69,105120,262,244,286,266,274,255,105045
69,105121,52,16,66,53,59,34,105046
69,105122,132,0,151,13,141,6,105047
69,105123,630,68,639,90,634,79,105048
69,105124,164,0,178,5,171,2,105049
69,105125,633,323,639,345,636,334,105050
69,105126,432,311,450,329,441,320,105051
69,105127,564,351,594,359,579,355,105052
69,105128,582,325,605,346,593,335,105053
69,105129,381,299,402,315,391,307,105054
69,105130,522,12,545,33,533,22,105055
69,105131,193,63,217,86,205,74,105056
69,105132,327,247,349,269,338,258,105057
69,105133,217,0,228,7,222,3,105058
69,105134,449,316,479,333,464,324,105039
69,105135,449,300,479,313,464,306,105060
69,105136,6,177,30,192,18,184,105061
69,105137,87,210,107,222,97,216,
70,105138,445,0,533,73,489,36,105062
70,105139,539,247,570,274,554,260,105063
70,105140,596,233,621,263,608,248,105064
70,105141,469,183,490,228,479,205,105065
70,105142,597,127,623,165,610,146,105066
70,105143,267,1,346,49,306,25,105067
70,105144,381,121,402,157,391,139,105068
70,105145,528,69,554,97,541,83,105069
70,105146,417,113,441,146,429,129,105070
70,105147,529,161,553,192,541,176,105071
70,105148,60,164,84,186,72,175,105072
70,105149,543,207,578,231,560,219,105073
70,105150,96,167,116,197,106,182,105074
70,105151,359,41,378,69,368,55,105075
70,105152,497,84,520,116,508,100,105076
70,105153,28,236,42,259,35,247,105077
70,105154,208,316,231,347,219,331,105078
70,105155,401,272,421,299,411,285,105079
70,105156,314,127,337,153,325,140,105080
70,105157,300,52,321,85,310,68,105081
70,105158,246,51,267,83,256,67,105082
70,105159,609,0,634,22,621,11,105083
70,105160,307,98,334,120,320,109,105084
70,105161,277,290,302,312,289,301,105085
70,105162,271,74,291,105,281,89,105086
70,105163,501,27,522,58,511,42,105087
70,105164,573,69,610,96,591,82,105088
70,105165,261,178,281,210,271,194,105089
70,105166,446,19,466,52,456,35,105090
70,105167,379,12,406,40,392,26,105091
70,105168,612,44,637,75,624,59,105092
70,105169,293,227,316,251,304,239,105093
70,105170,349,69,379,91,364,80,105094
70,105171,118,89,137,114,127,101,105095
70,105172,382,39,402,67,392,53,105096
70,105173,233,84,256,107,244,95,105097
70,105174,421,292,444,307,432,299,105098
70,105175,38,120,54,146,46,133,105099
70,105176,71,129,87,155,79,142,105100
70,105177,57,97,80,123,68,110,105101
70,105178,278,129,302,150,290,139,105102
70,105179,229,49,249,73,239,61,105103
70,105180,200,13,220,34,210,23,105104
70,105181,215,24,239,55,227,39,105105
70,105182,37,159,55,177,46,168,105106
70,105183,382,280,401,297,391,288,105107
70,105184,136,289,152,316,144,302,105108
70,105185,348,261,371,287,359,274,105109
70,105186,40,88,56,114,48,101,105110
70,105187,442,279,465,301,453,290,105111
70,105188,0,205,16,229,8,217,105112
70,105189,30,272,47,295,38,283,105113
70,105190,448,308,480,333,464,320,105114
70,105191,273,0,291,28,282,14,105115
70,105192,322,3,338,21,330,12,105116
70,105193,201,44,219,67,210,55,105117
70,105194,128,0,187,22,157,11,105118
70,105195,586,4,607,22,596,13,105119
70,105196,262,244,286,267,274,255,105120
70,105197,52,16,66,53,59,34,105121
70,105198,132,0,151,13,141,6,105122
70,105199,630,68,639,90,634,79,105123
70,105200,164,0,178,5,171,2,105124
70,105201,633,323,639,345,636,334,105125
70,105202,432,311,450,329,441,320,105126
70,105203,564,351,594,359,579,355,105127
70,105204,582,325,605,346,593,335,105128
70,105205,381,300,402,315,391,307,105129
70,105206,522,12,545,33,533,22,105130
70,105207,194,62,217,86,205,74,105131
70,105208,327,247,348,268,337,257,105132
70,105209,217,0,228,7,222,3,105133
70,105210,449,316,479,333,464,324,105114
70,105211,449,300,479,313,464,306,105135
70,105212,6,177,28,192,17,184,105136
71,105213,445,0,533,73,489,36,105138
71,105214,539,247,570,274,554,260,105139
71,105215,596,233,621,263,608,248,105140
71,105216,469,183,490,228,479,205,105141
71,105217,597,127,623,165,610,146,105142
71,105218,267,1,346,49,306,25,105143
71,105219,381,121,402,157,391,139,105144
71,105220,528,69,554,97,541,83,105145
71,105221,417,113,441,146,429,129,105146
71,105222,529,161,553,192,541,176,105147
71,105223,60,165,84,186,72,175,105148
71,105224,543,207,578,231,560,219,105149
71,105225,96,167,116,197,106,182,105150
71,105226,359,41,378,69,368,55,105151
71,105227,497,84,520,116,508,100,105152
71,105228,28,236,42,259,35,247,105153
71,105229,208,316,231,347,219,331,105154
71,105230,401,272,421,299,411,285,105155
71,105231,314,127,337,153,325,140,105156
71,105232,300,52,321,85,310,68,105157
71,105233,246,51,267,83,256,67,105158
71,105234,609,0,634,22,621,11,105159
71,105235,307,98,334,120,320,109,105160
71,105236,277,290,302,312,289,301,105161
71,105237,271,74,291,105,281,89,105162
71,105238,501,27,522,58,511,42,105163
71,105239,573,69,610,96,591,82,105164
71,105240,261,178,281,210,271,194,105165
71,105241,446,19,466,52,456,35,105166
71,105242,379,12,406,40,392,26,105167
71,105243,612,44,637,75,624,59,105168
71,105244,293,227,316,251,304,239,105169
71,105245,349,69,379,91,364,80,105170
71,105246,118,89,137,114,127,101,105171
71,105247,382,39,402,67,392,53,105172
71,105248,233,84,256,107,244,95,105173
71,105249,421,291,444,307,432,299,105174
71,105250,38,120,54,146,46,133,105175
71,105251,71,129,87,155,79,142,105176
71,105252,57,97,80,123,68,110,105177
71,105253,279,128,302,149,290,138,105178
71,105254,229,49,249,73,239,61,105179
71,105255,200,13,220,34,210,23,105180
71,105256,215,24,239,54,227,39,105181
71,105257,37,159,55,177,46,168,105182
71,105258,382,280,402,297,392,288,105183
71,105259,136,290,152,317,144,303,105184
71,105260,348,261,371,287,359,274,105185
71,105261,40,88,56,114,48,101,105186
71,105262,442,279,465,302,453,290,105187
71,105263,0,205,16,229,8,217,105188
71,105264,30,272,47,295,38,283,105189
71,105265,448,309,480,333,464,321,105190
71,105266,273,0,291,28,282,14,105191
71,105267,322,3,338,21,330,12,105192
71,105268,201,44,218,67,209,55,105193
71,105269,128,0,187,22,157,11,105194
71,105270,586,4,607,22,596,13,105195
71,105271,262,244,286,267,274,255,105196
71,105272,52,16,66,53,59,34,105197
71,105273,132,0,151,13,141,6,105198
71,105274,630,68,639,90,634,79,105199
71,105275,164,0,178,5,171,2,105200
71,105276,633,323,639,346,636,334,105201
71,105277,432,311,450,329,441,320,105202
71,105278,564,351,594,359,579,355,105203
71,105279,582,325,606,346,594,335,105204
71,105280,381,300,402,315,391,307,105205
71,105281,522,12,545,33,533,22,105206
71,105282,194,62,217,86,205,74,105207
71,105283,327,246,348,266,337,256,105208
71,105284,217,0,228,7,222,3,105209
71,105285,449,316,479,334,464,325,105190
71,105286,449,300,479,313,464,306,105211
71,105287,5,177,26,193,15,185,105212
72,105288,445,0,533,73,489,36,105213
72,105289,539,247,570,274,554,260,105214
72,105290,596,233,621,263,608,248,105215
72,105291,469,183,490,228,479,205,105216
72,105292,597,127,623,165,610,146,105217
72,105293,267,1,346,49,306,25,105218
72,105294,381,121,402,157,391,139,105219
72,105295,528,69,554,97,541,83,105220
72,105296,417,113,441,146,429,129,105221
72,105297,529,161,553,192,541,176,105222
72,105298,60,165,84,186,72,175,105223
72,105299,543,207,578,231,560,219,105224
72,105300,96,167,116,197,106,182,105225
72,105301,359,41,378,69,368,55,105226
72,105302,497,84,520,116,508,100,105227
72,105303,28,236,42,259,35,247,105228
72,105304,208,316,231,347,219,331,105229
72,105305,401,273,421,299,411,286,105230
72,105306,314,127,337,153,325,140,105231
72,105307,300,52,321,85,310,68,105232
72,105308,246,51,267,83,256,67,105233
72,105309,609,0,634,22,621,11,105234
72,105310,307,98,334,120,320,109,105235
72,105311,277,290,302,312,289,301,105236
72,105312,271,74,291,105,281,89,105237
72,105313,501,27,522,58,511,42,105238
72,105314,573,69,610,96,591,82,105239
72,105315,261,178,281,210,271,194,105240
72,105316,446,19,466,52,456,35,105241
72,105317,379,12,406,40,392,26,105242
72,105318,612,44,637,75,624,59,105243
72,105319,293,227,316,251,304,239,105244
72,105320,349,69,379,91,364,80,105245
72,105321,118,89,137,114,127,101,105246
72,105322,382,39,402,67,392,53,105247
72,105323,233,84,256,107,244,95,105248
72,105324,422,291,444,307,433,299,105249
72,105325,38,120,54,146,46,133,105250
72,105326,71,129,87,155,79,142,105251
72,105327,57,97,80,123,68,110,105252
72,105328,279,127,303,149,291,138,105253
72,105329,230,50,249,73,239,61,105254
72,105330,200,13,220,34,210,23,105255
72,105331,214,24,240,53,227,38,105256
72,105332,37,159,55,177,46,168,105257
72,105333,382,280,402,297,392,288,105258
72,105334,136,290,152,318,144,304,105259
72,105335,348,261,370,286,359,273,105260
72,105336,40,88,56,114,48,101,105261
72,105337,442,279,465,301,453,290,105262
72,105338,0,206,16,229,8,217,105263
72,105339,30,272,47,295,38,283,105264
72,105340,449,309,480,334,464,321,105265
72,105341,273,0,291,28,282,14,105266
72,105342,322,3,338,21,330,12,105267
72,105343,201,44,218,67,209,55,105268
72,105344,128,0,187,22,157,11,105269
72,105345,586,4,607,22,596,13,105270
72,105346,263,244,286,267,274,255,105271
72,105347,52,16,66,53,59,34,105272
72,105348,132,0,151,13,141,6,105273
72,105349,630,68,639,90,634,79,105274
72,105350,164,0,178,5,171,2,105275
72,105351,633,323,639,346,636,334,105276
72,105352,432,312,450,329,441,320,105277
72,105353,564,351,594,359,579,355,105278
72,105354,582,325,606,346,594,335,105279
72,105355,381,300,402,315,391,307,105280
72,105356,522,12,545,33,533,22,105281
72,105357,194,63,218,87,206,75,105282
72,105358,327,246,348,264,337,255,105283
72,105359,217,0,228,7,222,3,105284
72,105360,449,317,479,334,464,325,105265
72,105361,449,300,479,313,464,306,105286
72,105362,3,178,25,193,14,185,105287
72,105363,87,210,107,223,97,216,
73,105364,445,0,533,73,489,36,105288
73,105365,539,247,570,274,554,260,105289
73,105366,596,233,621,263,608,248,105290
73,105367,469,183,490,228,479,205,105291
73,105368,597,127,623,165,610,146,105292
73,105369,267,1,346,49,306,25,105293
73,105370,381,121,402,157,391,139,105294
73,105371,528,69,554,97,541,83,105295
73,105372,417,113,441,146,429,129,105296
73,105373,529,161,553,192,541,176,105297
73,105374,60,165,84,186,72,175,105298
73,105375,543,207,578,231,560,219,105299
73,105376,96,167,116,197,106,182,105300
73,105377,359,41,378,69,368,55,105301
73,105378,497,84,520,116,508,100,105302
73,105379,28,236,42,259,35,247,105303
73,105380,208,316,231,347,219,331,105304
73,105381,401,273,421,299,411,286,105305
73,105382,314,127,337,153,325,140,105306
73,105383,300,52,321,85,310,68,105307
73,105384,246,51,267,83,256,67,105308
73,105385,609,0,634,22,621,11,105309
73,105386,307,98,334,120,320,109,105310
73,105387,277,290,302,312,289,301,105311
73,105388,271,74,291,105,281,89,105312
73,105389,501,27,522,58,511,42,105313
73,105390,573,69,609,96,591,82,105314
73,105391,261,178,281,210,271,194,105315
73,105392,446,19,466,52,456,35,105316
73,105393,379,12,406,40,392,26,105317
73,105394,612,44,637,75,624,59,105318
73,105395,293,227,316,251,304,239,105319
73,105396,349,69,379,91,364,80,105320
73,105397,119,89,137,114,128,101,105321
73,105398,382,39,402,67,392,53,105322
73,105399,233,84,256,107,244,95,105323
73,105400,422,291,444,307,433,299,105324
73,105401,38,120,54,146,46,133,105325
73,105402,71,129,87,155,79,142,105326
73,105403,57,97,80,123,68,110,105327
73,105404,279,127,303,149,291,138,105328
73,105405,230,50,249,73,239,61,105329
73,105406,200,13,220,34,210,23,105330
73,105407,214,24,240,52,227,38,105331
73,105408,37,159,55,177,46,168,105332
73,105409,382,280,402,297,392,288,105333
73,105410,136,291,152,319,144,305,105334
73,105411,348,261,370,286,359,273,105335
73,105412,40,88,56,114,48,101,105336
73,105413,442,279,465,301,453,290,105337
73,105414,0,206,16,229,8,217,105338
73,105415,30,272,47,295,38,283,105339
73,105416,449,308,480,334,464,321,105340
73,105417,273,0,291,28,282,14,105341
73,105418,322,3,338,21,330,12,105342
73,105419,201,44,218,68,209,56,105343
73,105420,128,0,187,22,157,11,105344
73,105421,586,4,607,22,596,13,105345
73,105422,263,244,286,267,274,255,105346
73,105423,52,16,66,53,59,34,105347
73,105424,132,0,151,13,141,6,105348
73,105425,630,68,639,90,634,79,105349
73,105426,164,0,178,5,171,2,105350
73,105427,633,323,639,346,636,334,105351
73,105428,432,312,450,329,441,320,105352
73,105429,564,351,594,359,579,355,105353
73,105430,582,325,606,346,594,335,105354
73,105431,381,300,402,315,391,307,105355
73,105432,522,12,545,33,533,22,105356
73,105433,194,63,218,87,206,75,105357
73,105434,327,246,347,264,337,255,105358
73,105435,217,0,228,7,222,3,105359
73,105436,449,317,479,334,464,325,105340
73,105437,449,300,479,313,464,306,105361
73,105438,2,178,24,193,13,185,105362
73,105439,88,210,107,223,97,216,105363
74,105440,445,0,533,73,489,36,105364
74,105441,539,247,570,274,554,260,105365
74,105442,596,233,621,263,608,248,105366
74,105443,469,183,490,228,479,205,105367
74,105444,597,127,623,165,610,146,105368
74,105445,267,1,346,49,306,25,105369
74,105446,381,121,402,157,391,139,105370
74,105447,528,69,554,97,541,83,105371
74,105448,417,113,441,146,429,129,105372
74,105449,529,161,553,192,541,176,105373
74,105450,60,164,84,186,72,175,105374
74,105451,543,207,578,231,560,219,105375
74,105452,96,167,116,197,106,182,105376
74,105453,359,41,378,69,368,55,105377
74,105454,497,84,520,116,508,100,105378
74,105455,28,236,42,259,35,247,105379
74,105456,208,316,231,347,219,331,105380
74,105457,401,273,421,299,411,286,105381
74,105458,314,127,337,153,325,140,105382
74,105459,300,52,321,85,310,68,105383
74,105460,246,51,267,83,256,67,105384
74,105461,609,0,634,22,621,11,105385
74,105462,307,98,334,120,320,109,105386
74,105463,277,290,302,312,289,301,105387
74,105464,271,74,291,105,281,89,105388
74,105465,501,27,522,58,511,42,105389
74,105466,573,69,609,96,591,82,105390
74,105467,261,178,281,210,271,194,105391
74,105468,446,19,466,52,456,35,105392
74,105469,379,12,406,40,392,26,105393
74,105470,612,44,637,75,624,59,105394
74,105471,293,227,316,251,304,239,105395
74,105472,349,69,379,91,364,80,105396
74,105473,119,89,137,114,128,101,105397
74,105474,382,39,402,67,392,53,105398
74,105475,233,84,256,107,244,95,105399
74,105476,422,291,444,307,433,299,105400
74,105477,38,120,54,146,46,133,105401
74,105478,71,129,87,155,79,142,105402
74,105479,57,97,80,123,68,110,105403
74,105480,280,127,303,148,291,137,105404
74,105481,230,50,249,73,239,61,105405
74,105482,199,13,220,34,209,23,105406
74,105483,214,24,242,51,228,37,105407
74,105484,37,159,55,177,46,168,105408
74,105485,382,280,402,297,392,288,105409
74,105486,136,291,152,319,144,305,105410
74,105487,348,261,370,287,359,274,105411
74,105488,40,88,56,114,48,101,105412
74,105489,442,279,465,301,453,290,105413
74,105490,0,206,16,229,8,217,105414
74,105491,30,272,47,295,38,283,105415
74,105492,273,0,291,28,282,14,105417
74,105493,322,3,338,21,330,12,105418
74,105494,200,44,217,68,208,56,105419
74,105495,128,0,187,22,157,11,105420
74,105496,586,4,607,22,596,13,105421
74,105497,263,244,286,267,274,255,105422
74,105498,52,16,66,53,59,34,105423
74,105499,132,0,151,13,141,6,105424
74,105500,630,68,639,90,634,79,105425
74,105501,164,0,178,5,171,2,105426
74,105502,633,323,639,346,636,334,105427
74,105503,432,312,450,330,441,321,105428
74,105504,564,351,594,359,579,355,105429
74,105505,582,325,606,346,594,335,105430
74,105506,381,300,402,315,391,307,105431
74,105507,522,12,545,33,533,22,105432
74,105508,194,63,218,87,206,75,105433
74,105509,327,246,347,264,337,255,105434
74,105510,217,0,228,7,222,3,105435
74,105511,449,317,479,334,464,325,105416
74,105512,449,300,479,314,464,307,105437
74,105513,1,179,23,193,12,186,105438
74,105514,87,210,107,223,97,216,105439
75,105515,445,0,533,73,489,36,105440
75,105516,539,247,570,274,554,260,105441
75,105517,596,233,621,263,608,248,105442
75,105518,468,183,490,228,479,205,105443
75,105519,597,127,623,165,610,146,105444
75,105520,267,1,346,49,306,25,105445
75,105521,381,121,402,157,391,139,105446
75,105522,528,69,554,97,541,83,105447
75,105523,417,113,441,146,429,129,105448
75,105524,529,161,553,192,541,176,105449
75,105525,60,164,84,186,72,175,105450
75,105526,543,207,578,231,560,219,105451
75,105527,96,167,116,197,106,182,105452
75,105528,359,41,378,69,368,55,105453
75,105529,497,84,520,116,508,100,105454
75,105530,28,236,42,259,35,247,105455
75,105531,208,316,231,347,219,331,105456
75,105532,401,272,421,299,411,285,105457
75,105533,314,127,337,153,325,140,105458
75,105534,300,52,321,85,310,68,105459
75,105535,246,51,268,83,257,67,105460
75,105536,609,0,634,22,621,11,105461
75,105537,307,98,334,120,320,109,105462
75,105538,277,290,302,312,289,301,105463
75,105539,271,74,291,105,281,89,105464
75,105540,501,27,522,58,511,42,105465
75,105541,573,69,610,96,591,82,105466
75,105542,261,178,281,210,271,194,105467
75,105543,446,19,466,52,456,35,105468
75,105544,379,12,406,40,392,26,105469
75,105545,612,44,637,75,624,59,105470
75,105546,293,227,316,251,304,239,105471
75,105547,349,69,379,91,364,80,105472
75,105548,118,89,137,114,127,101,105473
75,105549,382,39,402,67,392,53,105474
75,105550,233,84,256,107,244,95,105475
75,105551,422,290,444,308,433,299,105476
75,105552,38,120,54,146,46,133,105477
75,105553,71,129,88,155,79,142,105478
75,105554,57,97,80,123,68,110,105479
75,105555,280,127,303,148,291,137,105480
75,105556,230,50,249,73,239,61,105481
75,105557,199,13,220,34,209,23,105482
75,105558,214,24,244,50,229,37,105483
75,105559,37,159,55,177,46,168,105484
75,105560,382,280,402,297,392,288,105485
75,105561,136,292,153,320,144,306,105486
75,105562,348,261,369,286,358,273,105487
75,105563,40,88,56,114,48,101,105488
75,105564,442,279,465,301,453,290,105489
75,105565,0,206,16,229,8,217,105490
75,105566,30,272,47,295,38,283,105491
75,105567,273,0,291,28,282,14,105492
75,105568,322,3,338,21,330,12,105493
75,105569,200,44,217,68,208,56,105494
75,105570,128,0,187,22,157,11,105495
75,105571,586,4,607,22,596,13,105496
75,105572,263,244,286,267,274,255,105497
75,105573,52,16,66,53,59,34,105498
75,105574,132,0,151,13,141,6,105499
75,105575,630,68,639,90,634,79,105500
75,105576,164,0,178,5,171,2,105501
75,105577,633,324,639,348,636,336,105502
75,105578,432,312,452,330,442,321,105503
75,105579,564,351,594,359,579,355,105504
75,105580,582,325,606,346,594,335,105505
75,105581,381,300,402,315,391,307,105506
75,105582,522,12,545,33,533,22,105507
75,105583,194,63,217,87,205,75,105508
75,105584,327,246,347,264,337,255,105509
75,105585,217,0,228,7,222,3,105510
75,105586,449,318,479,335,464,326,105511
75,105587,449,300,478,314,463,307,105512
75,105588,0,179,22,193,11,186,105513
75,105589,87,210,107,223,97,216,105514
76,105590,445,0,533,73,489,36,105515
76,105591,539,247,570,274,554,260,105516
76,105592,596,233,621,263,608,248,105517
76,105593,468,183,490,228,479,205,105518
76,105594,597,127,623,165,610,146,105519
76,105595,267,1,346,49,306,25,105520
76,105596,381,121,402,157,391,139,105521
76,105597,528,69,554,97,541,83,105522
76,105598,417,113,441,146,429,129,105523
76,105599,529,160,553,192,541,176,105524
76,105600,60,164,84,186,72,175,105525
76,105601,543,207,578,231,560,219,105526
76,105602,96,167,116,197,106,182,105527
76,105603,359,41,378,69,368,55,105528
76,105604,497,84,520,116,508,100,105529
76,105605,28,236,42,259,35,247,105530
76,105606,208,316,231,347,219,331,105531
76,105607,401,272,421,299,411,285,105532
76,105608,314,127,337,153,325,140,105533
76,105609,300,52,321,85,310,68,105534
76,105610,246,51,268,83,257,67,105535
76,105611,609,0,634,22,621,11,105536
76,105612,307,98,334,120,320,109,105537
76,105613,277,290,302,312,289,301,105538
76,105614,271,75,291,105,281,90,105539
76,105615,501,27,522,58,511,42,105540
76,105616,573,69,610,96,591,82,105541
76,105617,261,178,281,210,271,194,105542
76,105618,446,19,466,52,456,35,105543
76,105619,379,12,406,40,392,26,105544
76,105620,612,44,637,75,624,59,105545
76,105621,293,227,316,251,304,239,105546
76,105622,349,69,379,91,364,80,105547
76,105623,118,89,137,114,127,101,105548
76,105624,382,39,402,67,392,53,105549
76,105625,233,84,256,107,244,95,105550
76,105626,422,290,444,308,433,299,105551
76,105627,38,120,54,146,46,133,105552
76,105628,71,129,88,155,79,142,105553
76,105629,57,97,80,123,68,110,105554
76,105630,280,126,303,148,291,137,105555
76,105631,230,50,249,73,239,61,105556
76,105632,199,13,220,34,209,23,105557
76,105633,213,23,245,49,229,36,105558
76,105634,37,159,55,177,46,168,105559
76,105635,382,280,402,297,392,288,105560
76,105636,136,294,153,320,144,307,105561
76,105637,348,260,370,286,359,273,105562
76,105638,40,88,56,114,48,101,105563
76,105639,442,279,465,301,453,290,105564
76,105640,0,206,16,229,8,217,105565
76,105641,30,272,47,295,38,283,105566
76,105642,273,0,291,28,282,14,105567
76,105643,322,3,338,21,330,12,105568
76,105644,200,44,217,68,208,56,105569
76,105645,128,0,187,22,157,11,105570
76,105646,586,4,607,22,596,13,105571
76,105647,263,244,286,267,274,255,105572
76,105648,52,16,66,53,59,34,105573
76,105649,132,0,151,13,141,6,105574
76,105650,630,68,639,90,634,79,105575
76,105651,164,0,178,5,171,2,105576
76,105652,633,324,639,349,636,336,105577
76,105653,432,312,453,330,442,321,105578
76,105654,564,351,594,359,579,355,105579
76,105655,582,325,606,346,594,335,105580
76,105656,381,300,401,315,391,307,105581
76,105657,522,12,545,33,533,22,105582
76,105658,194,63,217,87,205,75,105583
76,105659,327,245,347,263,337,254,105584
76,105660,217,0,228,7,222,3,105585
76,105661,447,318,478,335,462,326,105586
76,105662,449,300,478,314,463,307,105587
76,105663,0,179,21,193,10,186,105588
76,105664,87,210,107,223,97,216,105589
77,105665,445,0,533,73,489,36,105590
77,105666,539,247,570,274,554,260,105591
77,105667,596,233,621,263,608,248,105592
77,105668,468,183,490,228,479,205,105593
77,105669,596,127,623,165,609,146,105594
77,105670,267,1,346,49,306,25,105595
77,105671,381,121,402,157,391,139,105596
77,105672,528,69,554,97,541,83,105597
77,105673,417,113,441,146,429,129,105598
77,105674,529,161,553,192,541,176,105599
77,105675,60,164,84,186,72,175,105600
77,105676,543,207,578,231,560,219,105601
77,105677,96,167,116,197,106,182,105602
77,105678,359,41,378,69,368,55,105603
77,105679,497,84,520,116,508,100,105604
77,105680,28,236,42,259,35,247,105605
77,105681,208,316,231,347,219,331,105606
77,105682,401,272,421,298,411,285,105607
77,105683,314,127,337,153,325,140,105608
77,105684,300,52,321,85,310,68,105609
77,105685,246,51,267,83,256,67,105610
77,105686,609,0,634,22,621,11,105611
77,105687,307,98,334,120,320,109,105612
77,105688,277,290,302,312,289,301,105613
77,105689,271,75,291,105,281,90,105614
77,105690,501,27,522,58,511,42,105615
77,105691,573,69,609,96,591,82,105616
77,105692,261,178,281,210,271,194,105617
77,105693,446,19,466,52,456,35,105618
77,105694,379,12,406,40,392,26,105619
77,105695,612,44,637,75,624,59,105620
77,105696,293,227,316,251,304,239,105621
77,105697,349,69,379,91,364,80,105622
77,105698,119,89,137,114,128,101,105623
77,105699,382,39,402,67,392,53,105624
77,105700,233,84,256,107,244,95,105625
77,105701,422,290,444,308,433,299,105626
77,105702,38,120,54,146,46,133,105627
77,105703,71,129,88,155,79,142,105628
77,105704,57,97,80,123,68,110,105629
77,105705,280,126,303,148,291,137,105630
77,105706,230,50,249,73,239,61,105631
77,105707,199,13,220,34,209,23,105632
77,105708,214,20,246,48,230,34,105633
77,105709,37,159,55,177,46,168,105634
77,105710,382,280,402,297,392,288,105635
77,105711,136,296,153,322,144,309,105636
77,105712,348,260,370,287,359,273,105637
77,105713,40,88,56,114,48,101,105638
77,105714,443,278,465,301,454,289,105639
77,105715,0,206,16,229,8,217,105640
77,105716,30,272,47,295,38,283,105641
77,105717,273,0,291,28,282,14,105642
77,105718,322,3,338,21,330,12,105643
77,105719,200,44,217,68,208,56,105644
77,105720,128,0,187,22,157,11,105645
77,105721,586,4,607,22,596,13,105646
77,105722,263,244,286,267,274,255,105647
77,105723,52,16,66,53,59,34,105648
77,105724,132,0,151,13,141,6,105649
77,105725,630,68,639,90,634,79,105650
77,105726,164,0,178,5,171,2,105651
77,105727,633,324,639,350,636,337,105652
77,105728,432,312,453,330,442,321,105653
77,105729,565,351,594,359,579,355,105654
77,105730,582,325,606,346,594,335,105655
77,105731,381,300,401,315,391,307,105656
77,105732,522,12,545,33,533,22,105657
77,105733,193,63,217,87,205,75,105658
77,105734,327,245,347,263,337,254,105659
77,105735,217,0,228,7,222,3,105660
77,105736,447,319,478,336,462,327,105661
77,105737,449,300,478,314,463,307,105662
77,105738,0,180,20,193,10,186,105663
77,105739,87,210,107,223,97,216,105664
77,105740,230,19,246,47,238,33,
78,105741,445,0,533,73,489,36,105665
78,105742,539,247,570,274,554,260,105666
78,105743,596,233,621,263,608,248,105667
78,105744,468,183,490,228,479,205,105668
78,105745,596,127,623,165,609,146,105669
78,105746,267,1,346,49,306,25,105670
78,105747,381,121,402,157,391,139,105671
78,105748,528,69,554,97,541,83,105672
78,105749,417,113,441,146,429,129,105673
78,105750,529,161,553,192,541,176,105674
78,105751,60,164,84,186,72,175,105675
78,105752,543,207,578,231,560,219,105676
78,105753,96,167,116,197,106,182,105677
78,105754,359,41,378,69,368,55,105678
78,105755,497,84,520,116,508,100,105679
78,105756,28,236,42,259,35,247,105680
78,105757,208,316,231,347,219,331,105681
78,105758,401,272,421,299,411,285,105682
78,105759,314,127,337,153,325,140,105683
78,105760,300,52,321,85,310,68,105684
78,105761,246,51,267,82,256,66,105685
78,105762,609,0,634,22,621,11,105686
78,105763,307,98,334,120,320,109,105687
78,105764,277,290,302,312,289,301,105688
78,105765,271,74,291,105,281,89,105689
78,105766,501,27,522,58,511,42,105690
78,105767,573,69,609,96,591,82,105691
78,105768,261,178,281,210,271,194,105692
78,105769,446,19,466,52,456,35,105693
78,105770,379,12,406,40,392,26,105694
78,105771,612,44,637,75,624,59,105695
78,105772,293,227,316,251,304,239,105696
78,105773,349,69,379,91,364,80,105697
78,105774,119,89,137,114,128,101,105698
78,105775,382,39,402,67,392,53,105699
78,105776,233,84,256,107,244,95,105700
78,105777,422,291,444,308,433,299,105701
78,105778,38,120,54,146,46,133,105702
78,105779,71,129,88,155,79,142,105703
78,105780,57,97,80,123,68,110,105704
78,105781,280,126,303,148,291,137,105705
78,105782,230,50,249,73,239,61,105706
78,105783,199,13,220,33,209,23,105707
78,105784,214,18,247,47,230,32,105708
78,105785,37,159,55,177,46,168,105709
78,105786,382,280,401,297,391,288,105710
78,105787,136,299,152,324,144,311,105711
78,105788,348,260,370,287,359,273,105712
78,105789,40,88,56,114,48,101,105713
78,105790,443,278,465,301,454,289,105714
78,105791,0,206,16,230,8,218,105715
78,105792,30,272,47,295,38,283,105716
78,105793,273,0,291,28,282,14,105717
78,105794,322,3,338,21,330,12,105718
78,105795,200,44,218,68,209,56,105719
78,105796,128,0,187,22,157,11,105720
78,105797,586,4,607,22,596,13,105721
78,105798,263,244,286,267,274,255,105722
78,105799,52,16,67,53,59,34,105723
78,105800,132,0,151,13,141,6,105724
78,105801,630,68,639,90,634,79,105725
78,105802,164,0,178,5,171,2,105726
78,105803,633,324,639,350,636,337,105727
78,105804,432,313,454,330,443,321,105728
78,105805,565,351,594,359,579,355,105729
78,105806,582,325,605,346,593,335,105730
78,105807,381,301,401,315,391,308,105731
78,105808,522,12,545,33,533,22,105732
78,105809,193,63,217,87,205,75,105733
78,105810,327,244,347,263,337,253,105734
78,105811,217,0,228,7,222,3,105735
78,105812,446,319,477,337,461,328,105736
78,105813,449,300,478,314,463,307,105737
78,105814,0,179,20,193,10,186,105738
78,105815,87,210,107,223,97,216,105739
78,105816,229,17,247,46,238,31,105740
79,105817,445,0,533,73,489,36,105741
79,105818,539,247,570,274,554,260,105742
79,105819,596,233,621,263,608,248,105743
79,105820,468,183,490,228,479,205,105744
79,105821,596,127,623,165,609,146,105745
79,105822,267,1,346,49,306,25,105746
79,105823,381,121,402,157,391,139,105747
79,105824,528,69,554,97,541,83,105748
79,105825,417,113,441,146,429,129,105749
79,105826,529,161,553,192,541,176,105750
79,105827,60,164,84,186,72,175,105751
79,105828,543,207,578,231,560,219,105752
79,105829,96,167,116,197,106,182,105753
79,105830,359,41,378,69,368,55,105754
79,105831,497,84,520,116,508,100,105755
79,105832,28,236,42,259,35,247,105756
79,105833,208,316,231,347,219,331,105757
79,105834,401,272,421,299,411,285,105758
79,105835,314,127,337,153,325,140,105759
79,105836,300,52,321,85,310,68,105760
79,105837,246,51,267,82,256,66,105761
79,105838,609,0,634,22,621,11,105762
79,105839,307,98,334,120,320,109,105763
79,105840,277,290,302,312,289,301,105764
79,105841,271,74,291,105,281,89,105765
79,105842,501,27,522,58,511,42,105766
79,105843,573,69,609,96,591,82,105767
79,105844,261,178,281,210,271,194,105768
79,105845,446,19,466,52,456,35,105769
79,105846,379,12,406,40,392,26,105770
79,105847,612,44,637,75,624,59,105771
79,105848,293,227,316,251,304,239,105772
79,105849,349,69,379,91,364,80,105773
79,105850,119,89,137,114,128,101,105774
79,105851,382,39,402,67,392,53,105775
79,105852,233,84,256,107,244,95,105776
79,105853,422,292,444,308,433,300,105777
79,105854,38,120,54,146,46,133,105778
79,105855,71,129,88,155,79,142,105779
79,105856,57,97,80,123,68,110,105780
79,105857,280,126,303,148,291,137,105781
79,105858,230,50,249,73,239,61,105782
79,105859,199,13,220,33,209,23,105783
79,105860,213,17,248,46,230,31,105784
79,105861,37,159,55,177,46,168,105785
79,105862,382,280,401,297,391,288,105786
79,105863,136,300,151,325,143,312,105787
79,105864,348,260,370,287,359,273,105788
79,105865,40,88,56,114,48,101,105789
79,105866,443,277,465,301,454,289,105790
79,105867,0,206,16,229,8,217,105791
79,105868,30,272,47,295,38,283,105792
79,105869,273,0,291,28,282,14,105793
79,105870,322,3,338,21,330,12,105794
79,105871,200,44,218,68,209,56,105795
79,105872,128,0,187,22,157,11,105796
79,105873,586,4,607,22,596,13,105797
79,105874,263,244,286,267,274,255,105798
79,105875,52,16,67,53,59,34,105799
79,105876,132,0,151,13,141,6,105800
79,105877,630,68,639,90,634,79,105801
79,105878,164,0,178,5,171,2,105802
79,105879,633,324,639,350,636,337,105803
79,105880,432,313,454,330,443,321,105804
79,105881,565,351,594,359,579,355,105805
79,105882,582,325,605,346,593,335,105806
79,105883,381,301,401,315,391,308,105807
79,105884,522,12,545,33,533,22,105808
79,105885,193,63,217,87,205,75,105809
79,105886,327,244,347,263,337,253,105810
79,105887,217,0,228,7,222,3,105811
79,105888,446,319,477,337,461,328,105812
79,105889,449,299,478,315,463,307,105813
79,105890,0,179,19,193,9,186,105814
79,105891,87,210,107,223,97,216,105815
79,105892,229,16,248,46,238,31,105816
79,105893,67,21,81,39,74,30,
80,105894,445,0,533,73,489,36,105817
80,105895,539,247,571,274,555,260,105818
80,105896,596,233,621,263,608,248,105819
80,105897,468,183,490,228,479,205,105820
80,105898,597,126,623,165,610,145,105821
80,105899,267,1,346,49,306,25,105822
80,105900,381,121,402,157,391,139,105823
80,105901,528,69,554,97,541,83,105824
80,105902,417,113,441,146,429,129,105825
80,105903,529,160,553,192,541,176,105826
80,105904,60,165,84,186,72,175,105827
80,105905,543,207,577,231,560,219,105828
80,105906,96,167,116,197,106,182,105829
80,105907,359,41,378,69,368,55,105830
80,105908,497,84,520,116,508,100,105831
80,105909,28,236,42,259,35,247,105832
80,105910,208,316,231,347,219,331,105833
80,105911,401,272,421,298,411,285,105834
80,105912,315,127,337,154,326,140,105835
80,105913,300,52,321,85,310,68,105836
80,105914,246,51,267,83,256,67,105837
80,105915,609,0,635,22,622,11,105838
80,105916,307,98,334,121,320,109,105839
80,105917,277,290,302,312,289,301,105840
80,105918,271,75,291,105,281,90,105841
80,105919,500,27,523,58,511,42,105842
80,105920,573,69,609,96,591,82,105843
80,105921,261,178,281,210,271,194,105844
80,105922,446,19,466,51,456,35,105845
80,105923,379,12,406,40,392,26,105846
80,105924,612,44,636,75,624,59,105847
80,105925,293,227,316,251,304,239,105848
80,105926,349,69,379,91,364,80,105849
80,105927,118,89,137,114,127,101,105850
80,105928,382,39,402,67,392,53,105851
80,105929,232,84,256,107,244,95,105852
80,105930,422,292,444,308,433,300,105853
80,105931,39,120,54,146,46,133,105854
80,105932,72,129,88,155,80,142,105855
80,105933,57,97,80,123,68,110,105856
80,105934,280,126,303,148,291,137,105857
80,105935,230,50,249,73,239,61,105858
80,105936,200,13,220,33,210,23,105859
80,105937,213,16,248,46,230,31,105860
80,105938,37,159,55,177,46,168,105861
80,105939,382,280,402,297,392,288,105862
80,105940,136,303,151,329,143,316,105863
80,105941,349,260,369,287,359,273,105864
80,105942,40,88,56,114,48,101,105865
80,105943,443,276,465,301,454,288,105866
80,105944,0,206,16,229,8,217,105867
80,105945,30,272,47,295,38,283,105868
80,105946,273,0,291,28,282,14,105869
80,105947,322,3,339,22,330,12,105870
80,105948,201,44,218,68,209,56,105871
80,105949,127,0,187,23,157,11,105872
80,105950,586,4,607,22,596,13,105873
80,105951,263,244,286,267,274,255,105874
80,105952,52,17,68,53,60,35,105875
80,105953,132,0,151,13,141,6,105876
80,105954,630,68,639,89,634,78,105877
80,105955,164,0,178,5,171,2,105878
80,105956,633,324,639,349,636,336,105879
80,105957,432,313,454,330,443,321,105880
80,105958,564,351,594,359,579,355,105881
80,105959,583,325,605,346,594,335,105882
80,105960,381,300,402,316,391,308,105883
80,105961,522,12,544,33,533,22,105884
80,105962,193,62,217,87,205,74,105885
80,105963,327,243,347,263,337,253,105886
80,105964,218,0,228,7,223,3,105887
80,105965,446,320,476,338,461,329,105888
80,105966,449,299,478,315,463,307,105889
80,105967,0,178,19,193,9,185,105890
80,105968,67,21,81,38,74,29,105893
81,105969,445,0,533,73,489,36,105894
81,105970,539,247,571,273,555,260,105895
81,105971,596,233,621,263,608,248,105896
81,105972,468,183,490,228,479,205,105897
81,105973,597,126,623,165,610,145,105898
81,105974,267,1,346,49,306,25,105899
81,105975,381,121,402,157,391,139,105900
81,105976,528,69,554,97,541,83,105901
81,105977,416,113,441,145,428,129,105902
81,105978,529,160,553,192,541,176,105903
81,105979,60,165,84,186,72,175,105904
81,105980,543,207,577,231,560,219,105905
81,105981,96,167,116,198,106,182,105906
81,105982,359,41,378,70,368,55,105907
81,105983,497,85,520,116,508,100,105908
81,105984,28,236,42,259,35,247,105909
81,105985,208,316,231,347,219,331,105910
81,105986,401,272,421,298,411,285,105911
81,105987,315,127,337,154,326,140,105912
81,105988,300,52,321,85,310,68,105913
81,105989,246,51,267,83,256,67,105914
81,105990,609,0,635,22,622,11,105915
81,105991,307,98,334,121,320,109,105916
81,105992,277,290,302,312,289,301,105917
81,105993,271,75,291,105,281,90,105918
81,105994,500,27,523,58,511,42,105919
81,105995,573,69,609,96,591,82,105920
81,105996,261,177,281,210,271,193,105921
81,105997,445,19,466,51,455,35,105922
81,105998,379,12,406,40,392,26,105923
81,105999,612,44,636,75,624,59,105924
81,106000,293,227,316,251,304,239,105925
81,106001,349,69,379,91,364,80,105926
81,106002,118,89,137,114,127,101,105927
81,106003,382,39,402,67,392,53,105928
81,106004,232,84,256,107,244,95,105929
81,106005,422,292,444,308,433,300,105930
81,106006,39,120,54,146,46,133,105931
81,106007,72,129,88,155,80,142,105932
81,106008,57,97,80,123,68,110,105933
81,106009,280,126,303,148,291,137,105934
81,106010,230,50,249,73,239,61,105935
81,106011,200,13,220,33,210,23,105936
81,106012,213,16,248,46,230,31,105937
81,106013,37,159,55,177,46,168,105938
81,106014,382,280,402,297,392,288,105939
81,106015,136,305,150,330,143,317,105940
81,106016,349,260,368,287,358,273,105941
81,106017,40,88,56,114,48,101,105942
81,106018,443,275,464,301,453,288,105943
81,106019,0,206,16,229,8,217,105944
81,106020,30,272,47,295,38,283,105945
81,106021,273,0,291,28,282,14,105946
81,106022,322,3,339,22,330,12,105947
81,106023,201,45,218,67,209,56,105948
81,106024,127,0,187,23,157,11,105949
81,106025,586,4,607,22,596,13,105950
81,106026,263,244,286,267,274,255,105951
81,106027,52,16,68,53,60,34,105952
81,106028,132,0,151,13,141,6,105953
81,106029,630,68,639,89,634,78,105954
81,106030,164,0,178,5,171,2,105955
81,106031,634,324,639,348,636,336,105956
81,106032,432,313,454,330,443,321,105957
81,106033,564,351,593,359,578,355,105958
81,106034,381,300,402,316,391,308,105960
81,106035,522,12,544,32,533,22,105961
81,106036,193,62,217,87,205,74,105962
81,106037,327,243,347,263,337,253,105963
81,106038,218,0,228,7,223,3,105964
81,106039,446,320,475,339,460,329,105965
81,106040,450,299,478,314,464,306,105966
81,106041,0,178,19,193,9,185,105967
81,106042,67,21,81,38,74,29,105968
82,106043,445,0,533,73,489,36,105969
82,106044,539,247,571,273,555,260,105970
82,106045,596,233,621,263,608,248,105971
82,106046,468,183,490,228,479,205,105972
82,106047,597,126,623,165,610,145,105973
82,106048,266,1,346,49,306,25,105974
82,106049,381,121,402,157,391,139,105975
82,106050,528,69,554,97,541,83,105976
82,106051,417,113,441,145,429,129,105977
82,106052,529,160,553,192,541,176,105978
82,106053,60,165,84,186,72,175,105979
82,106054,543,207,577,231,560,219,105980
82,106055,96,167,116,198,106,182,105981
82,106056,359,41,378,69,368,55,105982
82,106057,497,85,520,116,508,100,105983
82,106058,28,236,43,259,35,247,105984
82,106059,208,316,231,347,219,331,105985
82,106060,401,272,421,298,411,285,105986
82,106061,315,127,337,154,326,140,105987
82,106062,300,52,321,85,310,68,105988
82,106063,246,51,267,83,256,67,105989
82,106064,609,0,635,22,622,11,105990
82,106065,307,98,334,121,320,109,105991
82,106066,277,290,302,312,289,301,105992
82,106067,271,75,291,105,281,90,105993
82,106068,500,28,523,58,511,43,105994
82,106069,573,69,609,96,591,82,105995
82,106070,261,177,281,210,271,193,105996
82,106071,445,19,466,51,455,35,105997
82,106072,379,12,406,40,392,26,105998
82,106073,612,44,636,75,624,59,105999
82,106074,293,226,316,252,304,239,106000
82,106075,349,69,379,91,364,80,106001
82,106076,118,89,137,114,127,101,106002
82,106077,382,39,403,67,392,53,106003
82,106078,232,84,256,107,244,95,106004
82,106079,421,293,444,308,432,300,106005
82,106080,39,120,54,146,46,133,106006
82,106081,72,129,88,155,80,142,106007
82,106082,57,97,80,123,68,110,106008
82,106083,280,126,303,147,291,136,106009
82,106084,230,50,249,73,239,61,106010
82,106085,200,13,220,33,210,23,106011
82,106086,213,16,248,45,230,30,106012
82,106087,37,159,55,177,46,168,106013
82,106088,382,280,402,296,392,288,106014
82,106089,136,308,151,336,143,322,106015
82,106090,349,260,368,287,358,273,106016
82,106091,40,88,56,114,48,101,106017
82,106092,443,274,464,301,453,287,106018
82,106093,0,206,16,229,8,217,106019
82,106094,30,272,47,295,38,283,106020
82,106095,273,0,291,28,282,14,106021
82,106096,323,3,339,22,331,12,106022
82,106097,201,45,218,68,209,56,106023
82,106098,128,0,187,23,157,11,106024
82,106099,586,4,607,22,596,13,106025
82,106100,263,244,286,267,274,255,106026
82,106101,52,17,68,53,60,35,106027
82,106102,132,0,151,13,141,6,106028
82,106103,630,68,639,89,634,78,106029
82,106104,164,0,178,5,171,2,106030
82,106105,634,324,639,346,636,335,106031
82,106106,432,313,455,330,443,321,106032
82,106107,564,351,593,359,578,355,106033
82,106108,381,301,402,316,391,308,106034
82,106109,522,12,544,32,533,22,106035
82,106110,193,62,217,87,205,74,106036
82,106111,327,243,347,263,337,253,106037
82,106112,218,0,228,7,223,3,106038
82,106113,445,320,474,339,459,329,106039
82,106114,449,299,477,314,463,306,106040
82,106115,0,178,19,193,9,185,106041
82,106116,67,21,81,38,74,29,106042
83,106117,445,0,533,74,489,37,106043
83,106118,539,247,571,273,555,260,106044
83,106119,596,233,621,263,608,248,106045
83,106120,468,183,490,229,479,206,106046
83,106121,597,126,623,165,610,145,106047
83,106122,266,1,346,50,306,25,106048
83,106123,382,121,402,157,392,139,106049
83,106124,528,69,554,97,541,83,106050
83,106125,417,113,441,145,429,129,106051
83,106126,529,160,553,192,541,176,106052
83,106127,60,165,84,186,72,175,106053
83,106128,543,207,577,231,560,219,106054
83,106129,96,167,116,198,106,182,106055
83,106130,359,41,378,69,368,55,106056
83,106131,497,84,520,116,508,100,106057
83,106132,28,236,43,259,35,247,106058
83,106133,208,316,231,347,219,331,106059
83,106134,401,272,421,298,411,285,106060
83,106135,315,127,337,154,326,140,106061
83,106136,300,52,321,85,310,68,106062
83,106137,246,51,267,83,256,67,106063
83,106138,609,0,635,22,622,11,106064
83,106139,307,98,334,121,320,109,106065
83,106140,277,290,302,311,289,300,106066
83,106141,271,75,292,105,281,90,106067
83,106142,500,28,522,58,511,43,106068
83,106143,573,69,609,96,591,82,106069
83,106144,261,177,281,210,271,193,106070
83,106145,445,19,466,51,455,35,106071
83,106146,379,12,406,40,392,26,106072
83,106147,612,44,636,75,624,59,106073
83,106148,293,226,316,252,304,239,106074
83,106149,349,69,379,91,364,80,106075
83,106150,118,89,137,114,127,101,106076
83,106151,382,39,403,67,392,53,106077
83,106152,233,84,256,107,244,95,106078
83,106153,421,293,444,308,432,300,106079
83,106154,39,120,54,146,46,133,106080
83,106155,72,129,88,155,80,142,106081
83,106156,57,97,80,123,68,110,106082
83,106157,280,126,304,147,292,136,106083
83,106158,230,50,250,73,240,61,106084
83,106159,200,13,220,33,210,23,106085
83,106160,213,15,248,45,230,30,106086
83,106161,37,159,55,177,46,168,106087
83,106162,382,280,402,296,392,288,106088
83,106163,136,309,151,338,143,323,106089
83,106164,349,260,368,287,358,273,106090
83,106165,40,88,56,114,48,101,106091
83,106166,443,274,464,301,453,287,106092
83,106167,0,206,16,229,8,217,106093
83,106168,30,272,47,295,38,283,106094
83,106169,273,0,291,28,282,14,106095
83,106170,322,3,339,22,330,12,106096
83,106171,201,45,218,68,209,56,106097
83,106172,128,0,187,23,157,11,106098
83,106173,586,4,607,22,596,13,106099
83,106174,263,244,286,267,274,255,106100
83,106175,52,17,68,53,60,35,106101
83,106176,132,0,151,13,141,6,106102
83,106177,630,68,639,89,634,78,106103
83,106178,164,0,179,5,171,2,106104
83,106179,634,324,639,345,636,334,106105
83,106180,432,313,455,330,443,321,106106
83,106181,564,351,593,359,578,355,106107
83,106182,381,301,402,316,391,308,106108
83,106183,522,12,544,32,533,22,106109
83,106184,193,62,217,87,205,74,106110
83,106185,326,243,347,263,336,253,106111
83,106186,218,0,228,7,223,3,106112
83,106187,445,321,474,340,459,330,106113
83,106188,449,299,477,314,463,306,106114
83,106189,0,177,18,193,9,185,106115
83,106190,67,21,81,38,74,29,106116
83,106191,453,0,470,6,461,3,
84,106192,445,0,533,74,489,37,106117
84,106193,539,247,571,273,555,260,106118
84,106194,596,233,621,263,608,248,106119
84,106195,468,183,490,229,479,206,106120
84,106196,597,126,623,165,610,145,106121
84,106197,267,1,346,50,306,25,106122
84,106198,382,121,402,157,392,139,106123
84,106199,528,69,554,97,541,83,106124
84,106200,417,113,442,145,429,129,106125
84,106201,529,160,553,192,541,176,106126
84,106202,60,165,84,186,72,175,106127
84,106203,543,207,577,231,560,219,106128
84,106204,96,167,116,198,106,182,106129
84,106205,359,41,378,70,368,55,106130
84,106206,497,84,520,116,508,100,106131
84,106207,28,236,43,259,35,247,106132
84,106208,208,317,231,347,219,332,106133
84,106209,401,272,421,300,411,286,106134
84,106210,315,128,337,154,326,141,106135
84,106211,300,52,321,85,310,68,106136
84,106212,246,51,267,83,256,67,106137
84,106213,609,0,635,22,622,11,106138
84,106214,306,98,334,121,320,109,106139
84,106215,277,290,302,311,289,300,106140
84,106216,271,75,292,105,281,90,106141
84,106217,500,29,523,58,511,43,106142
84,106218,573,69,609,96,591,82,106143
84,106219,261,177,281,210,271,193,106144
84,106220,445,19,466,51,455,35,106145
84,106221,379,12,406,40,392,26,106146
84,106222,612,44,636,75,624,59,106147
84,106223,293,226,316,252,304,239,106148
84,106224,349,69,379,91,364,80,106149
84,106225,119,89,137,114,128,101,106150
84,106226,382,39,403,67,392,53,106151
84,106227,233,84,256,107,244,95,106152
84,106228,420,293,443,308,431,300,106153
84,106229,39,120,54,147,46,133,106154
84,106230,72,129,88,155,80,142,106155
84,106231,57,97,80,123,68,110,106156
84,106232,280,125,304,147,292,136,106157
84,106233,230,50,250,73,240,61,106158
84,106234,200,13,220,33,210,23,106159
84,106235,213,21,238,44,225,32,106160
84,106236,37,159,55,177,46,168,106161
84,106237,382,280,402,302,392,291,106162
84,106238,138,320,154,349,146,334,
84,106239,349,260,368,287,358,273,106164
84,106240,40,88,56,114,48,101,106165
84,106241,445,275,466,301,455,288,106166
84,106242,0,206,16,229,8,217,106167
84,106243,30,272,47,295,38,283,106168
84,106244,273,0,292,28,282,14,106169
84,106245,322,3,339,21,330,12,106170
84,106246,201,45,218,68,209,56,106171
84,106247,129,0,187,23,158,11,106172
84,106248,586,4,607,22,596,13,106173
84,106249,263,244,287,267,275,255,106174
84,106250,52,17,68,53,60,35,106175
84,106251,132,0,151,13,141,6,106176
84,106252,630,68,639,89,634,78,106177
84,106253,164,0,178,5,171,2,106178
84,106254,634,324,639,345,636,334,106179
84,106255,433,312,457,330,445,321,106180
84,106256,564,351,593,359,578,355,106181
84,106257,381,287,402,316,391,301,106182
84,106258,523,11,544,33,533,22,106183
84,106259,193,62,217,87,205,74,106184
84,106260,326,243,347,263,336,253,106185
84,106261,217,0,228,7,222,3,106186
84,106262,440,322,471,341,455,331,106187
84,106263,448,300,477,315,462,307,106188
84,106264,0,177,18,193,9,185,106189
84,106265,67,21,82,38,74,29,106190
84,106266,453,0,470,6,461,3,106191
84,106267,231,15,249,44,240,29,
85,106268,445,0,533,74,489,37,106192
85,106269,539,247,571,273,555,260,106193
85,106270,596,233,621,263,608,248,106194
85,106271,468,183,490,229,479,206,106195
85,106272,597,126,623,165,610,145,106196
85,106273,267,1,346,50,306,25,106197
85,106274,382,121,402,157,392,139,106198
85,106275,528,69,554,97,541,83,106199
85,106276,417,113,442,145,429,129,106200
85,106277,529,160,553,192,541,176,106201
85,106278,60,165,84,186,72,175,106202
85,106279,543,207,577,231,560,219,106203
85,106280,96,167,116,198,106,182,106204
85,106281,359,41,378,70,368,55,106205
85,106282,497,84,520,115,508,99,106206
85,106283,28,236,43,259,35,247,106207
85,106284,208,316,231,347,219,331,106208
85,106285,401,272,421,301,411,286,106209
85,106286,315,127,337,154,326,140,106210
85,106287,300,52,321,85,310,68,106211
85,106288,246,51,267,83,256,67,106212
85,106289,609,0,635,22,622,11,106213
85,106290,306,98,334,121,320,109,106214
85,106291,277,290,302,311,289,300,106215
85,106292,271,75,292,105,281,90,106216
85,106293,500,29,523,58,511,43,106217
85,106294,573,69,609,96,591,82,106218
85,106295,261,177,281,210,271,193,106219
85,106296,445,19,466,51,455,35,106220
85,106297,379,12,406,40,392,26,106221
85,106298,612,44,636,75,624,59,106222
85,106299,292,226,316,252,304,239,106223
85,106300,349,69,379,90,364,79,106224
85,106301,119,89,137,114,128,101,106225
85,106302,382,39,403,67,392,53,106226
85,106303,233,84,256,107,244,95,106227
85,106304,420,293,443,308,431,300,106228
85,106305,39,120,54,146,46,133,106229
85,106306,72,129,88,155,80,142,106230
85,106307,57,97,80,123,68,110,106231
85,106308,280,125,304,147,292,136,106232
85,106309,230,50,250,73,240,61,106233
85,106310,200,13,220,33,210,23,106234
85,106311,213,23,234,44,223,33,106235
85,106312,37,159,55,177,46,168,106236
85,106313,382,279,402,304,392,291,106237
85,106314,140,324,155,353,147,338,106238
85,106315,349,260,368,287,358,273,106239
85,106316,40,88,56,114,48,101,106240
85,106317,445,275,467,301,456,288,106241
85,106318,0,206,16,229,8,217,106242
85,106319,30,272,47,295,38,283,106243
85,106320,273,0,292,28,282,14,106244
85,106321,322,3,339,21,330,12,106245
85,106322,202,45,218,68,210,56,106246
85,106323,129,0,187,23,158,11,106247
85,106324,586,4,607,22,596,13,106248
85,106325,263,243,287,267,275,255,106249
85,106326,52,17,68,53,60,35,106250
85,106327,132,0,151,13,141,6,106251
85,106328,630,68,639,89,634,78,106252
85,106329,164,0,178,5,171,2,106253
85,106330,634,324,639,345,636,334,106254
85,106331,433,312,458,330,445,321,106255
85,106332,564,351,593,359,578,355,106256
85,106333,381,282,402,315,391,298,106237
85,106334,523,11,544,33,533,22,106258
85,106335,193,62,217,87,205,74,106259
85,106336,326,243,347,263,336,253,106260
85,106337,217,0,228,7,222,3,106261
85,106338,439,323,470,341,454,332,106262
85,106339,448,300,478,315,463,307,106263
85,106340,0,177,18,193,9,185,106264
85,106341,67,21,82,38,74,29,106265
85,106342,453,0,470,6,461,3,106266
85,106343,231,15,249,44,240,29,106267
86,106344,445,0,533,74,489,37,106268
86,106345,539,247,571,274,555,260,106269
86,106346,596,233,621,263,608,248,106270
86,106347,468,183,490,229,479,206,106271
86,106348,597,126,623,165,610,145,106272
86,106349,267,1,346,50,306,25,106273
86,106350,382,121,402,157,392,139,106274
86,106351,528,69,554,97,541,83,106275
86,106352,417,113,442,145,429,129,106276
86,106353,529,160,553,192,541,176,106277
86,106354,60,164,84,186,72,175,106278
86,106355,543,207,577,231,560,219,106279
86,106356,96,167,116,198,106,182,106280
86,106357,359,41,378,70,368,55,106281
86,106358,497,85,520,115,508,100,106282
86,106359,28,236,43,259,35,247,106283
86,106360,208,316,231,347,219,331,106284
86,106361,401,273,421,301,411,287,106285
86,106362,315,127,337,154,326,140,106286
86,106363,300,52,321,85,310,68,106287
86,106364,246,51,267,83,256,67,106288
86,106365,610,0,635,22,622,11,106289
86,106366,306,98,334,121,320,109,106290
86,106367,277,290,302,311,289,300,106291
86,106368,271,75,292,105,281,90,106292
86,106369,500,29,523,58,511,43,106293
86,106370,573,69,609,96,591,82,106294
86,106371,261,178,281,210,271,194,106295
86,106372,445,19,466,51,455,35,106296
86,106373,379,12,406,40,392,26,106297
86,106374,612,45,637,75,624,60,106298
86,106375,292,226,316,252,304,239,106299
86,106376,349,69,380,90,364,79,106300
86,106377,119,89,137,114,128,101,106301
86,106378,382,38,403,66,392,52,106302
86,106379,233,84,256,107,244,95,106303
86,106380,419,294,443,309,431,301,106304
86,106381,39,120,54,146,46,133,106305
86,106382,72,129,88,155,80,142,106306
86,106383,57,97,80,123,68,110,106307
86,106384,280,125,304,146,292,135,106308
86,106385,230,50,250,73,240,61,106309
86,106386,200,13,220,33,210,23,106310
86,106387,213,24,236,44,224,34,106311
86,106388,37,159,55,177,46,168,106312
86,106389,381,280,402,305,391,292,106313
86,106390,139,336,154,358,146,347,
86,106391,349,260,368,288,358,274,106315
86,106392,40,88,56,114,48,101,106316
86,106393,447,276,468,301,457,288,106317
86,106394,0,206,16,229,8,217,106318
86,106395,30,272,47,296,38,284,106319
86,106396,273,0,292,29,282,14,106320
86,106397,322,3,339,21,330,12,106321
86,106398,202,45,218,68,210,56,106322
86,106399,129,0,187,23,158,11,106323
86,106400,586,4,607,22,596,13,106324
86,106401,263,243,287,267,275,255,106325
86,106402,52,17,68,53,60,35,106326
86,106403,132,0,151,13,141,6,106327
86,106404,630,68,639,89,634,78,106328
86,106405,164,0,178,5,171,2,106329
86,106406,634,324,639,345,636,334,106330
86,106407,434,313,459,330,446,321,106331
86,106408,564,351,593,359,578,355,106332
86,106409,381,286,402,316,391,301,106333
86,106410,523,11,544,33,533,22,106334
86,106411,193,63,217,87,205,75,106335
86,106412,326,244,347,264,336,254,106336
86,106413,217,0,228,7,222,3,106337
86,106414,434,325,466,343,450,334,106338
86,106415,449,300,478,314,463,307,106339
86,106416,0,177,18,193,9,185,106340
86,106417,67,21,82,38,74,29,106341
86,106418,453,0,470,6,461,3,106342
86,106419,232,12,251,39,241,25,106343
87,106420,445,0,533,74,489,37,106344
87,106421,539,247,571,273,555,260,106345
87,106422,596,233,621,263,608,248,106346
87,106423,468,183,490,229,479,206,106347
87,106424,597,126,623,165,610,145,106348
87,106425,267,1,346,50,306,25,106349
87,106426,382,121,402,157,392,139,106350
87,106427,528,69,554,97,541,83,106351
87,106428,417,113,442,145,429,129,106352
87,106429,529,160,553,192,541,176,106353
87,106430,60,164,84,186,72,175,106354
87,106431,543,207,577,231,560,219,106355
87,106432,96,167,116,198,106,182,106356
87,106433,359,41,378,70,368,55,106357
87,106434,497,85,520,114,508,99,106358
87,106435,28,236,43,259,35,247,106359
87,106436,208,316,231,347,219,331,106360
87,106437,401,274,421,301,411,287,106361
87,106438,315,127,337,154,326,140,106362
87,106439,300,52,321,85,310,68,106363
87,106440,246,51,267,83,256,67,106364
87,106441,609,0,635,22,622,11,106365
87,106442,306,98,334,121,320,109,106366
87,106443,277,290,302,311,289,300,106367
87,106444,271,75,292,105,281,90,106368
87,106445,500,29,523,58,511,43,106369
87,106446,573,69,609,96,591,82,106370
87,106447,261,178,281,210,271,194,106371
87,106448,445,19,466,51,455,35,106372
87,106449,379,12,406,40,392,26,106373
87,106450,612,46,637,75,624,60,106374
87,106451,292,226,316,251,304,238,106375
87,106452,349,69,380,90,364,79,106376
87,106453,119,89,137,114,128,101,106377
87,106454,382,38,403,66,392,52,106378
87,106455,232,84,256,107,244,95,106379
87,106456,418,293,442,308,430,300,106380
87,106457,39,120,54,146,46,133,106381
87,106458,72,129,88,155,80,142,106382
87,106459,57,97,80,123,68,110,106383
87,106460,280,125,305,146,292,135,106384
87,106461,229,50,250,73,239,61,106385
87,106462,200,13,220,33,210,23,106386
87,106463,213,24,236,44,224,34,106387
87,106464,37,159,55,177,46,168,106388
87,106465,381,280,402,307,391,293,106389
87,106466,138,344,156,360,147,352,106390
87,106467,349,260,368,288,358,274,106391
87,106468,40,88,56,114,48,101,106392
87,106469,448,277,469,302,458,289,106393
87,106470,0,206,16,229,8,217,106394
87,106471,30,272,47,296,38,284,106395
87,106472,273,0,292,29,282,14,106396
87,106473,322,3,339,21,330,12,106397
87,106474,202,46,218,68,210,57,106398
87,106475,129,0,187,23,158,11,106399
87,106476,586,4,607,22,596,13,106400
87,106477,263,243,287,267,275,255,106401
87,106478,52,17,68,53,60,35,106402
87,106479,132,0,151,13,141,6,106403
87,106480,630,68,639,89,634,78,106404
87,106481,164,0,178,5,171,2,106405
87,106482,634,324,639,345,636,334,106406
87,106483,435,314,460,329,447,321,106407
87,106484,564,351,593,359,578,355,106408
87,106485,381,287,402,316,391,301,106409
87,106486,523,11,544,33,533,22,106410
87,106487,193,63,217,87,205,75,106411
87,106488,326,245,347,265,336,255,106412
87,106489,217,0,229,7,223,3,106413
87,106490,431,327,463,345,447,336,106414
87,106491,450,301,478,314,464,307,106415
87,106492,0,177,18,193,9,185,106416
87,106493,67,21,82,38,74,29,106417
87,106494,453,0,470,6,461,3,106418
87,106495,233,8,254,37,243,22,106419
87,106496,382,279,401,297,391,288,106389
87,106497,381,298,402,316,391,307,106409
88,106498,445,0,533,74,489,37,106420
88,106499,539,247,571,273,555,260,106421
88,106500,596,233,621,263,608,248,106422
88,106501,468,183,490,229,479,206,106423
88,106502,597,126,623,165,610,145,106424
88,106503,267,1,346,50,306,25,106425
88,106504,382,121,402,157,392,139,106426
88,106505,528,69,554,97,541,83,106427
88,106506,417,113,442,145,429,129,106428
88,106507,529,160,553,192,541,176,106429
88,106508,60,164,84,186,72,175,106430
88,106509,543,207,577,231,560,219,106431
88,106510,96,167,116,198,106,182,106432
88,106511,359,41,378,70,368,55,106433
88,106512,497,85,520,113,508,99,106434
88,106513,28,236,43,259,35,247,106435
88,106514,208,316,231,347,219,331,106436
88,106515,401,274,421,301,411,287,106437
88,106516,315,127,337,154,326,140,106438
88,106517,300,52,321,85,310,68,106439
88,106518,246,51,267,83,256,67,106440
88,106519,609,0,634,22,621,11,106441
88,106520,306,98,334,121,320,109,106442
88,106521,277,290,302,311,289,300,106443
88,106522,271,75,292,105,281,90,106444
88,106523,500,29,523,58,511,43,106445
88,106524,573,69,609,96,591,82,106446
88,106525,261,178,281,210,271,194,106447
88,106526,445,19,466,52,455,35,106448
88,106527,378,12,406,40,392,26,106449
88,106528,611,46,637,75,624,60,106450
88,106529,292,226,316,251,304,238,106451
88,106530,349,69,379,90,364,79,106452
88,106531,119,89,137,114,128,101,106453
88,106532,382,38,403,66,392,52,106454
88,106533,232,84,256,107,244,95,106455
88,106534,418,291,442,308,430,299,106456
88,106535,39,120,54,146,46,133,106457
88,106536,72,129,88,155,80,142,106458
88,106537,57,97,80,123,68,110,106459
88,106538,281,125,305,146,293,135,106460
88,106539,230,50,250,73,240,61,106461
88,106540,200,13,220,33,210,23,106462
88,106541,213,24,237,44,225,34,106463
88,106542,37,159,55,177,46,168,106464
88,106543,382,280,401,305,391,292,106465
88,106544,349,260,368,289,358,274,106467
88,106545,40,88,56,114,48,101,106468
88,106546,449,278,470,302,459,290,106469
88,106547,0,206,16,229,8,217,106470
88,106548,30,272,47,296,38,284,106471
88,106549,273,0,292,29,282,14,106472
88,106550,322,3,338,21,330,12,106473
88,106551,203,46,219,68,211,57,106474
88,106552,129,0,187,23,158,11,106475
88,106553,586,4,607,22,596,13,106476
88,106554,263,243,287,267,275,255,106477
88,106555,52,17,68,53,60,35,106478
88,106556,132,0,151,13,141,6,106479
88,106557,630,68,639,89,634,78,106480
88,106558,164,0,178,5,171,2,106481
88,106559,634,324,639,346,636,335,106482
88,106560,436,314,462,329,449,321,106483
88,106561,564,351,593,359,578,355,106484
88,106562,381,282,402,316,391,299,106465
88,106563,523,11,544,33,533,22,106486
88,106564,193,62,217,87,205,74,106487
88,106565,326,246,347,265,336,255,106488
88,106566,218,0,229,7,223,3,106489
88,106567,429,327,461,346,445,336,106490
88,106568,450,302,477,314,463,308,106491
88,106569,0,176,18,193,9,184,106492
88,106570,67,21,82,38,74,29,106493
88,106571,453,0,470,6,461,3,106494
88,106572,234,5,255,36,244,20,106495
89,106573,445,0,533,74,489,37,106498
89,106574,539,247,571,273,555,260,106499
89,106575,596,233,621,263,608,248,106500
89,106576,468,183,490,229,479,206,106501
89,106577,597,126,623,165,610,145,106502
89,106578,267,1,346,50,306,25,106503
89,106579,382,121,402,157,392,139,106504
89,106580,528,69,554,97,541,83,106505
89,106581,417,113,442,145,429,129,106506
89,106582,529,160,553,192,541,176,106507
89,106583,60,164,84,186,72,175,106508
89,106584,543,207,577,231,560,219,106509
89,106585,96,167,116,198,106,182,106510
89,106586,359,41,378,70,368,55,106511
89,106587,497,85,520,112,508,98,106512
89,106588,28,236,43,259,35,247,106513
89,106589,208,316,231,347,219,331,106514
89,106590,401,274,421,301,411,287,106515
89,106591,315,127,337,154,326,140,106516
89,106592,300,52,321,85,310,68,106517
89,106593,246,51,267,83,256,67,106518
89,106594,608,0,634,22,621,11,106519
89,106595,306,98,334,121,320,109,106520
89,106596,277,290,302,311,289,300,106521
89,106597,271,75,292,105,281,90,106522
89,106598,500,29,523,58,511,43,106523
89,106599,573,69,609,96,591,82,106524
89,106600,261,178,281,210,271,194,106525
89,106601,445,19,466,52,455,35,106526
89,106602,378,12,406,40,392,26,106527
89,106603,611,46,637,75,624,60,106528
89,106604,292,225,316,251,304,238,106529
89,106605,349,69,380,90,364,79,106530
89,106606,119,89,137,114,128,101,106531
89,106607,382,38,403,66,392,52,106532
89,106608,232,84,256,107,244,95,106533
89,106609,418,289,442,308,430,298,106534
89,106610,39,120,54,146,46,133,106535
89,106611,72,129,88,155,80,142,106536
89,106612,57,97,80,123,68,110,106537
89,106613,281,125,305,145,293,135,106538
89,106614,229,50,250,73,239,61,106539
89,106615,200,13,220,33,210,23,106540
89,106616,212,24,237,44,224,34,106541
89,106617,37,159,55,177,46,168,106542
89,106618,349,260,369,289,359,274,106544
89,106619,40,88,56,114,48,101,106545
89,106620,450,278,474,301,462,289,106546
89,106621,0,206,16,229,8,217,106547
89,106622,30,272,47,296,38,284,106548
89,106623,273,0,292,29,282,14,106549
89,106624,322,3,338,21,330,12,106550
89,106625,203,46,219,69,211,57,106551
89,106626,129,0,187,23,158,11,106552
89,106627,586,4,607,22,596,13,106553
89,106628,263,243,287,267,275,255,106554
89,106629,52,17,68,53,60,35,106555
89,106630,132,0,151,13,141,6,106556
89,106631,630,68,639,88,634,78,106557
89,106632,163,0,178,5,170,2,106558
89,106633,634,324,639,347,636,335,106559
89,106634,438,313,465,329,451,321,106560
89,106635,564,351,593,359,578,355,106561
89,106636,381,280,402,315,391,297,106543
89,106637,523,11,544,33,533,22,106563
89,106638,192,62,216,88,204,75,106564
89,106639,326,246,347,265,336,255,106565
89,106640,218,0,229,7,223,3,106566
89,106641,425,327,457,347,441,337,106567
89,106642,450,302,477,314,463,308,106568
89,106643,0,177,18,192,9,184,106569
89,106644,67,21,82,38,74,29,106570
89,106645,453,0,470,6,461,3,106571
89,106646,234,2,255,35,244,18,106572
89,106647,382,279,401,298,391,288,106543
90,106648,445,0,533,74,489,37,106573
90,106649,539,247,571,273,555,260,106574
90,106650,596,233,621,263,608,248,106575
90,106651,468,183,490,229,479,206,106576
90,106652,597,126,623,165,610,145,106577
90,106653,267,1,346,50,306,25,106578
90,106654,382,121,402,157,392,139,106579
90,106655,528,69,554,97,541,83,106580
90,106656,417,113,442,145,429,129,106581
90,106657,529,160,553,192,541,176,106582
90,106658,60,164,84,186,72,175,106583
90,106659,543,207,577,231,560,219,106584
90,106660,96,167,116,198,106,182,106585
90,106661,359,42,378,70,368,56,106586
90,106662,497,85,520,111,508,98,106587
90,106663,28,236,43,259,35,247,106588
90,106664,208,316,231,347,219,331,106589
90,106665,401,274,420,301,410,287,106590
90,106666,315,127,337,154,326,140,106591
90,106667,300,52,321,85,310,68,106592
90,106668,246,51,267,83,256,67,106593
90,106669,608,0,634,22,621,11,106594
90,106670,306,98,334,120,320,109,106595
90,106671,277,290,302,311,289,300,106596
90,106672,271,75,292,105,281,90,106597
90,106673,500,29,523,58,511,43,106598
90,106674,573,69,609,96,591,82,106599
90,106675,261,178,281,210,271,194,106600
90,106676,446,19,466,53,456,36,106601
90,106677,378,12,407,40,392,26,106602
90,106678,611,46,637,75,624,60,106603
90,106679,292,226,316,251,304,238,106604
90,106680,349,69,380,90,364,79,106605
90,106681,119,89,137,114,128,101,106606
90,106682,381,38,403,66,392,52,106607
90,106683,233,84,256,107,244,95,106608
90,106684,419,288,442,308,430,298,106609
90,106685,39,120,54,146,46,133,106610
90,106686,72,129,88,155,80,142,106611
90,106687,57,97,80,123,68,110,106612
90,106688,282,125,306,145,294,135,106613
90,106689,229,50,250,73,239,61,106614
90,106690,200,13,220,33,210,23,106615
90,106691,212,24,237,44,224,34,106616
90,106692,37,159,55,177,46,168,106617
90,106693,349,260,369,289,359,274,106618
90,106694,40,88,56,114,48,101,106619
90,106695,452,279,475,302,463,290,106620
90,106696,0,206,16,229,8,217,106621
90,106697,30,272,47,296,38,284,106622
90,106698,273,0,292,29,282,14,106623
90,106699,322,3,339,21,330,12,106624
90,106700,203,47,219,69,211,58,106625
90,106701,129,0,187,23,158,11,106626
90,106702,586,4,607,22,596,13,106627
90,106703,263,243,287,267,275,255,106628
90,106704,52,17,68,53,60,35,106629
90,106705,132,0,151,13,141,6,106630
90,106706,630,68,639,88,634,78,106631
90,106707,163,0,178,4,170,2,106632
90,106708,564,351,593,359,578,355,106635
90,106709,381,279,402,315,391,297,106636
90,106710,523,11,544,33,533,22,106637
90,106711,192,62,215,89,203,75,106638
90,106712,326,246,347,265,336,255,106639
90,106713,218,0,229,7,223,3,106640
90,106714,421,327,454,347,437,337,106641
90,106715,0,177,18,192,9,184,106643
90,106716,67,21,82,38,74,29,106644
90,106717,453,0,470,6,461,3,106645
90,106718,235,1,255,33,245,17,106646
90,106719,111,261,133,272,122,266,
90,106720,382,279,401,298,391,288,106647
90,106721,445,304,477,329,461,316,
91,106722,444,0,533,74,488,37,106648
91,106723,539,247,571,274,555,260,106649
91,106724,596,233,621,263,608,248,106650
91,106725,468,183,490,229,479,206,106651
91,106726,597,126,623,165,610,145,106652
91,106727,267,1,346,49,306,25,106653
91,106728,382,121,402,157,392,139,106654
91,106729,528,69,553,97,540,83,106655
91,106730,417,113,442,145,429,129,106656
91,106731,529,160,553,192,541,176,106657
91,106732,60,164,84,186,72,175,106658
91,106733,543,207,577,231,560,219,106659
91,106734,96,167,116,198,106,182,106660
91,106735,359,42,378,70,368,56,106661
91,106736,497,85,520,111,508,98,106662
91,106737,28,236,43,259,35,247,106663
91,106738,208,316,231,347,219,331,106664
91,106739,401,274,420,301,410,287,106665
91,106740,315,127,337,154,326,140,106666
91,106741,300,52,321,84,310,68,106667
91,106742,246,51,267,83,256,67,106668
91,106743,607,0,633,22,620,11,106669
91,106744,306,98,334,120,320,109,106670
91,106745,277,290,302,311,289,300,106671
91,106746,271,75,292,105,281,90,106672
91,106747,500,29,523,58,511,43,106673
91,106748,573,69,609,96,591,82,106674
91,106749,261,178,281,210,271,194,106675
91,106750,446,19,466,53,456,36,106676
91,106751,378,12,407,40,392,26,106677
91,106752,611,46,637,75,624,60,106678
91,106753,293,226,316,251,304,238,106679
91,106754,349,69,380,90,364,79,106680
91,106755,119,89,137,114,128,101,106681
91,106756,382,38,403,66,392,52,106682
91,106757,232,84,256,107,244,95,106683
91,106758,419,288,442,308,430,298,106684
91,106759,39,120,54,146,46,133,106685
91,106760,72,129,87,155,79,142,106686
91,106761,57,97,80,123,68,110,106687
91,106762,282,125,307,145,294,135,106688
91,106763,229,50,250,73,239,61,106689
91,106764,200,13,220,34,210,23,106690
91,106765,213,24,237,44,225,34,106691
91,106766,37,159,55,177,46,168,106692
91,106767,349,260,369,289,359,274,106693
91,106768,40,88,56,114,48,101,106694
91,106769,452,280,475,302,463,291,106695
91,106770,0,206,16,229,8,217,106696
91,106771,30,272,47,296,38,284,106697
91,106772,273,0,292,29,282,14,106698
91,106773,322,3,339,21,330,12,106699
91,106774,202,47,219,69,210,58,106700
91,106775,128,0,187,23,157,11,106701
91,106776,586,4,607,22,596,13,106702
91,106777,263,243,287,267,275,255,106703
91,106778,52,17,68,53,60,35,106704
91,106779,132,0,151,13,141,6,106705
91,106780,630,68,639,88,634,78,106706
91,106781,163,0,178,4,170,2,106707
91,106782,563,351,592,359,577,355,106708
91,106783,381,283,401,315,391,299,106709
91,106784,523,11,544,33,533,22,106710
91,106785,192,62,214,89,203,75,106711
91,106786,326,246,347,265,336,255,106712
91,106787,218,0,229,7,223,3,106713
91,106788,419,327,453,347,436,337,106714
91,106789,0,177,18,192,9,184,106715
91,106790,67,21,82,38,74,29,106716
91,106791,453,0,470,6,461,3,106717
91,106792,236,0,255,33,245,16,106718
91,106793,111,261,133,272,122,266,106719
91,106794,382,279,401,297,391,288,106720
91,106795,445,304,477,329,461,316,106721
91,106796,85,209,107,224,96,216,
91,106797,381,280,401,306,391,293,106709
92,106798,445,0,533,74,489,37,106722
92,106799,539,247,571,274,555,260,106723
92,106800,596,233,621,263,608,248,106724
92,106801,468,183,490,228,479,205,106725
92,106802,597,126,623,165,610,145,106726
92,106803,267,1,346,49,306,25,106727
92,106804,382,121,402,157,392,139,106728
92,106805,528,69,553,97,540,83,106729
92,106806,417,113,442,145,429,129,106730
92,106807,529,160,553,192,541,176,106731
92,106808,60,164,84,186,72,175,106732
92,106809,543,207,577,231,560,219,106733
92,106810,96,167,116,198,106,182,106734
92,106811,359,42,378,70,368,56,106735
92,106812,497,85,520,111,508,98,106736
92,106813,28,236,43,259,35,247,106737
92,106814,208,316,230,346,219,331,106738
92,106815,401,274,420,301,410,287,106739
92,106816,315,127,337,154,326,140,106740
92,106817,300,52,321,84,310,68,106741
92,106818,246,51,267,83,256,67,106742
92,106819,607,0,633,22,620,11,106743
92,106820,306,98,334,120,320,109,106744
92,106821,277,290,302,311,289,300,106745
92,106822,271,75,292,105,281,90,106746
92,106823,500,29,523,58,511,43,106747
92,106824,573,69,609,96,591,82,106748
92,106825,261,178,281,210,271,194,106749
92,106826,446,20,466,53,456,36,106750
92,106827,378,12,407,40,392,26,106751
92,106828,611,46,637,75,624,60,106752
92,106829,293,226,316,251,304,238,106753
92,106830,349,69,380,90,364,79,106754
92,106831,119,89,137,114,128,101,106755
92,106832,382,38,403,66,392,52,106756
92,106833,232,84,256,107,244,95,106757
92,106834,420,286,442,308,431,297,106758
92,106835,39,120,54,146,46,133,106759
92,106836,72,129,87,155,79,142,106760
92,106837,57,97,80,123,68,110,106761
92,106838,283,125,307,145,295,135,106762
92,106839,229,50,250,73,239,61,106763
92,106840,200,13,220,34,210,23,106764
92,106841,213,24,237,45,225,34,106765
92,106842,37,159,55,177,46,168,106766
92,106843,349,260,369,289,359,274,106767
92,106844,40,88,56,114,48,101,106768
92,106845,453,281,476,303,464,292,106769
92,106846,0,206,16,229,8,217,106770
92,106847,30,272,47,296,38,284,106771
92,106848,273,0,292,28,282,14,106772
92,106849,322,3,339,21,330,12,106773
92,106850,202,47,219,69,210,58,106774
92,106851,128,0,187,23,157,11,106775
92,106852,586,4,607,22,596,13,106776
92,106853,263,243,287,267,275,255,106777
92,106854,52,17,68,53,60,35,106778
92,106855,132,0,151,13,141,6,106779
92,106856,630,68,639,88,634,78,106780
92,106857,163,0,178,4,170,2,106781
92,106858,563,351,592,359,577,355,106782
92,106859,381,280,401,314,391,297,106783
92,106860,522,11,544,33,533,22,106784
92,106861,192,63,214,89,203,76,106785
92,106862,327,246,347,266,337,256,106786
92,106863,218,0,228,7,223,3,106787
92,106864,416,328,450,347,433,337,106788
92,106865,0,177,18,192,9,184,106789
92,106866,67,21,82,38,74,29,106790
92,106867,453,0,470,6,461,3,106791
92,106868,236,0,255,31,245,15,106792
92,106869,111,261,133,272,122,266,106793
92,106870,382,279,401,297,391,288,106794
92,106871,447,303,477,329,462,316,106795
92,106872,85,209,107,224,96,216,106796
92,106873,381,295,401,315,391,305,106783
93,106874,445,0,533,74,489,37,106798
93,106875,539,247,571,274,555,260,106799
93,106876,596,233,621,263,608,248,106800
93,106877,468,183,490,228,479,205,106801
93,106878,597,126,623,165,610,145,106802
93,106879,267,1,346,49,306,25,106803
93,106880,382,121,402,157,392,139,106804
93,106881,528,69,553,97,540,83,106805
93,106882,417,113,442,145,429,129,106806
93,106883,529,160,553,192,541,176,106807
93,106884,60,164,84,186,72,175,106808
93,106885,543,207,577,231,560,219,106809
93,106886,96,167,116,198,106,182,106810
93,106887,359,42,378,70,368,56,106811
93,106888,497,85,520,111,508,98,106812
93,106889,28,236,43,259,35,247,106813
93,106890,208,316,230,346,219,331,106814
93,106891,401,274,419,301,410,287,106815
93,106892,315,127,337,154,326,140,106816
93,106893,300,52,321,84,310,68,106817
93,106894,246,51,267,83,256,67,106818
93,106895,607,0,633,21,620,10,106819
93,106896,306,98,334,120,320,109,106820
93,106897,277,290,302,311,289,300,106821
93,106898,271,75,292,105,281,90,106822
93,106899,500,29,523,58,511,43,106823
93,106900,573,69,609,96,591,82,106824
93,106901,261,178,281,210,271,194,106825
93,106902,446,20,466,53,456,36,106826
93,106903,378,12,407,40,392,26,106827
93,106904,611,46,637,75,624,60,106828
93,106905,294,226,316,251,305,238,106829
93,106906,349,69,380,90,364,79,106830
93,106907,118,89,137,114,127,101,106831
93,106908,382,38,402,66,392,52,106832
93,106909,232,84,256,107,244,95,106833
93,106910,420,284,442,307,431,295,106834
93,106911,39,120,54,146,46,133,106835
93,106912,72,129,87,155,79,142,106836
93,106913,57,97,80,123,68,110,106837
93,106914,284,124,308,145,296,134,106838
93,106915,229,50,250,73,239,61,106839
93,106916,200,13,220,34,210,23,106840
93,106917,213,24,237,45,225,34,106841
93,106918,37,159,55,177,46,168,106842
93,106919,349,260,368,289,358,274,106843
93,106920,40,88,56,114,48,101,106844
93,106921,453,281,476,303,464,292,106845
93,106922,0,206,16,229,8,217,106846
93,106923,30,272,47,296,38,284,106847
93,106924,273,0,292,28,282,14,106848
93,106925,322,3,339,21,330,12,106849
93,106926,202,47,219,69,210,58,106850
93,106927,128,0,187,22,157,11,106851
93,106928,586,4,607,22,596,13,106852
93,106929,263,243,287,267,275,255,106853
93,106930,52,17,68,53,60,35,106854
93,106931,132,0,151,13,141,6,106855
93,106932,630,68,639,88,634,78,106856
93,106933,163,0,178,4,170,2,106857
93,106934,563,351,592,359,577,355,106858
93,106935,522,11,545,33,533,22,106860
93,106936,192,63,215,88,203,75,106861
93,106937,327,246,347,266,337,256,106862
93,106938,218,0,228,7,223,3,106863
93,106939,414,328,448,347,431,337,106864
93,106940,0,177,18,193,9,185,106865
93,106941,67,21,82,38,74,29,106866
93,106942,453,0,470,6,461,3,106867
93,106943,237,0,256,29,246,14,106868
93,106944,111,261,133,272,122,266,106869
93,106945,382,279,401,297,391,288,106870
93,106946,449,303,478,329,463,316,106871
93,106947,86,209,107,224,96,216,106872
93,106948,381,296,401,315,391,305,106873
93,106949,381,280,402,307,391,293,106859
94,106950,445,0,533,74,489,37,106874
94,106951,539,247,571,274,555,260,106875
94,106952,596,233,621,263,608,248,106876
94,106953,468,183,490,228,479,205,106877
94,106954,597,126,623,165,610,145,106878
94,106955,267,1,346,49,306,25,106879
94,106956,382,121,402,157,392,139,106880
94,106957,528,69,553,97,540,83,106881
94,106958,417,113,442,145,429,129,106882
94,106959,529,161,553,192,541,176,106883
94,106960,60,164,84,186,72,175,106884
94,106961,543,207,577,231,560,219,106885
94,106962,96,167,116,198,106,182,106886
94,106963,359,43,379,70,369,56,106887
94,106964,497,85,520,111,508,98,106888
94,106965,28,236,43,259,35,247,106889
94,106966,208,316,230,346,219,331,106890
94,106967,401,274,419,301,410,287,106891
94,106968,315,127,337,154,326,140,106892
94,106969,300,52,321,84,310,68,106893
94,106970,246,51,267,83,256,67,106894
94,106971,608,0,633,21,620,10,106895
94,106972,307,98,334,120,320,109,106896
94,106973,277,290,302,311,289,300,106897
94,106974,271,75,292,105,281,90,106898
94,106975,500,29,523,58,511,43,106899
94,106976,573,69,609,96,591,82,106900
94,106977,261,178,281,210,271,194,106901
94,106978,446,20,467,53,456,36,106902
94,106979,378,12,407,40,392,26,106903
94,106980,612,46,636,75,624,60,106904
94,106981,294,226,316,251,305,238,106905
94,106982,349,68,380,90,364,79,106906
94,106983,119,89,137,114,128,101,106907
94,106984,382,38,402,66,392,52,106908
94,106985,232,84,256,107,244,95,106909
94,106986,420,282,442,305,431,293,106910
94,106987,39,120,54,146,46,133,106911
94,106988,72,129,87,155,79,142,106912
94,106989,57,97,80,123,68,110,106913
94,106990,286,123,309,145,297,134,106914
94,106991,229,50,250,73,239,61,106915
94,106992,200,13,220,34,210,23,106916
94,106993,213,24,237,45,225,34,106917
94,106994,37,159,55,177,46,168,106918
94,106995,349,259,368,289,358,274,106919
94,106996,40,88,56,114,48,101,106920
94,106997,454,282,478,303,466,292,106921
94,106998,0,206,16,229,8,217,106922
94,106999,30,272,47,296,38,284,106923
94,107000,273,0,291,28,282,14,106924
94,107001,322,3,339,21,330,12,106925
94,107002,203,47,219,69,211,58,106926
94,107003,128,0,187,22,157,11,106927
94,107004,586,4,607,22,596,13,106928
94,107005,263,243,287,267,275,255,106929
94,107006,52,17,68,53,60,35,106930
94,107007,132,0,151,13,141,6,106931
94,107008,630,68,639,88,634,78,106932
94,107009,163,0,178,4,170,2,106933
94,107010,563,351,592,359,577,355,106934
94,107011,522,11,545,33,533,22,106935
94,107012,192,63,216,87,204,75,106936
94,107013,327,246,347,266,337,256,106937
94,107014,218,0,228,7,223,3,106938
94,107015,413,327,446,347,429,337,106939
94,107016,0,177,18,193,9,185,106940
94,107017,67,21,82,38,74,29,106941
94,107018,453,0,470,6,461,3,106942
94,107019,237,0,256,28,246,14,106943
94,107020,111,261,133,272,122,266,106944
94,107021,450,303,478,330,464,316,106946
94,107022,86,209,107,224,96,216,106947
94,107023,382,279,402,305,392,292,106945
94,107024,381,279,402,315,391,297,106949
95,107025,445,0,533,74,489,37,106950
95,107026,539,247,571,274,555,260,106951
95,107027,596,233,621,263,608,248,106952
95,107028,468,183,490,228,479,205,106953
95,107029,597,126,623,165,610,145,106954
95,107030,267,1,346,49,306,25,106955
95,107031,382,121,402,157,392,139,106956
95,107032,528,69,553,97,540,83,106957
95,107033,417,113,442,145,429,129,106958
95,107034,529,161,553,192,541,176,106959
95,107035,60,164,84,186,72,175,106960
95,107036,543,207,577,231,560,219,106961
95,107037,96,167,116,198,106,182,106962
95,107038,359,43,379,70,369,56,106963
95,107039,497,85,520,111,508,98,106964
95,107040,28,236,43,259,35,247,106965
95,107041,208,316,230,346,219,331,106966
95,107042,400,274,419,300,409,287,106967
95,107043,315,127,337,154,326,140,106968
95,107044,300,52,321,84,310,68,106969
95,107045,246,51,267,83,256,67,106970
95,107046,608,0,634,20,621,10,106971
95,107047,307,98,334,120,320,109,106972
95,107048,277,290,302,311,289,300,106973
95,107049,271,75,291,105,281,90,106974
95,107050,500,29,523,58,511,43,106975
95,107051,573,69,609,96,591,82,106976
95,107052,261,178,281,210,271,194,106977
95,107053,446,20,467,53,456,36,106978
95,107054,378,12,407,40,392,26,106979
95,107055,612,46,636,75,624,60,106980
95,107056,294,226,316,251,305,238,106981
95,107057,349,69,380,90,364,79,106982
95,107058,118,89,137,114,127,101,106983
95,107059,382,38,402,66,392,52,106984
95,107060,232,84,256,107,244,95,106985
95,107061,420,280,442,304,431,292,106986
95,107062,39,120,54,146,46,133,106987
95,107063,72,129,87,155,79,142,106988
95,107064,57,97,80,123,68,110,106989
95,107065,288,121,312,144,300,132,106990
95,107066,229,50,250,73,239,61,106991
95,107067,200,13,220,34,210,23,106992
95,107068,213,24,237,45,225,34,106993
95,107069,37,159,55,177,46,168,106994
95,107070,348,258,367,289,357,273,106995
95,107071,40,88,56,114,48,101,106996
95,107072,455,284,479,304,467,294,106997
95,107073,0,206,16,229,8,217,106998
95,107074,30,272,47,296,38,284,106999
95,107075,273,0,291,28,282,14,107000
95,107076,322,3,339,21,330,12,107001
95,107077,201,47,218,69,209,58,107002
95,107078,128,0,187,22,157,11,107003
95,107079,586,4,607,22,596,13,107004
95,107080,263,243,287,267,275,255,107005
95,107081,52,17,68,53,60,35,107006
95,107082,132,0,151,13,141,6,107007
95,107083,630,68,639,88,634,78,107008
95,107084,163,0,178,4,170,2,107009
95,107085,562,351,592,359,577,355,107010
95,107086,522,11,545,33,533,22,107011
95,107087,192,64,217,86,204,75,107012
95,107088,327,246,347,265,337,255,107013
95,107089,218,0,228,7,223,3,107014
95,107090,412,326,443,346,427,336,107015
95,107091,0,177,18,193,9,185,107016
95,107092,67,21,82,38,74,29,107017
95,107093,453,0,470,6,461,3,107018
95,107094,238,0,258,27,248,13,107019
95,107095,111,261,133,272,122,266,107020
95,107096,456,312,482,331,469,321,
95,107097,381,279,402,313,391,296,107023
95,107098,451,302,478,315,464,308,
95,107099,382,279,401,297,391,288,107023
96,107100,445,0,533,74,489,37,107025
96,107101,539,247,571,274,555,260,107026
96,107102,596,233,621,263,608,248,107027
96,107103,468,183,490,228,479,205,107028
96,107104,597,126,623,165,610,145,107029
96,107105,267,1,346,49,306,25,107030
96,107106,382,121,402,157,392,139,107031
96,107107,528,69,553,96,540,82,107032
96,107108,417,113,442,145,429,129,107033
96,107109,529,161,553,192,541,176,107034
96,107110,60,164,84,186,72,175,107035
96,107111,543,207,577,231,560,219,107036
96,107112,96,167,116,198,106,182,107037
96,107113,359,44,379,70,369,57,107038
96,107114,497,85,520,111,508,98,107039
96,107115,28,236,43,259,35,247,107040
96,107116,208,316,230,346,219,331,107041
96,107117,400,274,419,300,409,287,107042
96,107118,314,127,337,153,325,140,107043
96,107119,300,52,321,84,310,68,107044
96,107120,246,51,267,83,256,67,107045
96,107121,608,0,634,18,621,9,107046
96,107122,307,98,334,120,320,109,107047
96,107123,277,290,302,311,289,300,107048
96,107124,271,75,291,104,281,89,107049
96,107125,500,29,523,58,511,43,107050
96,107126,573,69,609,96,591,82,107051
96,107127,261,178,281,210,271,194,107052
96,107128,446,20,467,53,456,36,107053
96,107129,379,12,407,40,393,26,107054
96,107130,612,46,636,75,624,60,107055
96,107131,294,226,316,251,305,238,107056
96,107132,349,69,380,90,364,79,107057
96,107133,118,89,137,114,127,101,107058
96,107134,382,38,402,66,392,52,107059
96,107135,232,84,256,107,244,95,107060
96,107136,421,279,442,302,431,290,107061
96,107137,39,120,54,146,46,133,107062
96,107138,72,129,87,155,79,142,107063
96,107139,57,97,80,123,68,110,107064
96,107140,289,119,314,144,301,131,107065
96,107141,229,50,250,73,239,61,107066
96,107142,200,13,220,34,210,23,107067
96,107143,213,24,237,45,225,34,107068
96,107144,37,159,55,177,46,168,107069
96,107145,347,257,366,289,356,273,107070
96,107146,40,88,56,114,48,101,107071
96,107147,456,285,481,304,468,294,107072
96,107148,0,206,16,229,8,217,107073
96,107149,30,272,47,296,38,284,107074
96,107150,273,0,291,29,282,14,107075
96,107151,322,3,339,21,330,12,107076
96,107152,129,0,187,23,158,11,107078
96,107153,586,4,607,22,596,13,107079
96,107154,263,243,287,267,275,255,107080
96,107155,52,17,68,53,60,35,107081
96,107156,132,0,151,13,141,6,107082
96,107157,630,68,639,88,634,78,107083
96,107158,163,0,178,4,170,2,107084
96,107159,562,351,592,359,577,355,107085
96,107160,522,11,545,33,533,22,107086
96,107161,192,65,217,86,204,75,107087
96,107162,327,246,347,265,337,255,107088
96,107163,218,0,228,7,223,3,107089
96,107164,409,323,441,345,425,334,107090
96,107165,0,177,18,193,9,185,107091
96,107166,67,21,82,38,74,29,107092
96,107167,453,0,470,6,461,3,107093
96,107168,239,0,259,26,249,13,107094
96,107169,111,261,133,272,122,266,107095
96,107170,461,314,485,332,473,323,107096
96,107171,381,279,402,314,391,296,107097
96,107172,451,302,478,315,464,308,107098
96,107173,382,279,401,303,391,291,107097
97,107174,445,0,533,74,489,37,107100
97,107175,539,247,571,274,555,260,107101
97,107176,596,233,621,263,608,248,107102
97,107177,468,183,490,228,479,205,107103
97,107178,597,126,623,165,610,145,107104
97,107179,267,1,346,49,306,25,107105
97,107180,382,121,402,157,392,139,107106
97,107181,528,69,553,96,540,82,107107
97,107182,417,113,442,145,429,129,107108
97,107183,529,161,553,192,541,176,107109
97,107184,60,165,84,186,72,175,107110
97,107185,543,207,577,231,560,219,107111
97,107186,96,167,116,198,106,182,107112
97,107187,359,44,379,70,369,57,107113
97,107188,497,85,520,111,508,98,107114
97,107189,28,236,43,259,35,247,107115
97,107190,208,316,230,346,219,331,107116
97,107191,401,274,420,300,410,287,107117
97,107192,314,127,337,153,325,140,107118
97,107193,300,52,321,84,310,68,107119
97,107194,246,51,267,83,256,67,107120
97,107195,608,0,634,18,621,9,107121
97,107196,307,98,334,120,320,109,107122
97,107197,277,290,302,311,289,300,107123
97,107198,271,75,292,104,281,89,107124
97,107199,500,29,523,58,511,43,107125
97,107200,573,69,609,96,591,82,107126
97,107201,261,178,281,210,271,194,107127
97,107202,446,20,467,53,456,36,107128
97,107203,379,12,407,40,393,26,107129
97,107204,612,46,636,75,624,60,107130
97,107205,294,226,316,251,305,238,107131
97,107206,349,69,380,90,364,79,107132
97,107207,118,89,137,114,127,101,107133
97,107208,382,38,402,66,392,52,107134
97,107209,232,84,256,107,244,95,107135
97,107210,421,279,442,302,431,290,107136
97,107211,39,120,54,146,46,133,107137
97,107212,72,129,87,155,79,142,107138
97,107213,57,97,80,123,68,110,107139
97,107214,290,119,315,144,302,131,107140
97,107215,229,50,250,73,239,61,107141
97,107216,200,13,220,34,210,23,107142
97,107217,213,24,237,45,225,34,107143
97,107218,37,159,55,177,46,168,107144
97,107219,347,257,366,289,356,273,107145
97,107220,40,88,56,114,48,101,107146
97,107221,457,286,481,304,469,295,107147
97,107222,0,206,16,229,8,217,107148
97,107223,30,272,47,296,38,284,107149
97,107224,273,0,291,29,282,14,107150
97,107225,322,3,339,21,330,12,107151
97,107226,129,0,187,23,158,11,107152
97,107227,586,4,607,22,596,13,107153
97,107228,263,243,287,267,275,255,107154
97,107229,52,17,68,53,60,35,107155
97,107230,132,0,151,13,141,6,107156
97,107231,630,68,639,88,634,78,107157
97,107232,163,0,178,4,170,2,107158
97,107233,562,351,592,359,577,355,107159
97,107234,522,11,545,34,533,22,107160
97,107235,191,65,217,86,204,75,107161
97,107236,327,246,347,265,337,255,107162
97,107237,218,0,228,7,223,3,107163
97,107238,409,322,440,344,424,333,107164
97,107239,0,177,18,193,9,185,107165
97,107240,67,21,82,38,74,29,107166
97,107241,453,0,470,6,461,3,107167
97,107242,240,0,260,25,250,12,107168
97,107243,111,261,133,272,122,266,107169
97,107244,462,315,486,332,474,323,107170
97,107245,381,279,402,315,391,297,107171
97,107246,451,302,478,315,464,308,107172
97,107247,191,49,217,86,204,67,107161
97,107248,382,279,401,302,391,290,107171
98,107249,445,0,533,74,489,37,107174
98,107250,539,247,571,274,555,260,107175
98,107251,596,233,621,263,608,248,107176
98,107252,468,183,490,228,479,205,107177
98,107253,597,126,623,165,610,145,107178
98,107254,267,1,346,49,306,25,107179
98,107255,382,121,402,157,392,139,107180
98,107256,528,69,553,96,540,82,107181
98,107257,417,113,442,145,429,129,107182
98,107258,529,160,553,192,541,176,107183
98,107259,60,165,84,186,72,175,107184
98,107260,543,207,577,231,560,219,107185
98,107261,96,167,116,198,106,182,107186
98,107262,359,44,379,70,369,57,107187
98,107263,497,85,520,111,508,98,107188
98,107264,28,236,43,259,35,247,107189
98,107265,208,316,230,346,219,331,107190
98,107266,401,274,420,300,410,287,107191
98,107267,314,127,337,153,325,140,107192
98,107268,300,52,321,84,310,68,107193
98,107269,246,51,267,83,256,67,107194
98,107270,608,0,634,17,621,8,107195
98,107271,307,98,334,119,320,108,107196
98,107272,277,290,302,311,289,300,107197
98,107273,271,75,291,104,281,89,107198
98,107274,500,29,523,58,511,43,107199
98,107275,573,69,609,96,591,82,107200
98,107276,261,178,281,210,271,194,107201
98,107277,446,20,467,53,456,36,107202
98,107278,379,12,407,40,393,26,107203
98,107279,612,46,636,75,624,60,107204
98,107280,294,226,316,251,305,238,107205
98,107281,349,68,380,90,364,79,107206
98,107282,118,89,137,114,127,101,107207
98,107283,382,38,402,66,392,52,107208
98,107284,232,84,256,107,244,95,107209
98,107285,422,279,442,301,432,290,107210
98,107286,39,120,54,146,46,133,107211
98,107287,72,129,87,155,79,142,107212
98,107288,57,97,80,123,68,110,107213
98,107289,291,118,316,143,303,130,107214
98,107290,229,50,250,73,239,61,107215
98,107291,200,13,220,34,210,23,107216
98,107292,213,24,237,45,225,34,107217
98,107293,37,159,55,177,46,168,107218
98,107294,347,257,366,282,356,269,107219
98,107295,40,88,56,114,48,101,107220
98,107296,457,287,482,304,469,295,107221
98,107297,0,206,16,229,8,217,107222
98,107298,30,272,47,296,38,284,107223
98,107299,273,0,291,29,282,14,107224
98,107300,322,3,339,21,330,12,107225
98,107301,129,0,187,23,158,11,107226
98,107302,586,4,607,22,596,13,107227
98,107303,262,243,287,268,274,255,107228
98,107304,52,17,68,53,60,35,107229
98,107305,132,0,151,13,141,6,107230
98,107306,630,68,639,88,634,78,107231
98,107307,163,0,178,4,170,2,107232
98,107308,562,351,592,359,577,355,107233
98,107309,522,11,545,34,533,22,107234
98,107310,191,67,217,86,204,76,107235
98,107311,327,246,347,265,337,255,107236
98,107312,218,0,228,7,223,3,107237
98,107313,407,319,438,343,422,331,107238
98,107314,0,177,18,193,9,185,107239
98,107315,67,21,82,38,74,29,107240
98,107316,453,0,470,6,461,3,107241
98,107317,241,0,260,25,250,12,107242
98,107318,111,261,133,272,122,266,107243
98,107319,465,316,489,332,477,324,107244
98,107320,451,301,479,315,465,308,107246
98,107321,191,57,217,86,204,71,107235
98,107322,382,279,402,297,392,288,107248
99,107323,445,0,533,74,489,37,107249
99,107324,539,247,571,274,555,260,107250
99,107325,596,233,621,263,608,248,107251
99,107326,468,183,490,228,479,205,107252
99,107327,597,126,623,165,610,145,107253
99,107328,267,1,346,49,306,25,107254
99,107329,382,121,402,157,392,139,107255
99,107330,528,69,553,96,540,82,107256
99,107331,417,113,442,145,429,129,107257
99,107332,529,160,553,192,541,176,107258
99,107333,60,165,84,186,72,175,107259
99,107334,543,207,577,231,560,219,107260
99,107335,96,167,115,198,105,182,107261
99,107336,360,44,379,70,369,57,107262
99,107337,497,85,520,111,508,98,107263
99,107338,28,236,43,259,35,247,107264
99,107339,208,316,230,346,219,331,107265
99,107340,401,274,420,300,410,287,107266
99,107341,314,127,337,153,325,140,107267
99,107342,300,52,321,84,310,68,107268
99,107343,246,51,267,83,256,67,107269
99,107344,608,0,634,17,621,8,107270
99,107345,306,98,334,119,320,108,107271
99,107346,277,290,302,311,289,300,107272
99,107347,271,75,291,104,281,89,107273
99,107348,500,29,523,58,511,43,107274
99,107349,573,69,609,96,591,82,107275
99,107350,261,178,281,210,271,194,107276
99,107351,446,20,467,53,456,36,107277
99,107352,379,12,407,40,393,26,107278
99,107353,612,46,636,75,624,60,107279
99,107354,294,226,316,251,305,238,107280
99,107355,349,69,380,90,364,79,107281
99,107356,118,89,137,114,127,101,107282
99,107357,382,38,402,65,392,51,107283
99,107358,232,84,256,107,244,95,107284
99,107359,423,278,444,301,433,289,107285
99,107360,39,120,54,146,46,133,107286
99,107361,72,129,87,155,79,142,107287
99,107362,57,97,80,123,68,110,107288
99,107363,292,118,318,142,305,130,107289
99,107364,229,50,250,73,239,61,107290
99,107365,200,13,220,34,210,23,107291
99,107366,213,24,237,45,225,34,107292
99,107367,37,159,55,177,46,168,107293
99,107368,347,256,365,285,356,270,107294
99,107369,40,88,56,114,48,101,107295
99,107370,457,287,483,303,470,295,107296
99,107371,0,206,16,229,8,217,107297
99,107372,30,272,47,296,38,284,107298
99,107373,273,0,291,29,282,14,107299
99,107374,322,3,339,21,330,12,107300
99,107375,129,0,187,23,158,11,107301
99,107376,586,4,607,22,596,13,107302
99,107377,261,243,286,268,273,255,107303
99,107378,52,17,68,53,60,35,107304
99,107379,132,0,151,13,141,6,107305
99,107380,630,68,639,88,634,78,107306
99,107381,163,0,178,4,170,2,107307
99,107382,562,351,592,359,577,355,107308
99,107383,522,11,545,34,533,22,107309
99,107384,191,68,217,86,204,77,107310
99,107385,327,245,347,266,337,255,107311
99,107386,218,0,228,7,223,3,107312
99,107387,406,317,436,342,421,329,107313
99,107388,0,177,18,193,9,185,107314
99,107389,67,21,82,38,74,29,107315
99,107390,453,0,470,6,461,3,107316
99,107391,242,0,261,24,251,12,107317
99,107392,111,261,133,272,122,266,107318
99,107393,467,315,492,333,479,324,107319
99,107394,451,301,480,314,465,307,107320
99,107395,190,57,217,86,203,71,107310
99,107396,382,279,402,297,392,288,107322
99,107397,86,209,107,224,96,216,
100,107398,445,0,533,74,489,37,107323
100,107399,539,247,571,274,555,260,107324
100,107400,596,233,621,263,608,248,107325
100,107401,468,183,490,228,479,205,107326
100,107402,597,126,623,165,610,145,107327
100,107403,267,1,345,49,306,25,107328
100,107404,382,121,402,157,392,139,107329
100,107405,528,69,553,96,540,82,107330
100,107406,417,113,442,145,429,129,107331
100,107407,529,160,553,192,541,176,107332
100,107408,60,165,84,186,72,175,107333
100,107409,543,207,577,231,560,219,107334
100,107410,96,167,116,198,106,182,107335
100,107411,360,43,379,70,369,56,107336
100,107412,497,85,520,111,508,98,107337
100,107413,28,236,43,259,35,247,107338
100,107414,208,316,230,346,219,331,107339
100,107415,401,275,420,299,410,287,107340
100,107416,314,127,337,153,325,140,107341
100,107417,300,52,321,84,310,68,107342
100,107418,246,51,267,83,256,67,107343
100,107419,609,0,634,17,621,8,107344
100,107420,306,98,334,119,320,108,107345
100,107421,277,290,302,311,289,300,107346
100,107422,271,75,292,104,281,89,107347
100,107423,500,29,523,58,511,43,107348
100,107424,573,69,609,96,591,82,107349
100,107425,261,178,281,210,271,194,107350
100,107426,446,20,467,53,456,36,107351
100,107427,378,12,407,40,392,26,107352
100,107428,612,46,636,75,624,60,107353
100,107429,294,226,316,251,305,238,107354
100,107430,349,69,380,90,364,79,107355
100,107431,118,89,137,114,127,101,107356
100,107432,382,38,402,65,392,51,107357
100,107433,232,84,256,107,244,95,107358
100,107434,424,277,445,300,434,288,107359
100,107435,39,120,54,146,46,133,107360
100,107436,72,129,87,155,79,142,107361
100,107437,57,97,80,123,68,110,107362
100,107438,292,118,318,142,305,130,107363
100,107439,229,50,250,73,239,61,107364
100,107440,200,13,220,34,210,23,107365
100,107441,213,24,237,45,225,34,107366
100,107442,37,159,55,177,46,168,107367
100,107443,346,256,365,283,355,269,107368
100,107444,40,88,56,114,48,101,107369
100,107445,458,287,484,304,471,295,107370
100,107446,0,205,16,229,8,217,107371
100,107447,30,272,47,296,38,284,107372
100,107448,273,0,291,29,282,14,107373
100,107449,322,3,339,21,330,12,107374
100,107450,128,0,187,23,157,11,107375
100,107451,586,4,607,22,596,13,107376
100,107452,261,243,283,268,272,255,107377
100,107453,52,17,68,53,60,35,107378
100,107454,132,0,151,13,141,6,107379
100,107455,630,68,639,88,634,78,107380
100,107456,163,0,178,4,170,2,107381
100,107457,562,351,592,359,577,355,107382
100,107458,523,11,545,34,534,22,107383
100,107459,191,68,217,85,204,76,107384
100,107460,327,245,348,266,337,255,107385
100,107461,218,0,228,7,223,3,107386
100,107462,406,315,435,342,420,328,107387
100,107463,0,177,19,193,9,185,107388
100,107464,67,21,82,38,74,29,107389
100,107465,453,0,470,6,461,3,107390
100,107466,243,0,262,23,252,11,107391
100,107467,111,261,133,272,122,266,107392
100,107468,469,314,494,332,481,323,107393
100,107469,452,302,481,314,466,308,107394
100,107470,190,49,217,85,203,67,107395
100,107471,382,279,402,297,392,288,107396
100,107472,86,209,107,224,96,216,107397
101,107473,445,0,533,74,489,37,107398
101,107474,539,247,571,274,555,260,107399
101,107475,596,233,621,263,608,248,107400
101,107476,468,183,490,228,479,205,107401
101,107477,597,126,623,165,610,145,107402
101,107478,267,1,345,49,306,25,107403
101,107479,382,121,402,157,392,139,107404
101,107480,528,69,553,96,540,82,107405
101,107481,417,113,442,145,429,129,107406
101,107482,529,160,553,192,541,176,107407
101,107483,60,165,84,186,72,175,107408
101,107484,543,207,577,231,560,219,107409
101,107485,96,167,116,198,106,182,107410
101,107486,360,43,379,70,369,56,107411
101,107487,497,85,520,111,508,98,107412
101,107488,28,236,43,259,35,247,107413
101,107489,208,316,230,346,219,331,107414
101,107490,401,274,420,300,410,287,107415
101,107491,314,127,337,153,325,140,107416
101,107492,300,52,321,84,310,68,107417
101,107493,246,51,267,83,256,67,107418
101,107494,609,0,634,17,621,8,107419
101,107495,306,98,334,119,320,108,107420
101,107496,277,290,302,311,289,300,107421
101,107497,271,75,291,104,281,89,107422
101,107498,500,29,523,58,511,43,107423
101,107499,573,69,609,96,591,82,107424
101,107500,261,178,281,210,271,194,107425
101,107501,446,20,467,53,456,36,107426
101,107502,378,12,407,40,392,26,107427
101,107503,612,46,636,75,624,60,107428
101,107504,294,226,316,251,305,238,107429
101,107505,349,69,380,90,364,79,107430
101,107506,118,89,137,114,127,101,107431
101,107507,382,38,403,65,392,51,107432
101,107508,232,84,256,107,244,95,107433
101,107509,426,275,446,300,436,287,107434
101,107510,39,120,54,146,46,133,107435
101,107511,72,129,87,155,79,142,107436
101,107512,57,97,80,123,68,110,107437
101,107513,293,118,318,141,305,129,107438
101,107514,229,50,250,73,239,61,107439
101,107515,200,13,220,34,210,23,107440
101,107516,213,24,237,45,225,34,107441
101,107517,37,159,55,177,46,168,107442
101,107518,346,256,365,280,355,268,107443
101,107519,40,88,56,114,48,101,107444
101,107520,458,288,484,306,471,297,107445
101,107521,0,205,16,229,8,217,107446
101,107522,30,272,47,296,38,284,107447
101,107523,273,0,291,29,282,14,107448
101,107524,322,3,339,21,330,12,107449
101,107525,128,0,187,23,157,11,107450
101,107526,586,4,607,22,596,13,107451
101,107527,260,243,282,268,271,255,107452
101,107528,52,17,68,53,60,35,107453
101,107529,132,0,151,13,141,6,107454
101,107530,630,68,639,89,634,78,107455
101,107531,163,0,178,4,170,2,107456
101,107532,562,351,593,359,577,355,107457
101,107533,522,11,545,34,533,22,107458
101,107534,327,245,348,266,337,255,107460
101,107535,218,0,228,7,223,3,107461
101,107536,405,314,433,341,419,327,107462
101,107537,0,177,19,193,9,185,107463
101,107538,67,21,82,38,74,29,107464
101,107539,453,0,470,6,461,3,107465
101,107540,243,0,262,23,252,11,107466
101,107541,471,313,495,332,483,322,107468
101,107542,451,302,481,314,466,308,107469
101,107543,190,46,217,85,203,65,107470
101,107544,382,279,401,297,391,288,107471
101,107545,86,209,107,224,96,216,107472
101,107546,453,289,483,312,468,300,
102,107547,445,0,532,74,488,37,107473
102,107548,539,247,571,274,555,260,107474
102,107549,596,233,621,263,608,248,107475
102,107550,468,183,490,228,479,205,107476
102,107551,597,126,623,165,610,145,107477
102,107552,267,1,345,50,306,25,107478
102,107553,382,121,402,157,392,139,107479
102,107554,528,69,554,96,541,82,107480
102,107555,417,113,442,145,429,129,107481
102,107556,529,160,553,192,541,176,107482
102,107557,60,165,84,186,72,175,107483
102,107558,543,207,577,231,560,219,107484
102,107559,96,167,116,198,106,182,107485
102,107560,360,43,380,70,370,56,107486
102,107561,497,85,520,111,508,98,107487
102,107562,28,236,43,259,35,247,107488
102,107563,208,316,230,346,219,331,107489
102,107564,401,274,420,300,410,287,107490
102,107565,315,127,337,153,326,140,107491
102,107566,300,52,321,84,310,68,107492
102,107567,246,51,267,83,256,67,107493
102,107568,609,0,634,17,621,8,107494
102,107569,306,98,334,119,320,108,107495
102,107570,277,290,302,311,289,300,107496
102,107571,271,75,292,105,281,90,107497
102,107572,500,29,523,58,511,43,107498
102,107573,573,69,609,96,591,82,107499
102,107574,261,178,281,210,271,194,107500
102,107575,446,20,467,53,456,36,107501
102,107576,378,12,407,39,392,25,107502
102,107577,612,46,636,75,624,60,107503
102,107578,294,226,316,251,305,238,107504
102,107579,349,69,380,90,364,79,107505
102,107580,118,89,137,114,127,101,107506
102,107581,382,38,403,65,392,51,107507
102,107582,232,84,256,107,244,95,107508
102,107583,427,274,447,300,437,287,107509
102,107584,39,120,54,146,46,133,107510
102,107585,72,129,87,155,79,142,107511
102,107586,57,97,80,123,68,110,107512
102,107587,294,117,319,140,306,128,107513
102,107588,229,50,250,73,239,61,107514
102,107589,200,13,220,34,210,23,107515
102,107590,213,24,237,45,225,34,107516
102,107591,37,159,55,177,46,168,107517
102,107592,347,256,366,285,356,270,107518
102,107593,40,88,56,114,48,101,107519
102,107594,459,288,485,306,472,297,107520
102,107595,0,205,16,229,8,217,107521
102,107596,30,272,47,296,38,284,107522
102,107597,273,0,291,29,282,14,107523
102,107598,322,2,339,21,330,11,107524
102,107599,129,0,187,23,158,11,107525
102,107600,586,4,607,22,596,13,107526
102,107601,260,243,280,268,270,255,107527
102,107602,52,17,68,53,60,35,107528
102,107603,132,0,151,13,141,6,107529
102,107604,630,68,639,88,634,78,107530
102,107605,163,0,178,4,170,2,107531
102,107606,522,11,546,34,534,22,107533
102,107607,327,245,348,266,337,255,107534
102,107608,218,0,228,7,223,3,107535
102,107609,405,313,432,340,418,326,107536
102,107610,0,177,19,193,9,185,107537
102,107611,66,21,82,38,74,29,107538
102,107612,453,0,470,6,461,3,107539
102,107613,243,0,263,22,253,11,107540
102,107614,473,313,495,331,484,322,107541
102,107615,451,302,479,314,465,308,107542
102,107616,190,45,217,86,203,65,107543
102,107617,382,279,401,297,391,288,107544
102,107618,86,209,106,224,96,216,107545
102,107619,111,261,133,272,122,266,
103,107620,445,0,532,74,488,37,107547
103,107621,539,247,571,274,555,260,107548
103,107622,596,233,621,263,608,248,107549
103,107623,468,183,490,228,479,205,107550
103,107624,597,126,623,165,610,145,107551
103,107625,267,1,345,50,306,25,107552
103,107626,382,121,402,157,392,139,107553
103,107627,528,69,554,96,541,82,107554
103,107628,417,113,442,145,429,129,107555
103,107629,529,160,553,192,541,176,107556
103,107630,60,165,84,186,72,175,107557
103,107631,543,207,577,231,560,219,107558
103,107632,96,167,116,198,106,182,107559
103,107633,360,43,380,70,370,56,107560
103,107634,497,85,520,111,508,98,107561
103,107635,28,236,43,259,35,247,107562
103,107636,208,316,230,346,219,331,107563
103,107637,401,274,420,300,410,287,107564
103,107638,315,127,337,153,326,140,107565
103,107639,300,52,321,84,310,68,107566
103,107640,246,51,267,83,256,67,107567
103,107641,609,0,635,17,622,8,107568
103,107642,306,98,334,119,320,108,107569
103,107643,277,290,302,311,289,300,107570
103,107644,271,75,292,105,281,90,107571
103,107645,500,29,523,58,511,43,107572
103,107646,573,69,609,96,591,82,107573
103,107647,261,178,281,210,271,194,107574
103,107648,446,20,467,53,456,36,107575
103,107649,378,12,407,39,392,25,107576
103,107650,612,46,636,75,624,60,107577
103,107651,294,226,316,251,305,238,107578
103,107652,349,69,380,90,364,79,107579
103,107653,118,89,137,114,127,101,107580
103,107654,382,37,403,65,392,51,107581
103,107655,232,84,256,107,244,95,107582
103,107656,428,274,447,300,437,287,107583
103,107657,39,120,54,146,46,133,107584
103,107658,72,129,87,155,79,142,107585
103,107659,57,97,80,123,68,110,107586
103,107660,294,117,319,140,306,128,107587
103,107661,229,50,250,73,239,61,107588
103,107662,200,13,220,34,210,23,107589
103,107663,213,24,237,45,225,34,107590
103,107664,37,159,55,177,46,168,107591
103,107665,347,257,366,286,356,271,107592
103,107666,40,88,56,114,48,101,107593
103,107667,459,288,485,306,472,297,107594
103,107668,0,205,16,229,8,217,107595
103,107669,30,272,47,296,38,284,107596
103,107670,273,0,291,29,282,14,107597
103,107671,322,2,339,21,330,11,107598
103,107672,129,0,187,23,158,11,107599
103,107673,586,4,607,22,596,13,107600
103,107674,260,243,280,268,270,255,107601
103,107675,52,17,68,53,60,35,107602
103,107676,132,0,151,13,141,6,107603
103,107677,630,68,639,88,634,78,107604
103,107678,163,0,178,4,170,2,107605
103,107679,522,12,546,34,534,23,107606
103,107680,327,245,348,266,337,255,107607
103,107681,218,0,228,7,223,3,107608
103,107682,405,313,432,339,418,326,107609
103,107683,0,177,19,193,9,185,107610
103,107684,66,21,82,38,74,29,107611
103,107685,453,0,470,6,461,3,107612
103,107686,244,0,263,22,253,11,107613
103,107687,474,313,495,331,484,322,107614
103,107688,451,302,478,314,464,308,107615
103,107689,190,45,217,86,203,65,107616
103,107690,382,279,401,296,391,287,107617
103,107691,86,209,106,224,96,216,107618
103,107692,111,261,133,272,122,266,107619
104,107693,445,0,532,74,488,37,107620
104,107694,539,247,571,274,555,260,107621
104,107695,596,233,621,263,608,248,107622
104,107696,468,183,490,228,479,205,107623
104,107697,597,126,623,165,610,145,107624
104,107698,267,1,345,50,306,25,107625
104,107699,382,121,402,157,392,139,107626
104,107700,528,69,554,96,541,82,107627
104,107701,417,113,442,145,429,129,107628
104,107702,529,160,553,192,541,176,107629
104,107703,60,165,84,186,72,175,107630
104,107704,543,207,577,231,560,219,107631
104,107705,96,167,116,198,106,182,107632
104,107706,360,43,380,70,370,56,107633
104,107707,497,85,520,111,508,98,107634
104,107708,28,236,43,259,35,247,107635
104,107709,208,316,230,346,219,331,107636
104,107710,401,274,420,301,410,287,107637
104,107711,315,126,337,153,326,139,107638
104,107712,300,52,321,84,310,68,107639
104,107713,246,51,267,83,256,67,107640
104,107714,609,0,635,17,622,8,107641
104,107715,306,98,334,119,320,108,107642
104,107716,277,290,302,311,289,300,107643
104,107717,271,75,292,105,281,90,107644
104,107718,500,29,523,58,511,43,107645
104,107719,573,69,609,96,591,82,107646
104,107720,261,178,281,210,271,194,107647
104,107721,446,20,467,53,456,36,107648
104,107722,378,12,407,39,392,25,107649
104,107723,612,46,636,75,624,60,107650
104,107724,294,226,316,251,305,238,107651
104,107725,349,68,380,90,364,79,107652
104,107726,118,89,137,114,127,101,107653
104,107727,382,37,403,65,392,51,107654
104,107728,232,84,256,107,244,95,107655
104,107729,428,274,448,300,438,287,107656
104,107730,39,120,54,146,46,133,107657
104,107731,72,129,87,155,79,142,107658
104,107732,57,97,80,123,68,110,107659
104,107733,295,117,320,139,307,128,107660
104,107734,229,50,250,73,239,61,107661
104,107735,200,13,220,34,210,23,107662
104,107736,213,24,237,45,225,34,107663
104,107737,37,159,55,177,46,168,107664
104,107738,347,257,367,286,357,271,107665
104,107739,40,88,56,114,48,101,107666
104,107740,461,287,485,306,473,296,107667
104,107741,0,205,16,229,8,217,107668
104,107742,30,272,47,296,38,284,107669
104,107743,273,0,291,29,282,14,107670
104,107744,322,2,339,21,330,11,107671
104,107745,129,0,187,23,158,11,107672
104,107746,586,4,607,22,596,13,107673
104,107747,260,243,280,269,270,256,107674
104,107748,52,17,68,53,60,35,107675
104,107749,132,0,151,13,141,6,107676
104,107750,630,68,639,88,634,78,107677
104,107751,163,0,178,4,170,2,107678
104,107752,523,12,546,34,534,23,107679
104,107753,327,245,348,266,337,255,107680
104,107754,218,0,228,7,223,3,107681
104,107755,405,313,431,338,418,325,107682
104,107756,0,177,19,193,9,185,107683
104,107757,66,21,82,38,74,29,107684
104,107758,453,0,470,6,461,3,107685
104,107759,244,0,263,22,253,11,107686
104,107760,475,313,495,331,485,322,107687
104,107761,451,302,477,314,464,308,107688
104,107762,190,45,218,87,204,66,107689
104,107763,382,279,401,297,391,288,107690
104,107764,85,208,106,223,95,215,107691
104,107765,111,261,133,272,122,266,107692
105,107766,444,0,533,74,488,37,107693
105,107767,539,247,571,274,555,260,107694
105,107768,596,233,621,263,608,248,107695
105,107769,468,183,490,228,479,205,107696
105,107770,597,126,623,165,610,145,107697
105,107771,267,1,345,50,306,25,107698
105,107772,382,121,402,157,392,139,107699
105,107773,528,69,554,96,541,82,107700
105,107774,417,113,442,145,429,129,107701
105,107775,529,160,553,192,541,176,107702
105,107776,60,165,84,186,72,175,107703
105,107777,543,207,577,231,560,219,107704
105,107778,96,167,116,198,106,182,107705
105,107779,360,43,380,70,370,56,107706
105,107780,497,85,520,111,508,98,107707
105,107781,28,236,43,259,35,247,107708
105,107782,208,316,230,346,219,331,107709
105,107783,400,274,420,301,410,287,107710
105,107784,315,127,337,153,326,140,107711
105,107785,300,52,321,84,310,68,107712
105,107786,246,51,267,83,256,67,107713
105,107787,609,0,635,17,622,8,107714
105,107788,306,98,334,120,320,109,107715
105,107789,277,290,302,311,289,300,107716
105,107790,271,75,291,105,281,90,107717
105,107791,500,29,523,58,511,43,107718
105,107792,573,69,609,96,591,82,107719
105,107793,261,178,281,210,271,194,107720
105,107794,446,20,467,53,456,36,107721
105,107795,378,12,407,39,392,25,107722
105,107796,612,46,636,75,624,60,107723
105,107797,294,226,316,251,305,238,107724
105,107798,349,68,380,90,364,79,107725
105,107799,118,89,137,114,127,101,107726
105,107800,382,37,403,65,392,51,107727
105,107801,232,84,256,107,244,95,107728
105,107802,428,274,448,300,438,287,107729
105,107803,39,120,54,146,46,133,107730
105,107804,72,129,87,155,79,142,107731
105,107805,57,97,80,123,68,110,107732
105,107806,297,116,322,137,309,126,107733
105,107807,229,50,250,73,239,61,107734
105,107808,200,13,220,34,210,23,107735
105,107809,213,24,237,45,225,34,107736
105,107810,37,159,55,177,46,168,107737
105,107811,347,256,367,286,357,271,107738
105,107812,40,88,56,114,48,101,107739
105,107813,461,287,486,306,473,296,107740
105,107814,0,205,16,230,8,217,107741
105,107815,30,272,47,296,38,284,107742
105,107816,273,0,291,29,282,14,107743
105,107817,322,2,339,21,330,11,107744
105,107818,128,0,187,23,157,11,107745
105,107819,586,4,607,22,596,13,107746
105,107820,259,243,279,269,269,256,107747
105,107821,52,17,68,53,60,35,107748
105,107822,132,0,151,13,141,6,107749
105,107823,630,68,639,88,634,78,107750
105,107824,163,0,178,4,170,2,107751
105,107825,523,12,546,34,534,23,107752
105,107826,327,245,348,266,337,255,107753
105,107827,218,0,228,7,223,3,107754
105,107828,405,312,430,336,417,324,107755
105,107829,0,177,19,193,9,185,107756
105,107830,66,21,82,38,74,29,107757
105,107831,453,0,470,6,461,3,107758
105,107832,244,0,263,21,253,10,107759
105,107833,476,313,495,330,485,321,107760
105,107834,452,302,477,314,464,308,107761
105,107835,190,46,217,88,203,67,107762
105,107836,382,279,401,296,391,287,107763
105,107837,85,208,106,223,95,215,107764
105,107838,111,261,132,272,121,266,107765
105,107839,381,294,402,315,391,304,
106,107840,445,0,532,74,488,37,107766
106,107841,539,247,571,274,555,260,107767
106,107842,596,233,621,263,608,248,107768
106,107843,468,183,490,228,479,205,107769
106,107844,597,126,623,165,610,145,107770
106,107845,267,1,345,50,306,25,107771
106,107846,382,121,402,157,392,139,107772
106,107847,528,69,554,96,541,82,107773
106,107848,417,113,442,145,429,129,107774
106,107849,529,160,553,192,541,176,107775
106,107850,60,165,84,186,72,175,107776
106,107851,543,207,577,231,560,219,107777
106,107852,96,167,116,198,106,182,107778
106,107853,360,43,380,70,370,56,107779
106,107854,497,85,520,111,508,98,107780
106,107855,28,236,43,259,35,247,107781
106,107856,208,316,230,346,219,331,107782
106,107857,400,273,421,301,410,287,107783
106,107858,315,127,337,153,326,140,107784
106,107859,300,52,321,84,310,68,107785
106,107860,246,51,267,83,256,67,107786
106,107861,609,0,635,16,622,8,107787
106,107862,306,98,334,119,320,108,107788
106,107863,277,290,302,311,289,300,107789
106,107864,271,75,292,105,281,90,107790
106,107865,500,29,523,58,511,43,107791
106,107866,573,69,609,96,591,82,107792
106,107867,261,178,281,210,271,194,107793
106,107868,446,20,467,53,456,36,107794
106,107869,378,12,407,39,392,25,107795
106,107870,612,46,636,75,624,60,107796
106,107871,294,226,316,251,305,238,107797
106,107872,349,68,380,90,364,79,107798
106,107873,118,89,137,114,127,101,107799
106,107874,382,36,403,65,392,50,107800
106,107875,232,84,256,107,244,95,107801
106,107876,429,274,449,299,439,286,107802
106,107877,39,120,54,146,46,133,107803
106,107878,72,129,87,155,79,142,107804
106,107879,57,97,80,123,68,110,107805
106,107880,298,114,325,135,311,124,107806
106,107881,229,50,250,73,239,61,107807
106,107882,200,13,220,34,210,23,107808
106,107883,213,24,237,45,225,34,107809
106,107884,37,159,55,177,46,168,107810
106,107885,347,256,367,287,357,271,107811
106,107886,40,88,56,114,48,101,107812
106,107887,462,286,487,305,474,295,107813
106,107888,0,205,16,230,8,217,107814
106,107889,30,272,47,296,38,284,107815
106,107890,273,0,291,29,282,14,107816
106,107891,322,2,339,21,330,11,107817
106,107892,128,0,187,23,157,11,107818
106,107893,586,4,607,22,596,13,107819
106,107894,258,244,279,268,268,256,107820
106,107895,52,17,68,53,60,35,107821
106,107896,132,0,151,12,141,6,107822
106,107897,630,68,639,88,634,78,107823
106,107898,163,0,178,4,170,2,107824
106,107899,523,12,546,35,534,23,107825
106,107900,327,245,348,266,337,255,107826
106,107901,218,0,228,7,223,3,107827
106,107902,403,311,429,335,416,323,107828
106,107903,0,177,19,193,9,185,107829
106,107904,66,21,82,38,74,29,107830
106,107905,453,0,470,6,461,3,107831
106,107906,244,0,263,21,253,10,107832
106,107907,452,302,477,314,464,308,107834
106,107908,190,46,218,88,204,67,107835
106,107909,382,278,401,296,391,287,107836
106,107910,85,208,106,223,95,215,107837
106,107911,111,261,132,272,121,266,107838
106,107912,381,294,402,315,391,304,107839
107,107913,445,0,532,74,488,37,107840
107,107914,539,247,571,274,555,260,107841
107,107915,596,233,621,263,608,248,107842
107,107916,468,183,490,228,479,205,107843
107,107917,597,126,623,165,610,145,107844
107,107918,267,1,345,50,306,25,107845
107,107919,382,121,402,157,392,139,107846
107,107920,528,69,554,96,541,82,107847
107,107921,417,113,442,145,429,129,107848
107,107922,529,160,553,192,541,176,107849
107,107923,60,165,84,186,72,175,107850
107,107924,543,207,577,231,560,219,107851
107,107925,96,167,116,198,106,182,107852
107,107926,360,43,380,70,370,56,107853
107,107927,497,85,520,111,508,98,107854
107,107928,28,236,43,259,35,247,107855
107,107929,208,316,230,346,219,331,107856
107,107930,400,273,421,300,410,286,107857
107,107931,315,127,337,153,326,140,107858
107,107932,300,52,321,84,310,68,107859
107,107933,246,51,267,83,256,67,107860
107,107934,608,0,635,16,621,8,107861
107,107935,306,98,334,119,320,108,107862
107,107936,277,290,302,311,289,300,107863
107,107937,271,75,292,105,281,90,107864
107,107938,500,29,523,58,511,43,107865
107,107939,573,69,609,96,591,82,107866
107,107940,261,178,281,210,271,194,107867
107,107941,446,20,467,53,456,36,107868
107,107942,378,12,407,39,392,25,107869
107,107943,612,46,636,75,624,60,107870
107,107944,294,226,316,251,305,238,107871
107,107945,349,68,380,90,364,79,107872
107,107946,118,89,137,114,127,101,107873
107,107947,382,36,403,64,392,50,107874
107,107948,232,84,256,107,244,95,107875
107,107949,429,274,449,299,439,286,107876
107,107950,39,120,54,146,46,133,107877
107,107951,72,129,87,155,79,142,107878
107,107952,57,97,80,123,68,110,107879
107,107953,299,114,326,134,312,124,107880
107,107954,229,50,250,73,239,61,107881
107,107955,200,13,220,33,210,23,107882
107,107956,213,24,237,45,225,34,107883
107,107957,37,159,55,177,46,168,107884
107,107958,347,255,367,287,357,271,107885
107,107959,40,88,56,114,48,101,107886
107,107960,462,286,489,305,475,295,107887
107,107961,0,205,16,230,8,217,107888
107,107962,30,272,47,296,38,284,107889
107,107963,273,0,291,29,282,14,107890
107,107964,322,2,339,21,330,11,107891
107,107965,128,0,187,23,157,11,107892
107,107966,586,4,607,22,596,13,107893
107,107967,259,244,279,269,269,256,107894
107,107968,52,17,68,53,60,35,107895
107,107969,132,0,151,12,141,6,107896
107,107970,630,68,639,88,634,78,107897
107,107971,163,0,178,4,170,2,107898
107,107972,523,12,546,35,534,23,107899
107,107973,327,245,348,266,337,255,107900
107,107974,218,0,228,7,223,3,107901
107,107975,402,310,428,333,415,321,107902
107,107976,0,177,19,193,9,185,107903
107,107977,66,21,82,38,74,29,107904
107,107978,453,0,470,6,461,3,107905
107,107979,244,0,263,21,253,10,107906
107,107980,452,302,477,314,464,308,107907
107,107981,189,46,217,88,203,67,107908
107,107982,381,278,401,296,391,287,107909
107,107983,85,208,106,223,95,215,107910
107,107984,111,261,132,272,121,266,107911
107,107985,583,325,607,346,595,335,
108,107986,445,0,532,74,488,37,107913
108,107987,539,247,571,274,555,260,107914
108,107988,596,233,621,263,608,248,107915
108,107989,468,183,490,228,479,205,107916
108,107990,597,126,623,165,610,145,107917
108,107991,267,1,345,50,306,25,107918
108,107992,382,121,402,157,392,139,107919
108,107993,528,69,554,96,541,82,107920
108,107994,417,113,442,145,429,129,107921
108,107995,529,160,553,192,541,176,107922
108,107996,60,165,84,186,72,175,107923
108,107997,543,207,577,231,560,219,107924
108,107998,96,167,116,198,106,182,107925
108,107999,360,44,380,70,370,57,107926
108,108000,497,85,520,111,508,98,107927
108,108001,28,236,43,259,35,247,107928
108,108002,208,316,230,346,219,331,107929
108,108003,400,273,421,300,410,286,107930
108,108004,315,127,337,153,326,140,107931
108,108005,300,52,321,85,310,68,107932
108,108006,246,51,267,83,256,67,107933
108,108007,608,0,635,15,621,7,107934
108,108008,306,98,334,119,320,108,107935
108,108009,277,290,302,311,289,300,107936
108,108010,271,75,292,105,281,90,107937
108,108011,500,29,523,58,511,43,107938
108,108012,573,69,609,96,591,82,107939
108,108013,261,178,281,210,271,194,107940
108,108014,446,20,467,53,456,36,107941
108,108015,378,12,407,39,392,25,107942
108,108016,612,46,636,75,624,60,107943
108,108017,294,226,316,251,305,238,107944
108,108018,349,68,380,90,364,79,107945
108,108019,118,89,137,114,127,101,107946
108,108020,382,36,403,64,392,50,107947
108,108021,232,84,256,107,244,95,107948
108,108022,429,274,449,299,439,286,107949
108,108023,39,120,54,146,46,133,107950
108,108024,72,129,87,155,79,142,107951
108,108025,57,97,80,123,68,110,107952
108,108026,300,113,328,133,314,123,107953
108,108027,229,50,250,73,239,61,107954
108,108028,200,13,220,34,210,23,107955
108,108029,213,24,237,45,225,34,107956
108,108030,37,159,55,177,46,168,107957
108,108031,347,255,367,287,357,271,107958
108,108032,40,88,56,114,48,101,107959
108,108033,463,285,490,305,476,295,107960
108,108034,0,205,16,230,8,217,107961
108,108035,30,272,47,296,38,284,107962
108,108036,273,0,291,29,282,14,107963
108,108037,322,2,339,21,330,11,107964
108,108038,128,0,187,23,157,11,107965
108,108039,586,4,607,22,596,13,107966
108,108040,258,245,279,267,268,256,107967
108,108041,52,17,68,53,60,35,107968
108,108042,132,0,151,13,141,6,107969
108,108043,630,68,639,88,634,78,107970
108,108044,163,0,178,4,170,2,107971
108,108045,523,12,546,35,534,23,107972
108,108046,327,245,348,266,337,255,107973
108,108047,218,0,228,7,223,3,107974
108,108048,401,310,427,332,414,321,107975
108,108049,0,177,19,193,9,185,107976
108,108050,66,21,82,38,74,29,107977
108,108051,453,0,470,6,461,3,107978
108,108052,244,0,263,22,253,11,107979
108,108053,190,46,217,88,203,67,107981
108,108054,381,278,401,296,391,287,107982
108,108055,85,208,105,223,95,215,107983
108,108056,583,325,607,346,595,335,107985
108,108057,381,295,401,315,391,305,
109,108058,445,0,532,74,488,37,107986
109,108059,539,247,571,274,555,260,107987
109,108060,596,233,621,263,608,248,107988
109,108061,468,183,490,228,479,205,107989
109,108062,597,126,623,165,610,145,107990
109,108063,267,1,345,50,306,25,107991
109,108064,382,121,402,157,392,139,107992
109,108065,528,69,554,96,541,82,107993
109,108066,417,113,442,145,429,129,107994
109,108067,529,160,553,193,541,176,107995
109,108068,60,165,84,186,72,175,107996
109,108069,543,207,577,231,560,219,107997
109,108070,96,167,116,198,106,182,107998
109,108071,360,44,380,70,370,57,107999
109,108072,497,85,520,111,508,98,108000
109,108073,28,236,43,259,35,247,108001
109,108074,208,316,230,346,219,331,108002
109,108075,400,274,420,300,410,287,108003
109,108076,315,127,337,153,326,140,108004
109,108077,300,52,321,85,310,68,108005
109,108078,246,51,267,83,256,67,108006
109,108079,608,0,635,15,621,7,108007
109,108080,306,98,334,118,320,108,108008
109,108081,277,290,302,311,289,300,108009
109,108082,271,75,292,105,281,90,108010
109,108083,500,29,523,58,511,43,108011
109,108084,573,69,609,96,591,82,108012
109,108085,261,178,281,210,271,194,108013
109,108086,446,20,467,53,456,36,108014
109,108087,378,12,407,39,392,25,108015
109,108088,612,46,636,75,624,60,108016
109,108089,294,226,316,251,305,238,108017
109,108090,349,68,380,90,364,79,108018
109,108091,118,89,137,114,127,101,108019
109,108092,382,36,403,64,392,50,108020
109,108093,232,84,256,107,244,95,108021
109,108094,428,274,449,298,438,286,108022
109,108095,39,120,54,146,46,133,108023
109,108096,72,129,87,155,79,142,108024
109,108097,57,97,80,123,68,110,108025
109,108098,300,112,328,133,314,122,108026
109,108099,229,50,250,73,239,61,108027
109,108100,200,13,220,34,210,23,108028
109,108101,213,24,237,45,225,34,108029
109,108102,37,159,55,177,46,168,108030
109,108103,347,255,367,287,357,271,108031
109,108104,40,88,56,114,48,101,108032
109,108105,463,285,490,305,476,295,108033
109,108106,0,205,16,230,8,217,108034
109,108107,30,272,47,296,38,284,108035
109,108108,273,0,291,29,282,14,108036
109,108109,322,2,339,21,330,11,108037
109,108110,128,0,187,23,157,11,108038
109,108111,586,4,607,22,596,13,108039
109,108112,258,246,280,266,269,256,108040
109,108113,52,17,68,53,60,35,108041
109,108114,132,0,151,13,141,6,108042
109,108115,630,68,639,88,634,78,108043
109,108116,163,0,178,4,170,2,108044
109,108117,523,12,546,35,534,23,108045
109,108118,327,245,348,266,337,255,108046
109,108119,217,0,228,7,222,3,108047
109,108120,400,309,427,331,413,320,108048
109,108121,0,177,19,193,9,185,108049
109,108122,66,21,82,38,74,29,108050
109,108123,453,0,470,6,461,3,108051
109,108124,244,0,263,22,253,11,108052
109,108125,190,46,217,88,203,67,108053
109,108126,381,278,401,296,391,287,108054
109,108127,85,208,105,223,95,215,108055
109,108128,583,325,607,346,595,335,108056
109,108129,381,295,401,315,391,305,108057
110,108130,445,0,532,74,488,37,108058
110,108131,539,247,571,274,555,260,108059
110,108132,596,233,621,263,608,248,108060
110,108133,468,183,490,228,479,205,108061
110,108134,597,126,623,165,610,145,108062
110,108135,267,1,345,50,306,25,108063
110,108136,382,121,402,157,392,139,108064
110,108137,528,69,554,96,541,82,108065
110,108138,417,113,442,145,429,129,108066
110,108139,529,160,553,192,541,176,108067
110,108140,60,165,84,186,72,175,108068
110,108141,543,207,577,231,560,219,108069
110,108142,96,167,115,198,105,182,108070
110,108143,360,44,381,70,370,57,108071
110,108144,497,85,520,111,508,98,108072
110,108145,28,236,43,259,35,247,108073
110,108146,208,316,230,346,219,331,108074
110,108147,400,273,420,300,410,286,108075
110,108148,315,127,337,153,326,140,108076
110,108149,300,52,321,85,310,68,108077
110,108150,246,51,267,83,256,67,108078
110,108151,608,0,635,14,621,7,108079
110,108152,306,98,334,118,320,108,108080
110,108153,277,290,302,311,289,300,108081
110,108154,271,75,292,106,281,90,108082
110,108155,500,29,523,58,511,43,108083
110,108156,573,69,609,96,591,82,108084
110,108157,261,178,281,210,271,194,108085
110,108158,446,20,467,53,456,36,108086
110,108159,378,12,407,39,392,25,108087
110,108160,612,46,636,75,624,60,108088
110,108161,294,226,316,252,305,239,108089
110,108162,349,68,380,90,364,79,108090
110,108163,118,89,137,114,127,101,108091
110,108164,382,36,403,63,392,49,108092
110,108165,232,84,256,107,244,95,108093
110,108166,429,273,448,298,438,285,108094
110,108167,39,120,54,146,46,133,108095
110,108168,72,129,87,155,79,142,108096
110,108169,57,97,80,123,68,110,108097
110,108170,300,112,328,132,314,122,108098
110,108171,229,50,250,73,239,61,108099
110,108172,200,13,220,34,210,23,108100
110,108173,213,24,237,45,225,34,108101
110,108174,37,159,55,177,46,168,108102
110,108175,347,255,367,287,357,271,108103
110,108176,40,88,56,114,48,101,108104
110,108177,463,285,491,304,477,294,108105
110,108178,0,205,16,230,8,217,108106
110,108179,30,272,47,296,38,284,108107
110,108180,273,0,291,29,282,14,108108
110,108181,322,2,339,22,330,12,108109
110,108182,128,0,187,23,157,11,108110
110,108183,586,4,607,22,596,13,108111
110,108184,259,247,280,267,269,257,108112
110,108185,52,17,68,53,60,35,108113
110,108186,132,0,151,13,141,6,108114
110,108187,630,68,639,88,634,78,108115
110,108188,163,0,178,4,170,2,108116
110,108189,523,12,546,35,534,23,108117
110,108190,327,245,348,266,337,255,108118
110,108191,217,0,228,7,222,3,108119
110,108192,400,309,426,331,413,320,108120
110,108193,0,177,19,193,9,185,108121
110,108194,66,21,82,38,74,29,108122
110,108195,453,0,470,6,461,3,108123
110,108196,244,0,263,22,253,11,108124
110,108197,381,278,401,295,391,286,108126
110,108198,85,208,105,223,95,215,108127
110,108199,583,325,607,346,595,335,108128
110,108200,192,69,217,88,204,78,
110,108201,453,303,476,317,464,310,
111,108202,445,0,532,74,488,37,108130
111,108203,539,247,571,274,555,260,108131
111,108204,596,233,621,263,608,248,108132
111,108205,468,183,490,228,479,205,108133
111,108206,597,126,623,165,610,145,108134
111,108207,267,1,345,50,306,25,108135
111,108208,382,121,402,157,392,139,108136
111,108209,528,69,554,96,541,82,108137
111,108210,417,113,442,145,429,129,108138
111,108211,529,160,553,192,541,176,108139
111,108212,60,165,84,186,72,175,108140
111,108213,543,207,577,231,560,219,108141
111,108214,96,167,115,198,105,182,108142
111,108215,360,44,381,70,370,57,108143
111,108216,497,86,520,111,508,98,108144
111,108217,28,236,43,259,35,247,108145
111,108218,208,316,230,346,219,331,108146
111,108219,400,273,421,300,410,286,108147
111,108220,315,127,337,153,326,140,108148
111,108221,300,52,321,85,310,68,108149
111,108222,246,51,267,83,256,67,108150
111,108223,608,0,635,14,621,7,108151
111,108224,306,98,334,118,320,108,108152
111,108225,277,290,302,311,289,300,108153
111,108226,271,75,292,106,281,90,108154
111,108227,500,29,523,58,511,43,108155
111,108228,573,69,609,96,591,82,108156
111,108229,261,178,281,210,271,194,108157
111,108230,446,20,467,53,456,36,108158
111,108231,378,12,407,39,392,25,108159
111,108232,612,46,636,75,624,60,108160
111,108233,294,226,316,252,305,239,108161
111,108234,349,68,380,91,364,79,108162
111,108235,118,89,137,114,127,101,108163
111,108236,382,36,403,62,392,49,108164
111,108237,232,84,256,107,244,95,108165
111,108238,428,273,448,298,438,285,108166
111,108239,39,120,54,146,46,133,108167
111,108240,72,129,87,155,79,142,108168
111,108241,57,97,80,123,68,110,108169
111,108242,300,112,328,132,314,122,108170
111,108243,229,50,250,73,239,61,108171
111,108244,200,13,220,34,210,23,108172
111,108245,213,24,237,45,225,34,108173
111,108246,37,159,55,177,46,168,108174
111,108247,347,255,367,287,357,271,108175
111,108248,40,88,56,114,48,101,108176
111,108249,463,284,491,303,477,293,108177
111,108250,0,205,16,230,8,217,108178
111,108251,30,272,47,296,38,284,108179
111,108252,273,0,291,29,282,14,108180
111,108253,322,2,339,22,330,12,108181
111,108254,128,0,187,23,157,11,108182
111,108255,586,4,607,22,596,13,108183
111,108256,259,248,280,268,269,258,108184
111,108257,52,17,68,53,60,35,108185
111,108258,132,0,152,13,142,6,108186
111,108259,630,68,639,88,634,78,108187
111,108260,163,0,178,4,170,2,108188
111,108261,523,12,546,35,534,23,108189
111,108262,327,245,348,266,337,255,108190
111,108263,217,0,228,7,222,3,108191
111,108264,400,309,425,330,412,319,108192
111,108265,0,177,19,193,9,185,108193
111,108266,67,21,82,38,74,29,108194
111,108267,453,0,470,6,461,3,108195
111,108268,244,0,263,22,253,11,108196
111,108269,381,278,401,295,391,286,108197
111,108270,85,208,105,223,95,215,108198
111,108271,193,69,218,89,205,79,108200
111,108272,197,44,215,70,206,57,
111,108273,381,295,401,315,391,305,
112,108274,445,0,533,74,489,37,108202
112,108275,539,247,571,274,555,260,108203
112,108276,596,233,621,263,608,248,108204
112,108277,468,183,490,228,479,205,108205
112,108278,597,126,623,165,610,145,108206
112,108279,267,1,345,50,306,25,108207
112,108280,382,121,402,157,392,139,108208
112,108281,528,69,554,96,541,82,108209
112,108282,417,113,442,145,429,129,108210
112,108283,529,160,553,193,541,176,108211
112,108284,60,165,84,186,72,175,108212
112,108285,543,207,577,231,560,219,108213
112,108286,96,167,115,198,105,182,108214
112,108287,360,45,381,70,370,57,108215
112,108288,497,86,520,111,508,98,108216
112,108289,28,236,43,259,35,247,108217
112,108290,208,316,230,346,219,331,108218
112,108291,400,273,420,300,410,286,108219
112,108292,315,127,337,153,326,140,108220
112,108293,300,52,321,85,310,68,108221
112,108294,246,51,267,83,256,67,108222
112,108295,608,0,636,15,622,7,108223
112,108296,306,98,334,119,320,108,108224
112,108297,277,290,302,311,289,300,108225
112,108298,271,75,292,106,281,90,108226
112,108299,500,29,523,58,511,43,108227
112,108300,573,69,609,96,591,82,108228
112,108301,261,178,281,210,271,194,108229
112,108302,446,20,467,53,456,36,108230
112,108303,378,12,407,39,392,25,108231
112,108304,612,46,636,75,624,60,108232
112,108305,294,226,316,251,305,238,108233
112,108306,349,68,379,91,364,79,108234
112,108307,118,89,137,114,127,101,108235
112,108308,382,36,403,62,392,49,108236
112,108309,232,84,256,107,244,95,108237
112,108310,429,273,448,298,438,285,108238
112,108311,39,120,54,146,46,133,108239
112,108312,72,129,87,155,79,142,108240
112,108313,57,97,80,123,68,110,108241
112,108314,300,112,329,131,314,121,108242
112,108315,229,50,250,73,239,61,108243
112,108316,200,13,220,34,210,23,108244
112,108317,213,24,237,45,225,34,108245
112,108318,37,159,55,177,46,168,108246
112,108319,347,255,367,286,357,270,108247
112,108320,40,88,56,114,48,101,108248
112,108321,463,283,492,302,477,292,108249
112,108322,0,205,16,230,8,217,108250
112,108323,30,272,47,296,38,284,108251
112,108324,273,0,291,29,282,14,108252
112,108325,323,2,339,22,331,12,108253
112,108326,128,0,187,23,157,11,108254
112,108327,586,4,607,22,596,13,108255
112,108328,259,248,281,269,270,258,108256
112,108329,52,17,68,53,60,35,108257
112,108330,132,0,152,13,142,6,108258
112,108331,630,68,639,88,634,78,108259
112,108332,163,0,178,4,170,2,108260
112,108333,523,12,546,35,534,23,108261
112,108334,327,245,348,266,337,255,108262
112,108335,217,0,228,7,222,3,108263
112,108336,400,308,424,330,412,319,108264
112,108337,0,177,19,193,9,185,108265
112,108338,67,21,82,38,74,29,108266
112,108339,453,0,470,6,461,3,108267
112,108340,244,0,263,22,253,11,108268
112,108341,381,278,401,295,391,286,108269
112,108342,85,207,105,223,95,215,108270
112,108343,194,70,218,90,206,80,108271
112,108344,196,44,215,76,205,60,108272
112,108345,380,295,401,315,390,305,108273
112,108346,194,44,217,89,205,66,
112,108347,453,303,477,315,465,309,
113,108348,445,0,533,74,489,37,108274
113,108349,539,247,571,274,555,260,108275
113,108350,596,233,621,263,608,248,108276
113,108351,468,183,490,228,479,205,108277
113,108352,597,126,623,165,610,145,108278
113,108353,267,1,345,50,306,25,108279
113,108354,382,121,402,157,392,139,108280
113,108355,528,69,554,96,541,82,108281
113,108356,417,113,442,145,429,129,108282
113,108357,529,160,553,193,541,176,108283
113,108358,60,165,84,186,72,175,108284
113,108359,543,207,577,231,560,219,108285
113,108360,96,167,115,198,105,182,108286
113,108361,360,45,381,70,370,57,108287
113,108362,497,86,520,111,508,98,108288
113,108363,28,236,43,259,35,247,108289
113,108364,208,316,230,346,219,331,108290
113,108365,400,273,420,300,410,286,108291
113,108366,315,127,337,153,326,140,108292
113,108367,300,52,321,85,310,68,108293
113,108368,246,51,267,83,256,67,108294
113,108369,608,0,636,17,622,8,108295
113,108370,306,98,334,119,320,108,108296
113,108371,277,290,302,311,289,300,108297
113,108372,271,75,292,106,281,90,108298
113,108373,500,29,523,58,511,43,108299
113,108374,573,69,609,96,591,82,108300
113,108375,261,178,281,210,271,194,108301
113,108376,446,20,467,53,456,36,108302
113,108377,379,12,407,39,393,25,108303
113,108378,612,46,636,75,624,60,108304
113,108379,294,226,316,251,305,238,108305
113,108380,349,68,379,91,364,79,108306
113,108381,118,89,137,114,127,101,108307
113,108382,383,37,404,62,393,49,108308
113,108383,232,84,256,107,244,95,108309
113,108384,429,273,448,298,438,285,108310
113,108385,39,120,54,146,46,133,108311
113,108386,72,129,87,155,79,142,108312
113,108387,57,97,80,123,68,110,108313
113,108388,301,112,329,131,315,121,108314
113,108389,229,50,250,73,239,61,108315
113,108390,200,13,220,34,210,23,108316
113,108391,213,24,237,45,225,34,108317
113,108392,37,159,55,177,46,168,108318
113,108393,347,255,368,286,357,270,108319
113,108394,40,88,56,114,48,101,108320
113,108395,463,283,492,302,477,292,108321
113,108396,0,205,16,230,8,217,108322
113,108397,30,272,47,296,38,284,108323
113,108398,273,0,291,29,282,14,108324
113,108399,323,2,339,21,331,11,108325
113,108400,128,0,187,23,157,11,108326
113,108401,586,4,607,22,596,13,108327
113,108402,260,249,281,269,270,259,108328
113,108403,52,17,68,53,60,35,108329
113,108404,132,0,152,13,142,6,108330
113,108405,630,68,639,88,634,78,108331
113,108406,163,0,178,4,170,2,108332
113,108407,523,12,546,35,534,23,108333
113,108408,327,245,349,266,338,255,108334
113,108409,218,0,228,7,223,3,108335
113,108410,400,307,424,330,412,318,108336
113,108411,0,177,19,193,9,185,108337
113,108412,67,21,82,38,74,29,108338
113,108413,453,0,470,6,461,3,108339
113,108414,244,0,263,22,253,11,108340
113,108415,381,278,401,295,391,286,108341
113,108416,194,70,219,91,206,80,108343
113,108417,197,44,215,75,206,59,108344
113,108418,381,296,401,315,391,305,108345
113,108419,453,302,477,315,465,308,108347
114,108420,445,0,533,74,489,37,108348
114,108421,539,247,571,274,555,260,108349
114,108422,596,233,621,263,608,248,108350
114,108423,468,183,490,228,479,205,108351
114,108424,597,126,623,165,610,145,108352
114,108425,267,1,345,50,306,25,108353
114,108426,382,121,402,157,392,139,108354
114,108427,528,69,554,96,541,82,108355
114,108428,417,113,442,145,429,129,108356
114,108429,529,160,553,193,541,176,108357
114,108430,60,165,84,186,72,175,108358
114,108431,543,207,577,231,560,219,108359
114,108432,96,167,115,198,105,182,108360
114,108433,360,46,381,70,370,58,108361
114,108434,497,86,520,111,508,98,108362
114,108435,28,236,43,259,35,247,108363
114,108436,208,316,230,346,219,331,108364
114,108437,400,273,420,299,410,286,108365
114,108438,314,127,337,153,325,140,108366
114,108439,300,52,321,85,310,68,108367
114,108440,246,51,267,83,256,67,108368
114,108441,608,0,635,19,621,9,108369
114,108442,306,98,334,119,320,108,108370
114,108443,277,290,302,311,289,300,108371
114,108444,271,75,292,105,281,90,108372
114,108445,500,29,523,58,511,43,108373
114,108446,573,69,609,96,591,82,108374
114,108447,261,178,281,210,271,194,108375
114,108448,446,20,467,53,456,36,108376
114,108449,379,12,407,39,393,25,108377
114,108450,612,46,636,75,624,60,108378
114,108451,294,226,316,251,305,238,108379
114,108452,349,68,379,91,364,79,108380
114,108453,118,89,137,114,127,101,108381
114,108454,383,37,405,62,394,49,108382
114,108455,232,84,256,107,244,95,108383
114,108456,428,273,448,298,438,285,108384
114,108457,39,120,54,146,46,133,108385
114,108458,72,129,87,155,79,142,108386
114,108459,57,97,80,123,68,110,108387
114,108460,302,112,329,132,315,122,108388
114,108461,229,50,250,73,239,61,108389
114,108462,200,13,220,34,210,23,108390
114,108463,213,24,237,45,225,34,108391
114,108464,37,159,55,177,46,168,108392
114,108465,347,255,368,286,357,270,108393
114,108466,40,88,56,114,48,101,108394
114,108467,465,283,492,302,478,292,108395
114,108468,0,205,16,230,8,217,108396
114,108469,30,272,47,296,38,284,108397
114,108470,273,0,291,29,282,14,108398
114,108471,323,2,339,21,331,11,108399
114,108472,128,0,187,23,157,11,108400
114,108473,586,4,607,22,596,13,108401
114,108474,261,250,281,270,271,260,108402
114,108475,52,17,68,53,60,35,108403
114,108476,132,0,152,13,142,6,108404
114,108477,630,68,639,88,634,78,108405
114,108478,163,0,178,4,170,2,108406
114,108479,523,12,546,35,534,23,108407
114,108480,327,245,349,265,338,255,108408
114,108481,217,0,228,7,222,3,108409
114,108482,400,307,424,329,412,318,108410
114,108483,0,177,19,193,9,185,108411
114,108484,67,21,82,38,74,29,108412
114,108485,453,0,470,6,461,3,108413
114,108486,244,0,263,21,253,10,108414
114,108487,381,278,401,295,391,286,108415
114,108488,194,70,219,91,206,80,108416
114,108489,197,44,216,72,206,58,108417
114,108490,454,302,477,316,465,309,108419
114,108491,583,325,606,346,594,335,
114,108492,85,207,105,222,95,214,
115,108493,445,0,533,74,489,37,108420
115,108494,539,247,571,274,555,260,108421
115,108495,596,233,621,263,608,248,108422
115,108496,468,183,490,228,479,205,108423
115,108497,597,126,623,165,610,145,108424
115,108498,267,1,345,50,306,25,108425
115,108499,382,121,402,157,392,139,108426
115,108500,528,69,554,96,541,82,108427
115,108501,417,113,442,145,429,129,108428
115,108502,529,160,553,193,541,176,108429
115,108503,60,165,84,186,72,175,108430
115,108504,543,207,577,231,560,219,108431
115,108505,96,167,115,198,105,182,108432
115,108506,360,46,381,70,370,58,108433
115,108507,497,86,520,111,508,98,108434
115,108508,28,236,43,259,35,247,108435
115,108509,208,316,230,346,219,331,108436
115,108510,400,273,420,298,410,285,108437
115,108511,314,127,337,153,325,140,108438
115,108512,300,52,321,85,310,68,108439
115,108513,246,51,267,83,256,67,108440
115,108514,608,0,635,19,621,9,108441
115,108515,306,98,334,119,320,108,108442
115,108516,277,290,302,311,289,300,108443
115,108517,271,75,292,105,281,90,108444
115,108518,500,29,523,58,511,43,108445
115,108519,573,69,609,96,591,82,108446
115,108520,261,178,281,210,271,194,108447
115,108521,446,20,467,53,456,36,108448
115,108522,379,12,407,39,393,25,108449
115,108523,612,46,636,75,624,60,108450
115,108524,294,226,315,251,304,238,108451
115,108525,349,68,379,91,364,79,108452
115,108526,118,89,137,114,127,101,108453
115,108527,384,37,405,62,394,49,108454
115,108528,232,84,256,107,244,95,108455
115,108529,428,272,448,298,438,285,108456
115,108530,39,120,54,146,46,133,108457
115,108531,72,129,87,155,79,142,108458
115,108532,57,97,80,123,68,110,108459
115,108533,302,112,328,132,315,122,108460
115,108534,229,50,250,73,239,61,108461
115,108535,200,13,220,34,210,23,108462
115,108536,213,24,237,45,225,34,108463
115,108537,37,159,55,177,46,168,108464
115,108538,347,255,368,285,357,270,108465
115,108539,40,88,56,114,48,101,108466
115,108540,465,282,492,302,478,292,108467
115,108541,0,205,16,230,8,217,108468
115,108542,30,272,47,296,38,284,108469
115,108543,273,0,291,29,282,14,108470
115,108544,323,2,339,21,331,11,108471
115,108545,128,0,187,23,157,11,108472
115,108546,586,4,607,22,596,13,108473
115,108547,261,250,281,270,271,260,108474
115,108548,52,17,68,53,60,35,108475
115,108549,132,0,151,13,141,6,108476
115,108550,630,68,639,88,634,78,108477
115,108551,163,0,178,4,170,2,108478
115,108552,523,12,546,35,534,23,108479
115,108553,327,245,349,265,338,255,108480
115,108554,217,0,228,7,222,3,108481
115,108555,400,307,425,329,412,318,108482
115,108556,0,177,19,193,9,185,108483
115,108557,66,21,82,38,74,29,108484
115,108558,453,0,470,6,461,3,108485
115,108559,244,0,263,21,253,10,108486
115,108560,381,278,401,295,391,286,108487
115,108561,194,70,219,91,206,80,108488
115,108562,197,44,216,71,206,57,108489
115,108563,454,302,477,316,465,309,108490
115,108564,583,325,606,346,594,335,108491
115,108565,85,207,105,222,95,214,108492
116,108566,445,0,533,74,489,37,108493
116,108567,539,247,571,274,555,260,108494
116,108568,596,233,621,263,608,248,108495
116,108569,468,183,490,228,479,205,108496
116,108570,597,126,623,165,610,145,108497
116,108571,267,1,345,50,306,25,108498
116,108572,382,121,402,157,392,139,108499
116,108573,528,69,554,96,541,82,108500
116,108574,417,113,442,145,429,129,108501
116,108575,529,160,553,193,541,176,108502
116,108576,60,165,84,186,72,175,108503
116,108577,543,207,577,231,560,219,108504
116,108578,96,167,115,198,105,182,108505
116,108579,360,46,381,70,370,58,108506
116,108580,497,86,520,111,508,98,108507
116,108581,28,236,43,259,35,247,108508
116,108582,208,316,230,346,219,331,108509
116,108583,400,273,420,298,410,285,108510
116,108584,314,128,337,153,325,140,108511
116,108585,300,52,321,85,310,68,108512
116,108586,246,51,267,83,256,67,108513
116,108587,608,0,635,20,621,10,108514
116,108588,306,98,334,119,320,108,108515
116,108589,277,290,302,311,289,300,108516
116,108590,271,75,292,105,281,90,108517
116,108591,500,29,523,58,511,43,108518
116,108592,573,69,609,96,591,82,108519
116,108593,261,178,281,210,271,194,108520
116,108594,446,20,466,53,456,36,108521
116,108595,379,12,407,39,393,25,108522
116,108596,612,46,636,75,624,60,108523
116,108597,294,226,315,251,304,238,108524
116,108598,349,68,379,91,364,79,108525
116,108599,118,89,137,114,127,101,108526
116,108600,385,36,405,62,395,49,108527
116,108601,232,84,256,107,244,95,108528
116,108602,428,273,448,298,438,285,108529
116,108603,39,120,54,146,46,133,108530
116,108604,72,129,87,155,79,142,108531
116,108605,57,97,80,123,68,110,108532
116,108606,303,113,329,132,316,122,108533
116,108607,229,50,250,73,239,61,108534
116,108608,200,13,220,34,210,23,108535
116,108609,213,24,237,45,225,34,108536
116,108610,37,159,55,177,46,168,108537
116,108611,347,255,368,286,357,270,108538
116,108612,40,88,56,114,48,101,108539
116,108613,466,282,492,301,479,291,108540
116,108614,0,205,16,230,8,217,108541
116,108615,30,272,47,296,38,284,108542
116,108616,273,0,291,29,282,14,108543
116,108617,323,2,339,21,331,11,108544
116,108618,128,0,187,23,157,11,108545
116,108619,586,4,607,22,596,13,108546
116,108620,262,250,281,270,271,260,108547
116,108621,52,17,68,53,60,35,108548
116,108622,132,0,151,13,141,6,108549
116,108623,630,68,639,88,634,78,108550
116,108624,163,0,178,4,170,2,108551
116,108625,523,12,546,35,534,23,108552
116,108626,328,245,349,265,338,255,108553
116,108627,218,0,228,7,223,3,108554
116,108628,400,307,425,329,412,318,108555
116,108629,0,177,19,193,9,185,108556
116,108630,66,21,82,38,74,29,108557
116,108631,453,0,470,6,461,3,108558
116,108632,244,0,263,21,253,10,108559
116,108633,381,278,401,295,391,286,108560
116,108634,195,70,219,90,207,80,108561
116,108635,198,44,216,71,207,57,108562
116,108636,454,302,477,317,465,309,108563
116,108637,583,325,605,346,594,335,108564
117,108638,445,0,533,74,489,37,108566
117,108639,539,247,571,274,555,260,108567
117,108640,596,233,621,263,608,248,108568
117,108641,468,183,490,228,479,205,108569
117,108642,597,126,623,165,610,145,108570
117,108643,267,1,345,50,306,25,108571
117,108644,382,121,402,157,392,139,108572
117,108645,528,69,554,96,541,82,108573
117,108646,417,113,442,145,429,129,108574
117,108647,529,160,553,193,541,176,108575
117,108648,60,165,84,186,72,175,108576
117,108649,543,207,577,231,560,219,108577
117,108650,96,167,115,198,105,182,108578
117,108651,360,47,381,70,370,58,108579
117,108652,497,86,520,111,508,98,108580
117,108653,28,236,43,259,35,247,108581
117,108654,208,316,230,346,219,331,108582
117,108655,400,274,420,297,410,285,108583
117,108656,314,128,337,153,325,140,108584
117,108657,300,52,321,85,310,68,108585
117,108658,246,51,267,83,256,67,108586
117,108659,608,0,634,20,621,10,108587
117,108660,306,98,334,118,320,108,108588
117,108661,277,290,302,311,289,300,108589
117,108662,271,75,292,105,281,90,108590
117,108663,500,29,523,58,511,43,108591
117,108664,573,69,609,96,591,82,108592
117,108665,261,178,281,210,271,194,108593
117,108666,446,20,466,53,456,36,108594
117,108667,379,12,407,39,393,25,108595
117,108668,612,46,636,75,624,60,108596
117,108669,294,226,315,251,304,238,108597
117,108670,349,68,379,91,364,79,108598
117,108671,118,89,137,114,127,101,108599
117,108672,385,35,406,62,395,48,108600
117,108673,232,84,256,107,244,95,108601
117,108674,428,273,447,298,437,285,108602
117,108675,39,120,54,146,46,133,108603
117,108676,72,129,87,155,79,142,108604
117,108677,57,97,80,123,68,110,108605
117,108678,304,113,330,133,317,123,108606
117,108679,229,50,249,73,239,61,108607
117,108680,200,13,220,34,210,23,108608
117,108681,213,24,237,45,225,34,108609
117,108682,37,159,55,177,46,168,108610
117,108683,348,254,368,287,358,270,108611
117,108684,40,88,56,114,48,101,108612
117,108685,466,282,492,301,479,291,108613
117,108686,0,205,16,230,8,217,108614
117,108687,30,272,47,296,38,284,108615
117,108688,273,0,291,29,282,14,108616
117,108689,323,2,339,21,331,11,108617
117,108690,128,0,187,23,157,11,108618
117,108691,586,4,607,22,596,13,108619
117,108692,261,250,281,270,271,260,108620
117,108693,52,17,68,53,60,35,108621
117,108694,132,0,151,13,141,6,108622
117,108695,630,68,639,88,634,78,108623
117,108696,163,0,178,4,170,2,108624
117,108697,523,12,546,35,534,23,108625
117,108698,328,245,349,265,338,255,108626
117,108699,218,0,228,7,223,3,108627
117,108700,400,308,425,328,412,318,108628
117,108701,0,177,19,193,9,185,108629
117,108702,66,21,82,38,74,29,108630
117,108703,453,0,470,6,461,3,108631
117,108704,244,0,263,21,253,10,108632
117,108705,381,278,401,295,391,286,108633
117,108706,195,69,220,90,207,79,108634
117,108707,197,44,216,73,206,58,108635
117,108708,454,302,477,316,465,309,108636
117,108709,583,325,605,346,594,335,108637
117,108710,195,45,219,89,207,67,
117,108711,84,208,104,222,94,215,
118,108712,445,0,533,74,489,37,108638
118,108713,539,247,571,274,555,260,108639
118,108714,596,233,621,263,608,248,108640
118,108715,468,183,490,228,479,205,108641
118,108716,597,126,623,165,610,145,108642
118,108717,267,1,345,50,306,25,108643
118,108718,382,121,402,157,392,139,108644
118,108719,528,69,554,96,541,82,108645
118,108720,417,113,442,145,429,129,108646
118,108721,529,160,553,192,541,176,108647
118,108722,60,165,84,186,72,175,108648
118,108723,543,207,577,231,560,219,108649
118,108724,96,167,115,198,105,182,108650
118,108725,360,47,381,70,370,58,108651
118,108726,497,86,520,111,508,98,108652
118,108727,28,236,43,259,35,247,108653
118,108728,208,316,230,346,219,331,108654
118,108729,400,273,420,297,410,285,108655
118,108730,315,128,337,153,326,140,108656
118,108731,300,52,321,85,310,68,108657
118,108732,246,51,267,83,256,67,108658
118,108733,608,0,634,20,621,10,108659
118,108734,306,98,334,118,320,108,108660
118,108735,277,290,302,311,289,300,108661
118,108736,271,75,292,105,281,90,108662
118,108737,500,29,523,58,511,43,108663
118,108738,573,69,609,96,591,82,108664
118,108739,261,178,281,210,271,194,108665
118,108740,446,19,466,52,456,35,108666
118,108741,379,12,407,39,393,25,108667
118,108742,612,46,636,75,624,60,108668
118,108743,294,226,315,251,304,238,108669
118,108744,349,68,379,91,364,79,108670
118,108745,118,89,137,114,127,101,108671
118,108746,386,34,407,62,396,48,108672
118,108747,232,84,256,107,244,95,108673
118,108748,428,272,448,298,438,285,108674
118,108749,39,120,54,146,46,133,108675
118,108750,72,129,87,155,79,142,108676
118,108751,57,97,80,123,68,110,108677
118,108752,305,113,332,133,318,123,108678
118,108753,229,50,249,73,239,61,108679
118,108754,200,13,220,34,210,23,108680
118,108755,213,24,237,45,225,34,108681
118,108756,37,159,55,177,46,168,108682
118,108757,347,254,368,284,357,269,108683
118,108758,40,88,56,114,48,101,108684
118,108759,466,281,492,301,479,291,108685
118,108760,0,205,16,230,8,217,108686
118,108761,30,272,47,296,38,284,108687
118,108762,273,0,291,29,282,14,108688
118,108763,322,2,339,21,330,11,108689
118,108764,128,0,187,23,157,11,108690
118,108765,586,4,607,22,596,13,108691
118,108766,261,251,281,270,271,260,108692
118,108767,52,16,68,53,60,34,108693
118,108768,132,0,151,13,141,6,108694
118,108769,630,68,639,88,634,78,108695
118,108770,163,0,178,4,170,2,108696
118,108771,523,12,546,35,534,23,108697
118,108772,328,245,349,265,338,255,108698
118,108773,218,0,228,7,223,3,108699
118,108774,400,308,426,328,413,318,108700
118,108775,0,177,19,192,9,184,108701
118,108776,66,21,82,38,74,29,108702
118,108777,453,0,470,6,461,3,108703
118,108778,244,0,263,21,253,10,108704
118,108779,382,279,401,295,391,287,108705
118,108780,195,69,220,89,207,79,108706
118,108781,197,44,216,73,206,58,108707
118,108782,454,302,477,315,465,308,108708
118,108783,84,207,104,222,94,214,108711
119,108784,445,0,533,74,489,37,108712
119,108785,539,247,571,274,555,260,108713
119,108786,596,233,621,263,608,248,108714
119,108787,468,183,490,228,479,205,108715
119,108788,597,126,623,165,610,145,108716
119,108789,267,1,345,50,306,25,108717
119,108790,382,121,402,157,392,139,108718
119,108791,528,69,554,96,541,82,108719
119,108792,417,113,442,145,429,129,108720
119,108793,529,160,553,192,541,176,108721
119,108794,60,165,84,186,72,175,108722
119,108795,543,207,577,231,560,219,108723
119,108796,96,167,115,198,105,182,108724
119,108797,360,47,381,70,370,58,108725
119,108798,497,86,520,111,508,98,108726
119,108799,28,236,43,259,35,247,108727
119,108800,208,316,230,346,219,331,108728
119,108801,400,273,420,297,410,285,108729
119,108802,315,128,337,153,326,140,108730
119,108803,300,52,321,85,310,68,108731
119,108804,246,51,267,83,256,67,108732
119,108805,608,0,634,20,621,10,108733
119,108806,306,98,334,117,320,107,108734
119,108807,277,290,302,311,289,300,108735
119,108808,271,75,292,105,281,90,108736
119,108809,500,29,523,58,511,43,108737
119,108810,573,69,609,96,591,82,108738
119,108811,261,178,281,210,271,194,108739
119,108812,446,19,466,52,456,35,108740
119,108813,379,12,407,39,393,25,108741
119,108814,612,46,636,75,624,60,108742
119,108815,294,226,315,251,304,238,108743
119,108816,349,68,379,91,364,79,108744
119,108817,119,89,137,114,128,101,108745
119,108818,387,33,407,62,397,47,108746
119,108819,232,84,256,107,244,95,108747
119,108820,428,272,448,298,438,285,108748
119,108821,39,120,54,146,46,133,108749
119,108822,72,129,87,155,79,142,108750
119,108823,57,97,80,123,68,110,108751
119,108824,306,113,333,133,319,123,108752
119,108825,229,50,250,73,239,61,108753
119,108826,200,13,220,34,210,23,108754
119,108827,213,24,237,44,225,34,108755
119,108828,37,159,55,177,46,168,108756
119,108829,347,254,368,284,357,269,108757
119,108830,40,88,56,114,48,101,108758
119,108831,467,281,493,301,480,291,108759
119,108832,0,205,16,230,8,217,108760
119,108833,30,272,47,296,38,284,108761
119,108834,273,0,291,30,282,15,108762
119,108835,322,2,339,21,330,11,108763
119,108836,128,0,187,23,157,11,108764
119,108837,586,4,607,22,596,13,108765
119,108838,261,251,281,270,271,260,108766
119,108839,52,16,68,53,60,34,108767
119,108840,132,0,151,13,141,6,108768
119,108841,630,68,639,88,634,78,108769
119,108842,163,0,178,4,170,2,108770
119,108843,523,12,546,35,534,23,108771
119,108844,328,245,349,265,338,255,108772
119,108845,218,0,228,7,223,3,108773
119,108846,401,308,426,327,413,317,108774
119,108847,0,178,19,192,9,185,108775
119,108848,67,21,82,38,74,29,108776
119,108849,453,0,470,6,461,3,108777
119,108850,244,0,263,20,253,10,108778
119,108851,382,279,401,296,391,287,108779
119,108852,196,68,220,89,208,78,108780
119,108853,197,44,216,72,206,58,108781
119,108854,454,302,477,316,465,309,108782
119,108855,84,207,104,222,94,214,108783
120,108856,445,0,533,74,489,37,108784
120,108857,539,247,571,274,555,260,108785
120,108858,596,233,621,263,608,248,108786
120,108859,468,183,490,228,479,205,108787
120,108860,597,126,623,165,610,145,108788
120,108861,267,1,345,50,306,25,108789
120,108862,382,121,402,157,392,139,108790
120,108863,528,69,554,96,541,82,108791
120,108864,417,113,442,145,429,129,108792
120,108865,529,160,553,192,541,176,108793
120,108866,60,165,84,186,72,175,108794
120,108867,543,207,577,231,560,219,108795
120,108868,96,167,116,198,106,182,108796
120,108869,360,47,382,70,371,58,108797
120,108870,497,86,520,111,508,98,108798
120,108871,28,236,43,259,35,247,108799
120,108872,208,316,231,346,219,331,108800
120,108873,400,273,420,297,410,285,108801
120,108874,315,129,337,153,326,141,108802
120,108875,300,52,321,85,310,68,108803
120,108876,246,51,267,83,256,67,108804
120,108877,608,0,634,20,621,10,108805
120,108878,306,98,334,118,320,108,108806
120,108879,277,290,302,311,289,300,108807
120,108880,271,75,292,105,281,90,108808
120,108881,500,29,523,58,511,43,108809
120,108882,573,69,609,96,591,82,108810
120,108883,261,178,281,210,271,194,108811
120,108884,446,19,466,52,456,35,108812
120,108885,379,12,407,39,393,25,108813
120,108886,612,46,636,75,624,60,108814
120,108887,294,226,315,251,304,238,108815
120,108888,349,68,379,91,364,79,108816
120,108889,119,89,137,114,128,101,108817
120,108890,387,32,408,62,397,47,108818
120,108891,233,84,256,107,244,95,108819
120,108892,428,272,448,298,438,285,108820
120,108893,39,120,54,146,46,133,108821
120,108894,72,129,87,155,79,142,108822
120,108895,57,97,80,123,68,110,108823
120,108896,306,114,334,133,320,123,108824
120,108897,229,50,249,73,239,61,108825
120,108898,200,13,220,34,210,23,108826
120,108899,213,24,237,45,225,34,108827
120,108900,37,159,55,177,46,168,108828
120,108901,347,254,368,286,357,270,108829
120,108902,40,88,56,114,48,101,108830
120,108903,467,280,493,300,480,290,108831
120,108904,0,205,16,230,8,217,108832
120,108905,30,272,47,296,38,284,108833
120,108906,273,0,291,30,282,15,108834
120,108907,323,2,339,21,331,11,108835
120,108908,128,0,187,23,157,11,108836
120,108909,586,4,607,22,596,13,108837
120,108910,261,251,281,270,271,260,108838
120,108911,52,16,68,53,60,34,108839
120,108912,132,0,151,13,141,6,108840
120,108913,630,68,639,88,634,78,108841
120,108914,163,0,178,4,170,2,108842
120,108915,523,12,547,35,535,23,108843
120,108916,328,245,349,265,338,255,108844
120,108917,218,0,228,7,223,3,108845
120,108918,401,308,426,327,413,317,108846
120,108919,0,178,19,192,9,185,108847
120,108920,67,21,82,38,74,29,108848
120,108921,453,0,470,6,461,3,108849
120,108922,244,0,263,20,253,10,108850
120,108923,382,279,401,297,391,288,108851
120,108924,197,68,219,89,208,78,108852
120,108925,454,302,478,318,466,310,108854
120,108926,84,208,104,222,94,215,108855
120,108927,197,44,217,88,207,66,108853
121,108928,445,0,533,74,489,37,108856
121,108929,539,247,571,274,555,260,108857
121,108930,596,233,621,263,608,248,108858
121,108931,468,183,490,228,479,205,108859
121,108932,597,126,623,165,610,145,108860
121,108933,267,1,345,50,306,25,108861
121,108934,382,121,402,157,392,139,108862
121,108935,528,70,554,96,541,83,108863
121,108936,417,113,441,145,429,129,108864
121,108937,529,160,553,192,541,176,108865
121,108938,60,165,84,186,72,175,108866
121,108939,543,207,577,231,560,219,108867
121,108940,96,167,115,198,105,182,108868
121,108941,360,47,381,70,370,58,108869
121,108942,497,86,520,111,508,98,108870
121,108943,28,236,43,259,35,247,108871
121,108944,208,316,231,346,219,331,108872
121,108945,400,273,420,297,410,285,108873
121,108946,315,129,337,153,326,141,108874
121,108947,300,52,321,85,310,68,108875
121,108948,246,51,267,83,256,67,108876
121,108949,608,0,634,20,621,10,108877
121,108950,306,98,334,118,320,108,108878
121,108951,277,290,302,311,289,300,108879
121,108952,271,75,292,105,281,90,108880
121,108953,500,29,523,58,511,43,108881
121,108954,573,69,609,96,591,82,108882
121,108955,261,178,281,210,271,194,108883
121,108956,446,19,466,52,456,35,108884
121,108957,379,12,406,39,392,25,108885
121,108958,612,46,636,75,624,60,108886
121,108959,294,226,315,251,304,238,108887
121,108960,349,68,379,91,364,79,108888
121,108961,119,89,137,114,128,101,108889
121,108962,387,32,408,62,397,47,108890
121,108963,233,84,256,107,244,95,108891
121,108964,428,272,448,298,438,285,108892
121,108965,39,120,54,146,46,133,108893
121,108966,72,129,87,155,79,142,108894
121,108967,57,97,80,123,68,110,108895
121,108968,306,114,335,133,320,123,108896
121,108969,229,50,250,73,239,61,108897
121,108970,200,13,220,34,210,23,108898
121,108971,213,24,237,45,225,34,108899
121,108972,37,159,55,177,46,168,108900
121,108973,347,254,368,287,357,270,108901
121,108974,40,88,56,114,48,101,108902
121,108975,467,280,493,300,480,290,108903
121,108976,0,205,16,230,8,217,108904
121,108977,30,272,47,296,38,284,108905
121,108978,273,0,292,30,282,15,108906
121,108979,322,2,339,21,330,11,108907
121,108980,128,0,187,23,157,11,108908
121,108981,586,4,607,22,596,13,108909
121,108982,261,251,281,270,271,260,108910
121,108983,52,17,68,53,60,35,108911
121,108984,132,0,151,12,141,6,108912
121,108985,630,68,639,88,634,78,108913
121,108986,163,0,179,4,171,2,108914
121,108987,523,13,546,35,534,24,108915
121,108988,328,245,349,265,338,255,108916
121,108989,218,0,228,7,223,3,108917
121,108990,402,307,426,327,414,317,108918
121,108991,0,178,19,192,9,185,108919
121,108992,67,21,82,38,74,29,108920
121,108993,453,0,470,6,461,3,108921
121,108994,244,0,263,20,253,10,108922
121,108995,382,280,401,297,391,288,108923
121,108996,197,67,219,89,208,78,108924
121,108997,454,302,478,319,466,310,108925
121,108998,85,208,104,222,94,215,108926
121,108999,198,44,216,86,207,65,108927
122,109000,445,0,533,74,489,37,108928
122,109001,539,247,571,274,555,260,108929
122,109002,596,233,621,263,608,248,108930
122,109003,468,183,490,228,479,205,108931
122,109004,597,126,623,165,610,145,108932
122,109005,267,1,345,50,306,25,108933
122,109006,382,121,402,157,392,139,108934
122,109007,528,70,554,96,541,83,108935
122,109008,417,113,441,145,429,129,108936
122,109009,529,160,553,192,541,176,108937
122,109010,60,165,84,186,72,175,108938
122,109011,543,207,577,231,560,219,108939
122,109012,96,167,115,198,105,182,108940
122,109013,360,47,382,70,371,58,108941
122,109014,497,86,520,111,508,98,108942
122,109015,28,236,43,259,35,247,108943
122,109016,208,316,231,346,219,331,108944
122,109017,400,274,420,297,410,285,108945
122,109018,314,130,337,153,325,141,108946
122,109019,300,52,321,85,310,68,108947
122,109020,246,51,267,83,256,67,108948
122,109021,608,0,634,20,621,10,108949
122,109022,306,98,334,118,320,108,108950
122,109023,277,290,302,311,289,300,108951
122,109024,271,75,292,105,281,90,108952
122,109025,501,29,523,58,512,43,108953
122,109026,573,69,609,96,591,82,108954
122,109027,261,178,281,210,271,194,108955
122,109028,446,19,466,52,456,35,108956
122,109029,379,12,406,39,392,25,108957
122,109030,612,46,636,75,624,60,108958
122,109031,294,226,315,251,304,238,108959
122,109032,349,68,379,91,364,79,108960
122,109033,119,89,137,114,128,101,108961
122,109034,388,32,408,61,398,46,108962
122,109035,233,84,256,107,244,95,108963
122,109036,428,272,447,298,437,285,108964
122,109037,39,120,54,146,46,133,108965
122,109038,72,129,87,155,79,142,108966
122,109039,57,97,80,123,68,110,108967
122,109040,307,114,335,134,321,124,108968
122,109041,229,50,250,73,239,61,108969
122,109042,200,13,220,34,210,23,108970
122,109043,213,24,237,45,225,34,108971
122,109044,37,159,55,177,46,168,108972
122,109045,347,254,368,287,357,270,108973
122,109046,40,88,56,114,48,101,108974
122,109047,468,280,494,300,481,290,108975
122,109048,0,205,16,230,8,217,108976
122,109049,30,272,47,296,38,284,108977
122,109050,273,0,291,30,282,15,108978
122,109051,322,2,339,21,330,11,108979
122,109052,128,0,187,23,157,11,108980
122,109053,586,4,607,22,596,13,108981
122,109054,261,252,281,270,271,261,108982
122,109055,52,17,68,53,60,35,108983
122,109056,132,0,151,12,141,6,108984
122,109057,630,68,639,88,634,78,108985
122,109058,163,0,179,4,171,2,108986
122,109059,523,13,546,35,534,24,108987
122,109060,328,245,349,265,338,255,108988
122,109061,217,0,228,7,222,3,108989
122,109062,402,308,426,327,414,317,108990
122,109063,0,178,19,192,9,185,108991
122,109064,67,21,82,38,74,29,108992
122,109065,453,0,470,6,461,3,108993
122,109066,244,0,263,20,253,10,108994
122,109067,382,280,401,297,391,288,108995
122,109068,197,68,219,89,208,78,108996
122,109069,454,302,478,318,466,310,108997
122,109070,85,208,104,222,94,215,108998
122,109071,482,321,509,335,495,328,
122,109072,381,300,400,314,390,307,
122,109073,197,46,216,71,206,58,108999
123,109074,445,0,533,74,489,37,109000
123,109075,539,247,571,274,555,260,109001
123,109076,596,233,621,263,608,248,109002
123,109077,468,183,490,228,479,205,109003
123,109078,597,126,623,165,610,145,109004
123,109079,267,1,345,50,306,25,109005
123,109080,382,121,402,157,392,139,109006
123,109081,528,70,554,96,541,83,109007
123,109082,417,113,441,146,429,129,109008
123,109083,529,160,553,192,541,176,109009
123,109084,60,165,84,186,72,175,109010
123,109085,543,207,577,231,560,219,109011
123,109086,96,167,115,198,105,182,109012
123,109087,360,47,382,70,371,58,109013
123,109088,497,86,520,111,508,98,109014
123,109089,28,236,43,259,35,247,109015
123,109090,208,316,231,346,219,331,109016
123,109091,400,274,420,297,410,285,109017
123,109092,313,130,337,153,325,141,109018
123,109093,300,52,321,85,310,68,109019
123,109094,246,51,267,83,256,67,109020
123,109095,608,0,634,20,621,10,109021
123,109096,306,98,334,117,320,107,109022
123,109097,277,290,302,311,289,300,109023
123,109098,271,75,292,105,281,90,109024
123,109099,501,29,523,58,512,43,109025
123,109100,573,69,609,96,591,82,109026
123,109101,261,178,281,210,271,194,109027
123,109102,446,19,466,51,456,35,109028
123,109103,379,12,406,39,392,25,109029
123,109104,612,46,637,75,624,60,109030
123,109105,294,226,315,251,304,238,109031
123,109106,349,68,380,91,364,79,109032
123,109107,119,89,136,114,127,101,109033
123,109108,388,32,408,61,398,46,109034
123,109109,232,84,256,107,244,95,109035
123,109110,428,272,448,298,438,285,109036
123,109111,39,120,54,147,46,133,109037
123,109112,72,129,87,155,79,142,109038
123,109113,57,97,80,123,68,110,109039
123,109114,307,115,335,134,321,124,109040
123,109115,229,50,250,73,239,61,109041
123,109116,200,13,220,34,210,23,109042
123,109117,213,24,237,45,225,34,109043
123,109118,37,159,55,177,46,168,109044
123,109119,347,254,368,285,357,269,109045
123,109120,40,88,56,114,48,101,109046
123,109121,469,281,494,300,481,290,109047
123,109122,0,205,16,230,8,217,109048
123,109123,30,272,47,296,38,284,109049
123,109124,273,0,291,30,282,15,109050
123,109125,322,2,339,21,330,11,109051
123,109126,128,0,187,23,157,11,109052
123,109127,586,4,607,22,596,13,109053
123,109128,260,252,281,270,270,261,109054
123,109129,52,17,68,53,60,35,109055
123,109130,132,0,151,12,141,6,109056
123,109131,630,68,639,88,634,78,109057
123,109132,163,0,179,4,171,2,109058
123,109133,523,13,546,35,534,24,109059
123,109134,328,245,349,265,338,255,109060
123,109135,218,0,228,7,223,3,109061
123,109136,402,308,426,327,414,317,109062
123,109137,0,178,19,192,9,185,109063
123,109138,67,21,82,38,74,29,109064
123,109139,453,0,470,6,461,3,109065
123,109140,244,0,263,20,253,10,109066
123,109141,382,281,401,297,391,289,109067
123,109142,198,70,219,91,208,80,109068
123,109143,454,302,477,316,465,309,109069
123,109144,85,208,104,222,94,215,109070
123,109145,482,321,509,336,495,328,109071
123,109146,381,300,400,314,390,307,109072
123,109147,196,48,216,80,206,64,109073
124,109148,445,0,533,74,489,37,109074
124,109149,539,247,571,274,555,260,109075
124,109150,596,233,621,263,608,248,109076
124,109151,468,183,490,228,479,205,109077
124,109152,597,126,623,165,610,145,109078
124,109153,268,1,345,50,306,25,109079
124,109154,382,121,402,157,392,139,109080
124,109155,528,70,554,96,541,83,109081
124,109156,417,113,441,145,429,129,109082
124,109157,529,160,553,192,541,176,109083
124,109158,60,165,84,186,72,175,109084
124,109159,543,207,577,231,560,219,109085
124,109160,96,167,115,198,105,182,109086
124,109161,360,47,381,70,370,58,109087
124,109162,497,86,520,111,508,98,109088
124,109163,28,236,43,259,35,247,109089
124,109164,208,316,231,346,219,331,109090
124,109165,400,274,420,297,410,285,109091
124,109166,312,130,337,153,324,141,109092
124,109167,300,52,321,85,310,68,109093
124,109168,246,52,267,83,256,67,109094
124,109169,608,0,634,20,621,10,109095
124,109170,306,98,334,118,320,108,109096
124,109171,277,290,302,311,289,300,109097
124,109172,271,75,292,105,281,90,109098
124,109173,501,29,523,58,512,43,109099
124,109174,573,69,609,96,591,82,109100
124,109175,261,178,281,210,271,194,109101
124,109176,446,19,466,51,456,35,109102
124,109177,379,12,406,39,392,25,109103
124,109178,612,46,637,75,624,60,109104
124,109179,294,225,315,251,304,238,109105
124,109180,349,68,380,91,364,79,109106
124,109181,119,89,136,114,127,101,109107
124,109182,388,32,408,62,398,47,109108
124,109183,232,84,256,107,244,95,109109
124,109184,428,272,448,298,438,285,109110
124,109185,39,120,54,147,46,133,109111
124,109186,72,129,87,155,79,142,109112
124,109187,57,97,80,123,68,110,109113
124,109188,307,115,335,134,321,124,109114
124,109189,229,50,250,73,239,61,109115
124,109190,200,13,220,34,210,23,109116
124,109191,213,24,237,45,225,34,109117
124,109192,37,159,55,177,46,168,109118
124,109193,347,254,368,286,357,270,109119
124,109194,40,88,56,114,48,101,109120
124,109195,471,281,495,300,483,290,109121
124,109196,0,205,16,230,8,217,109122
124,109197,30,272,47,296,38,284,109123
124,109198,273,0,291,30,282,15,109124
124,109199,322,2,339,21,330,11,109125
124,109200,128,0,187,23,157,11,109126
124,109201,586,4,607,22,596,13,109127
124,109202,260,252,281,270,270,261,109128
124,109203,52,17,68,53,60,35,109129
124,109204,132,0,151,12,141,6,109130
124,109205,630,68,639,88,634,78,109131
124,109206,163,0,179,4,171,2,109132
124,109207,523,13,546,35,534,24,109133
124,109208,328,245,349,265,338,255,109134
124,109209,218,0,228,7,223,3,109135
124,109210,402,308,426,327,414,317,109136
124,109211,0,178,19,192,9,185,109137
124,109212,67,21,82,38,74,29,109138
124,109213,453,0,470,6,461,3,109139
124,109214,244,0,263,19,253,9,109140
124,109215,382,281,401,297,391,289,109141
124,109216,198,71,220,92,209,81,109142
124,109217,454,302,477,315,465,308,109143
124,109218,85,208,104,222,94,215,109144
124,109219,483,321,509,336,496,328,109145
124,109220,381,292,400,314,390,303,109146
124,109221,195,50,216,79,205,64,109147
125,109222,445,0,533,74,489,37,109148
125,109223,539,247,571,274,555,260,109149
125,109224,596,233,621,263,608,248,109150
125,109225,468,183,490,228,479,205,109151
125,109226,597,126,623,165,610,145,109152
125,109227,267,1,345,50,306,25,109153
125,109228,382,121,402,157,392,139,109154
125,109229,528,70,554,96,541,83,109155
125,109230,417,113,441,146,429,129,109156
125,109231,529,160,553,193,541,176,109157
125,109232,60,165,84,186,72,175,109158
125,109233,543,207,577,231,560,219,109159
125,109234,96,167,115,198,105,182,109160
125,109235,360,47,382,70,371,58,109161
125,109236,497,86,520,111,508,98,109162
125,109237,28,236,43,259,35,247,109163
125,109238,208,316,231,346,219,331,109164
125,109239,400,274,420,297,410,285,109165
125,109240,312,130,337,153,324,141,109166
125,109241,300,52,321,85,310,68,109167
125,109242,246,52,267,83,256,67,109168
125,109243,608,0,634,20,621,10,109169
125,109244,306,98,334,118,320,108,109170
125,109245,278,290,302,311,290,300,109171
125,109246,271,75,292,105,281,90,109172
125,109247,501,29,523,58,512,43,109173
125,109248,573,69,609,96,591,82,109174
125,109249,261,178,281,210,271,194,109175
125,109250,446,19,466,51,456,35,109176
125,109251,379,12,406,40,392,26,109177
125,109252,612,46,637,75,624,60,109178
125,109253,294,225,315,251,304,238,109179
125,109254,349,68,379,91,364,79,109180
125,109255,119,89,136,114,127,101,109181
125,109256,389,32,408,62,398,47,109182
125,109257,232,84,256,107,244,95,109183
125,109258,429,272,448,298,438,285,109184
125,109259,39,120,54,147,46,133,109185
125,109260,72,129,87,155,79,142,109186
125,109261,57,97,80,123,68,110,109187
125,109262,307,115,335,134,321,124,109188
125,109263,229,50,249,73,239,61,109189
125,109264,200,13,220,34,210,23,109190
125,109265,213,24,237,45,225,34,109191
125,109266,38,159,55,177,46,168,109192
125,109267,347,254,369,287,358,270,109193
125,109268,40,88,56,114,48,101,109194
125,109269,471,281,495,301,483,291,109195
125,109270,0,204,16,230,8,217,109196
125,109271,30,272,47,296,38,284,109197
125,109272,273,0,291,30,282,15,109198
125,109273,322,2,339,21,330,11,109199
125,109274,128,0,187,23,157,11,109200
125,109275,586,4,607,22,596,13,109201
125,109276,260,252,281,270,270,261,109202
125,109277,52,17,68,53,60,35,109203
125,109278,132,0,151,12,141,6,109204
125,109279,630,68,639,88,634,78,109205
125,109280,163,0,179,4,171,2,109206
125,109281,523,13,546,35,534,24,109207
125,109282,328,245,349,265,338,255,109208
125,109283,218,0,228,7,223,3,109209
125,109284,402,307,426,327,414,317,109210
125,109285,0,178,19,192,9,185,109211
125,109286,67,21,82,38,74,29,109212
125,109287,453,0,470,6,461,3,109213
125,109288,244,0,264,19,254,9,109214
125,109289,382,281,401,297,391,289,109215
125,109290,197,72,220,93,208,82,109216
125,109291,454,302,477,315,465,308,109217
125,109292,85,207,104,222,94,214,109218
125,109293,484,321,509,336,496,328,109219
125,109294,381,288,401,314,391,301,109220
125,109295,195,51,216,79,205,65,109221
126,109296,445,0,533,74,489,37,109222
126,109297,539,247,571,273,555,260,109223
126,109298,596,233,621,263,608,248,109224
126,109299,468,183,490,228,479,205,109225
126,109300,597,126,623,165,610,145,109226
126,109301,267,1,345,50,306,25,109227
126,109302,382,121,402,157,392,139,109228
126,109303,528,70,554,96,541,83,109229
126,109304,417,113,441,146,429,129,109230
126,109305,529,161,553,192,541,176,109231
126,109306,60,165,84,185,72,175,109232
126,109307,543,207,577,231,560,219,109233
126,109308,96,167,115,198,105,182,109234
126,109309,360,47,382,70,371,58,109235
126,109310,497,86,521,111,509,98,109236
126,109311,28,236,43,259,35,247,109237
126,109312,208,316,231,346,219,331,109238
126,109313,400,274,420,297,410,285,109239
126,109314,312,130,337,153,324,141,109240
126,109315,300,52,321,85,310,68,109241
126,109316,246,52,267,83,256,67,109242
126,109317,608,0,634,20,621,10,109243
126,109318,306,98,334,118,320,108,109244
126,109319,278,290,302,311,290,300,109245
126,109320,271,75,292,105,281,90,109246
126,109321,501,29,523,58,512,43,109247
126,109322,573,69,609,96,591,82,109248
126,109323,261,178,281,210,271,194,109249
126,109324,446,19,466,51,456,35,109250
126,109325,379,12,406,40,392,26,109251
126,109326,612,46,636,75,624,60,109252
126,109327,294,225,315,251,304,238,109253
126,109328,349,68,379,91,364,79,109254
126,109329,119,89,136,114,127,101,109255
126,109330,389,32,409,62,399,47,109256
126,109331,232,84,256,107,244,95,109257
126,109332,429,272,449,298,439,285,109258
126,109333,39,120,54,146,46,133,109259
126,109334,72,129,87,155,79,142,109260
126,109335,57,97,80,123,68,110,109261
126,109336,307,115,335,134,321,124,109262
126,109337,229,50,249,73,239,61,109263
126,109338,200,13,220,34,210,23,109264
126,109339,213,24,237,45,225,34,109265
126,109340,38,159,55,177,46,168,109266
126,109341,347,254,369,287,358,270,109267
126,109342,40,88,56,114,48,101,109268
126,109343,473,280,497,302,485,291,109269
126,109344,1,204,16,229,8,216,109270
126,109345,30,272,47,296,38,284,109271
126,109346,273,0,291,30,282,15,109272
126,109347,322,2,339,21,330,11,109273
126,109348,128,0,187,23,157,11,109274
126,109349,586,4,607,22,596,13,109275
126,109350,260,252,281,270,270,261,109276
126,109351,52,17,68,53,60,35,109277
126,109352,132,0,151,12,141,6,109278
126,109353,630,68,639,88,634,78,109279
126,109354,163,0,179,4,171,2,109280
126,109355,523,13,546,35,534,24,109281
126,109356,328,245,350,265,339,255,109282
126,109357,218,0,228,7,223,3,109283
126,109358,402,307,426,327,414,317,109284
126,109359,0,178,19,192,9,185,109285
126,109360,67,21,82,38,74,29,109286
126,109361,453,0,470,6,461,3,109287
126,109362,244,0,264,17,254,8,109288
126,109363,382,281,401,297,391,289,109289
126,109364,197,73,221,94,209,83,109290
126,109365,85,207,104,222,94,214,109292
126,109366,485,321,510,336,497,328,109293
126,109367,381,285,401,315,391,300,109294
126,109368,195,52,216,79,205,65,109295
127,109369,445,0,533,74,489,37,109296
127,109370,539,247,571,273,555,260,109297
127,109371,596,233,621,263,608,248,109298
127,109372,468,183,490,228,479,205,109299
127,109373,597,126,623,165,610,145,109300
127,109374,267,1,345,50,306,25,109301
127,109375,382,121,402,157,392,139,109302
127,109376,528,70,554,96,541,83,109303
127,109377,417,113,441,146,429,129,109304
127,109378,529,161,553,192,541,176,109305
127,109379,60,165,84,185,72,175,109306
127,109380,543,207,577,231,560,219,109307
127,109381,96,167,115,198,105,182,109308
127,109382,360,47,382,70,371,58,109309
127,109383,497,86,521,111,509,98,109310
127,109384,28,236,43,259,35,247,109311
127,109385,208,316,231,346,219,331,109312
127,109386,400,274,420,297,410,285,109313
127,109387,312,130,337,153,324,141,109314
127,109388,300,52,321,85,310,68,109315
127,109389,246,52,267,83,256,67,109316
127,109390,608,0,634,20,621,10,109317
127,109391,306,98,334,118,320,108,109318
127,109392,277,290,302,311,289,300,109319
127,109393,271,75,292,105,281,90,109320
127,109394,501,29,523,58,512,43,109321
127,109395,573,69,609,96,591,82,109322
127,109396,261,178,281,210,271,194,109323
127,109397,446,19,466,51,456,35,109324
127,109398,379,12,406,40,392,26,109325
127,109399,612,46,636,75,624,60,109326
127,109400,294,225,315,251,304,238,109327
127,109401,349,68,379,91,364,79,109328
127,109402,119,89,136,114,127,101,109329
127,109403,389,32,409,62,399,47,109330
127,109404,232,84,256,107,244,95,109331
127,109405,429,272,449,298,439,285,109332
127,109406,39,120,54,146,46,133,109333
127,109407,72,129,87,155,79,142,109334
127,109408,57,97,80,123,68,110,109335
127,109409,307,115,334,134,320,124,109336
127,109410,229,50,249,73,239,61,109337
127,109411,200,13,220,34,210,23,109338
127,109412,213,24,237,45,225,34,109339
127,109413,38,159,55,177,46,168,109340
127,109414,347,254,369,287,358,270,109341
127,109415,40,88,56,114,48,101,109342
127,109416,473,280,497,302,485,291,109343
127,109417,1,204,16,229,8,216,109344
127,109418,30,272,47,296,38,284,109345
127,109419,273,0,291,29,282,14,109346
127,109420,322,2,339,21,330,11,109347
127,109421,128,0,187,23,157,11,109348
127,109422,586,4,607,22,596,13,109349
127,109423,260,252,281,270,270,261,109350
127,109424,52,17,68,53,60,35,109351
127,109425,132,0,151,12,141,6,109352
127,109426,630,68,639,88,634,78,109353
127,109427,163,0,179,4,171,2,109354
127,109428,523,13,546,35,534,24,109355
127,109429,328,245,350,265,339,255,109356
127,109430,218,0,228,7,223,3,109357
127,109431,402,307,426,327,414,317,109358
127,109432,0,178,19,192,9,185,109359
127,109433,67,21,82,38,74,29,109360
127,109434,453,0,470,6,461,3,109361
127,109435,244,0,265,17,254,8,109362
127,109436,382,281,401,297,391,289,109363
127,109437,197,74,221,94,209,84,109364
127,109438,85,207,104,221,94,214,109365
127,109439,485,321,510,337,497,329,109366
127,109440,381,285,401,315,391,300,109367
127,109441,196,52,216,79,206,65,109368
128,109442,445,0,533,74,489,37,109369
128,109443,539,247,571,273,555,260,109370
128,109444,596,233,621,263,608,248,109371
128,109445,468,183,490,228,479,205,109372
128,109446,597,126,623,165,610,145,109373
128,109447,267,1,345,50,306,25,109374
128,109448,382,121,402,157,392,139,109375
128,109449,528,69,554,96,541,82,109376
128,109450,417,113,441,145,429,129,109377
128,109451,529,161,553,193,541,177,109378
128,109452,60,165,84,185,72,175,109379
128,109453,543,207,577,231,560,219,109380
128,109454,96,167,115,198,105,182,109381
128,109455,360,47,382,70,371,58,109382
128,109456,497,86,521,111,509,98,109383
128,109457,28,236,43,259,35,247,109384
128,109458,208,316,231,346,219,331,109385
128,109459,400,274,420,297,410,285,109386
128,109460,311,131,337,153,324,142,109387
128,109461,300,52,321,85,310,68,109388
128,109462,246,52,267,83,256,67,109389
128,109463,608,0,634,20,621,10,109390
128,109464,306,98,334,118,320,108,109391
128,109465,277,290,302,311,289,300,109392
128,109466,271,75,292,105,281,90,109393
128,109467,501,29,523,58,512,43,109394
128,109468,573,69,609,96,591,82,109395
128,109469,261,178,281,210,271,194,109396
128,109470,446,19,466,51,456,35,109397
128,109471,379,12,406,40,392,26,109398
128,109472,612,46,636,75,624,60,109399
128,109473,294,225,315,251,304,238,109400
128,109474,349,68,379,91,364,79,109401
128,109475,119,89,136,114,127,101,109402
128,109476,389,32,409,62,399,47,109403
128,109477,232,84,256,107,244,95,109404
128,109478,429,272,449,298,439,285,109405
128,109479,39,120,54,146,46,133,109406
128,109480,72,129,87,155,79,142,109407
128,109481,57,97,80,123,68,110,109408
128,109482,307,115,335,134,321,124,109409
128,109483,229,50,249,73,239,61,109410
128,109484,200,13,220,34,210,23,109411
128,109485,213,24,237,45,225,34,109412
128,109486,38,159,55,177,46,168,109413
128,109487,346,253,368,287,357,270,109414
128,109488,40,88,56,114,48,101,109415
128,109489,474,279,497,302,485,290,109416
128,109490,1,204,16,229,8,216,109417
128,109491,30,272,47,296,38,284,109418
128,109492,273,0,291,29,282,14,109419
128,109493,323,2,339,21,331,11,109420
128,109494,128,0,187,23,157,11,109421
128,109495,586,4,607,22,596,13,109422
128,109496,260,252,281,270,270,261,109423
128,109497,52,17,68,53,60,35,109424
128,109498,132,0,151,12,141,6,109425
128,109499,630,68,639,88,634,78,109426
128,109500,163,0,179,4,171,2,109427
128,109501,523,13,546,35,534,24,109428
128,109502,328,245,350,265,339,255,109429
128,109503,218,0,228,7,223,3,109430
128,109504,402,307,426,327,414,317,109431
128,109505,1,178,19,192,10,185,109432
128,109506,67,21,82,38,74,29,109433
128,109507,453,0,470,6,461,3,109434
128,109508,245,0,266,16,255,8,109435
128,109509,382,281,401,297,391,289,109436
128,109510,197,74,221,94,209,84,109437
128,109511,486,322,511,336,498,329,109439
128,109512,381,284,401,315,391,299,109440
128,109513,196,52,216,80,206,66,109441
129,109514,445,0,533,74,489,37,109442
129,109515,539,247,571,273,555,260,109443
129,109516,596,233,621,263,608,248,109444
129,109517,468,183,490,228,479,205,109445
129,109518,597,126,623,165,610,145,109446
129,109519,268,1,345,50,306,25,109447
129,109520,382,121,402,157,392,139,109448
129,109521,528,70,554,96,541,83,109449
129,109522,417,113,441,145,429,129,109450
129,109523,529,161,553,193,541,177,109451
129,109524,60,165,84,185,72,175,109452
129,109525,543,207,577,231,560,219,109453
129,109526,96,167,115,198,105,182,109454
129,109527,360,48,382,70,371,59,109455
129,109528,497,86,521,111,509,98,109456
129,109529,28,236,43,259,35,247,109457
129,109530,208,316,231,346,219,331,109458
129,109531,400,274,420,297,410,285,109459
129,109532,310,131,337,153,323,142,109460
129,109533,300,52,321,85,310,68,109461
129,109534,246,52,267,83,256,67,109462
129,109535,608,0,634,20,621,10,109463
129,109536,306,98,334,118,320,108,109464
129,109537,278,290,302,311,290,300,109465
129,109538,271,75,292,105,281,90,109466
129,109539,501,29,523,58,512,43,109467
129,109540,573,69,609,96,591,82,109468
129,109541,261,178,281,210,271,194,109469
129,109542,446,19,466,51,456,35,109470
129,109543,379,12,406,40,392,26,109471
129,109544,612,46,636,75,624,60,109472
129,109545,294,225,315,251,304,238,109473
129,109546,349,68,379,91,364,79,109474
129,109547,119,89,136,114,127,101,109475
129,109548,389,32,409,62,399,47,109476
129,109549,232,84,256,107,244,95,109477
129,109550,429,272,449,298,439,285,109478
129,109551,39,120,54,146,46,133,109479
129,109552,72,129,87,155,79,142,109480
129,109553,57,97,80,123,68,110,109481
129,109554,307,115,335,134,321,124,109482
129,109555,229,50,249,73,239,61,109483
129,109556,200,13,220,34,210,23,109484
129,109557,213,24,237,45,225,34,109485
129,109558,38,159,55,177,46,168,109486
129,109559,346,253,368,286,357,269,109487
129,109560,40,88,56,114,48,101,109488
129,109561,475,278,498,303,486,290,109489
129,109562,1,204,16,229,8,216,109490
129,109563,30,272,47,296,38,284,109491
129,109564,273,0,291,29,282,14,109492
129,109565,323,2,339,21,331,11,109493
129,109566,128,0,187,23,157,11,109494
129,109567,586,4,607,22,596,13,109495
129,109568,260,252,281,270,270,261,109496
129,109569,52,17,68,53,60,35,109497
129,109570,132,0,151,12,141,6,109498
129,109571,630,68,639,88,634,78,109499
129,109572,163,0,179,4,171,2,109500
129,109573,523,13,546,35,534,24,109501
129,109574,328,245,350,265,339,255,109502
129,109575,218,0,228,7,223,3,109503
129,109576,402,307,426,327,414,317,109504
129,109577,1,177,18,192,9,184,109505
129,109578,67,21,82,38,74,29,109506
129,109579,453,0,470,6,461,3,109507
129,109580,246,0,266,15,256,7,109508
129,109581,382,280,401,297,391,288,109509
129,109582,197,75,221,95,209,85,109510
129,109583,381,291,401,315,391,303,109512
129,109584,197,53,216,80,206,66,109513
129,109585,85,207,104,221,94,214,
130,109586,445,0,533,74,489,37,109514
130,109587,539,247,571,273,555,260,109515
130,109588,596,233,621,263,608,248,109516
130,109589,468,183,490,228,479,205,109517
130,109590,597,126,623,165,610,145,109518
130,109591,268,1,345,50,306,25,109519
130,109592,382,121,402,157,392,139,109520
130,109593,528,70,554,96,541,83,109521
130,109594,417,113,441,146,429,129,109522
130,109595,529,161,553,193,541,177,109523
130,109596,60,165,84,185,72,175,109524
130,109597,543,207,577,231,560,219,109525
130,109598,96,167,115,198,105,182,109526
130,109599,360,48,382,70,371,59,109527
130,109600,497,86,521,111,509,98,109528
130,109601,28,236,43,259,35,247,109529
130,109602,208,316,231,345,219,330,109530
130,109603,400,274,420,297,410,285,109531
130,109604,309,131,337,153,323,142,109532
130,109605,300,52,321,84,310,68,109533
130,109606,246,52,267,83,256,67,109534
130,109607,608,0,634,20,621,10,109535
130,109608,306,98,334,118,320,108,109536
130,109609,278,290,302,311,290,300,109537
130,109610,271,75,292,105,281,90,109538
130,109611,501,29,523,58,512,43,109539
130,109612,573,69,609,96,591,82,109540
130,109613,261,178,281,210,271,194,109541
130,109614,446,19,466,51,456,35,109542
130,109615,379,12,406,40,392,26,109543
130,109616,612,46,636,75,624,60,109544
130,109617,294,225,315,251,304,238,109545
130,109618,349,68,379,91,364,79,109546
130,109619,119,89,136,114,127,101,109547
130,109620,390,32,409,62,399,47,109548
130,109621,232,84,256,107,244,95,109549
130,109622,429,272,449,298,439,285,109550
130,109623,39,120,54,146,46,133,109551
130,109624,72,129,87,155,79,142,109552
130,109625,57,97,80,123,68,110,109553
130,109626,307,115,335,134,321,124,109554
130,109627,229,50,249,73,239,61,109555
130,109628,200,13,220,33,210,23,109556
130,109629,213,24,237,45,225,34,109557
130,109630,38,159,55,177,46,168,109558
130,109631,346,253,368,287,357,270,109559
130,109632,40,88,56,114,48,101,109560
130,109633,475,278,498,303,486,290,109561
130,109634,1,204,17,229,9,216,109562
130,109635,30,272,47,296,38,284,109563
130,109636,273,0,291,29,282,14,109564
130,109637,323,2,339,21,331,11,109565
130,109638,128,0,187,23,157,11,109566
130,109639,586,4,607,22,596,13,109567
130,109640,260,252,281,270,270,261,109568
130,109641,52,17,68,53,60,35,109569
130,109642,132,0,151,12,141,6,109570
130,109643,630,68,639,88,634,78,109571
130,109644,163,0,179,4,171,2,109572
130,109645,524,13,546,35,535,24,109573
130,109646,328,245,350,265,339,255,109574
130,109647,218,0,228,7,223,3,109575
130,109648,403,307,426,327,414,317,109576
130,109649,1,177,18,192,9,184,109577
130,109650,67,21,82,38,74,29,109578
130,109651,453,0,470,5,461,2,109579
130,109652,246,0,266,14,256,7,109580
130,109653,381,280,401,297,391,288,109581
130,109654,197,75,221,95,209,85,109582
130,109655,381,297,401,315,391,306,109583
130,109656,196,53,215,81,205,67,109584
130,109657,85,207,104,221,94,214,109585
131,109658,445,0,533,74,489,37,109586
131,109659,539,247,571,273,555,260,109587
131,109660,596,233,621,263,608,248,109588
131,109661,468,183,490,228,479,205,109589
131,109662,597,126,623,165,610,145,109590
131,109663,268,1,345,50,306,25,109591
131,109664,382,121,402,157,392,139,109592
131,109665,528,70,554,96,541,83,109593
131,109666,417,113,441,145,429,129,109594
131,109667,529,161,553,193,541,177,109595
131,109668,60,165,84,185,72,175,109596
131,109669,543,207,577,231,560,219,109597
131,109670,96,167,115,198,105,182,109598
131,109671,360,49,382,70,371,59,109599
131,109672,497,86,521,111,509,98,109600
131,109673,28,236,43,259,35,247,109601
131,109674,208,316,231,345,219,330,109602
131,109675,401,274,421,297,411,285,109603
131,109676,309,131,337,153,323,142,109604
131,109677,300,52,321,85,310,68,109605
131,109678,246,52,267,83,256,67,109606
131,109679,608,0,635,20,621,10,109607
131,109680,306,98,334,118,320,108,109608
131,109681,278,290,302,311,290,300,109609
131,109682,271,75,292,105,281,90,109610
131,109683,501,28,523,58,512,43,109611
131,109684,573,69,609,96,591,82,109612
131,109685,261,178,281,210,271,194,109613
131,109686,446,19,466,51,456,35,109614
131,109687,379,12,406,40,392,26,109615
131,109688,612,46,636,75,624,60,109616
131,109689,294,225,315,251,304,238,109617
131,109690,349,68,379,91,364,79,109618
131,109691,119,89,136,114,127,101,109619
131,109692,390,32,410,62,400,47,109620
131,109693,232,84,256,107,244,95,109621
131,109694,429,272,449,298,439,285,109622
131,109695,39,120,54,146,46,133,109623
131,109696,72,129,87,155,79,142,109624
131,109697,57,97,80,123,68,110,109625
131,109698,308,115,335,134,321,124,109626
131,109699,229,50,249,73,239,61,109627
131,109700,200,13,220,33,210,23,109628
131,109701,213,24,237,45,225,34,109629
131,109702,38,159,55,177,46,168,109630
131,109703,346,253,368,287,357,270,109631
131,109704,40,88,56,114,48,101,109632
131,109705,476,277,499,303,487,290,109633
131,109706,1,204,17,229,9,216,109634
131,109707,30,272,47,296,38,284,109635
131,109708,273,0,291,29,282,14,109636
131,109709,322,2,339,21,330,11,109637
131,109710,128,0,187,23,157,11,109638
131,109711,586,4,607,22,596,13,109639
131,109712,260,252,282,270,271,261,109640
131,109713,52,17,68,53,60,35,109641
131,109714,132,0,151,12,141,6,109642
131,109715,630,68,639,88,634,78,109643
131,109716,163,0,179,4,171,2,109644
131,109717,523,13,547,35,535,24,109645
131,109718,328,245,350,265,339,255,109646
131,109719,218,0,228,7,223,3,109647
131,109720,403,307,426,327,414,317,109648
131,109721,1,177,18,191,9,184,109649
131,109722,67,21,82,38,74,29,109650
131,109723,246,0,266,14,256,7,109652
131,109724,381,280,401,297,391,288,109653
131,109725,197,75,221,95,209,85,109654
131,109726,381,299,401,315,391,307,109655
131,109727,195,53,214,81,204,67,109656
131,109728,85,207,104,221,94,214,109657
132,109729,445,0,533,74,489,37,109658
132,109730,539,247,571,273,555,260,109659
132,109731,596,233,621,263,608,248,109660
132,109732,468,183,490,228,479,205,109661
132,109733,597,126,623,165,610,145,109662
132,109734,268,1,345,50,306,25,109663
132,109735,381,121,402,156,391,138,109664
132,109736,528,70,555,96,541,83,109665
132,109737,417,113,441,145,429,129,109666
132,109738,529,161,553,193,541,177,109667
132,109739,60,165,84,185,72,175,109668
132,109740,543,207,577,231,560,219,109669
132,109741,96,167,115,198,105,182,109670
132,109742,360,49,382,70,371,59,109671
132,109743,497,86,520,111,508,98,109672
132,109744,28,236,43,259,35,247,109673
132,109745,208,316,231,345,219,330,109674
132,109746,401,274,421,297,411,285,109675
132,109747,309,131,337,153,323,142,109676
132,109748,300,52,321,85,310,68,109677
132,109749,246,51,267,83,256,67,109678
132,109750,608,0,635,20,621,10,109679
132,109751,306,98,334,118,320,108,109680
132,109752,278,290,302,311,290,300,109681
132,109753,271,75,292,105,281,90,109682
132,109754,501,28,523,58,512,43,109683
132,109755,573,69,609,96,591,82,109684
132,109756,261,178,281,210,271,194,109685
132,109757,446,19,466,51,456,35,109686
132,109758,379,12,406,40,392,26,109687
132,109759,612,46,636,75,624,60,109688
132,109760,294,225,315,251,304,238,109689
132,109761,349,68,379,91,364,79,109690
132,109762,119,89,136,114,127,101,109691
132,109763,390,32,410,62,400,47,109692
132,109764,232,84,256,107,244,95,109693
132,109765,429,272,449,298,439,285,109694
132,109766,39,120,54,146,46,133,109695
132,109767,72,129,87,155,79,142,109696
132,109768,57,97,80,123,68,110,109697
132,109769,307,116,335,134,321,125,109698
132,109770,229,50,249,73,239,61,109699
132,109771,200,13,220,33,210,23,109700
132,109772,213,24,237,45,225,34,109701
132,109773,38,159,55,177,46,168,109702
132,109774,346,253,368,287,357,270,109703
132,109775,40,88,56,114,48,101,109704
132,109776,476,277,498,304,487,290,109705
132,109777,1,204,17,228,9,216,109706
132,109778,30,272,47,296,38,284,109707
132,109779,273,0,291,29,282,14,109708
132,109780,322,2,339,21,330,11,109709
132,109781,128,0,187,23,157,11,109710
132,109782,586,4,607,22,596,13,109711
132,109783,260,252,282,270,271,261,109712
132,109784,52,17,68,53,60,35,109713
132,109785,132,0,151,12,141,6,109714
132,109786,630,68,639,89,634,78,109715
132,109787,163,0,179,4,171,2,109716
132,109788,523,13,547,35,535,24,109717
132,109789,328,245,350,265,339,255,109718
132,109790,218,0,228,7,223,3,109719
132,109791,403,306,426,327,414,316,109720
132,109792,1,178,18,191,9,184,109721
132,109793,67,21,82,38,74,29,109722
132,109794,247,0,267,14,257,7,109723
132,109795,381,279,401,297,391,288,109724
132,109796,197,75,221,95,209,85,109725
132,109797,381,300,401,315,391,307,109726
132,109798,195,53,213,82,204,67,109727
133,109799,445,0,533,74,489,37,109729
133,109800,539,247,571,273,555,260,109730
133,109801,596,233,621,263,608,248,109731
133,109802,468,183,490,228,479,205,109732
133,109803,597,126,623,165,610,145,109733
133,109804,268,1,345,50,306,25,109734
133,109805,381,121,402,156,391,138,109735
133,109806,528,70,555,96,541,83,109736
133,109807,417,113,441,145,429,129,109737
133,109808,529,161,553,193,541,177,109738
133,109809,60,165,84,185,72,175,109739
133,109810,543,207,577,231,560,219,109740
133,109811,96,167,115,198,105,182,109741
133,109812,360,49,382,70,371,59,109742
133,109813,497,86,520,111,508,98,109743
133,109814,28,236,43,259,35,247,109744
133,109815,208,316,231,345,219,330,109745
133,109816,401,274,421,297,411,285,109746
133,109817,309,131,337,153,323,142,109747
133,109818,300,52,321,85,310,68,109748
133,109819,246,51,267,83,256,67,109749
133,109820,608,0,635,21,621,10,109750
133,109821,306,98,334,118,320,108,109751
133,109822,278,290,302,311,290,300,109752
133,109823,271,75,292,105,281,90,109753
133,109824,501,28,523,58,512,43,109754
133,109825,573,69,609,96,591,82,109755
133,109826,261,178,281,210,271,194,109756
133,109827,446,19,466,51,456,35,109757
133,109828,379,12,406,40,392,26,109758
133,109829,612,46,636,75,624,60,109759
133,109830,294,225,315,251,304,238,109760
133,109831,349,68,379,91,364,79,109761
133,109832,119,89,136,114,127,101,109762
133,109833,390,32,410,62,400,47,109763
133,109834,232,84,256,107,244,95,109764
133,109835,429,272,449,298,439,285,109765
133,109836,39,120,54,146,46,133,109766
133,109837,72,129,87,155,79,142,109767
133,109838,57,97,80,123,68,110,109768
133,109839,307,116,335,134,321,125,109769
133,109840,229,50,249,73,239,61,109770
133,109841,200,13,220,33,210,23,109771
133,109842,213,24,237,45,225,34,109772
133,109843,38,159,55,177,46,168,109773
133,109844,346,253,368,287,357,270,109774
133,109845,40,88,56,114,48,101,109775
133,109846,476,277,498,304,487,290,109776
133,109847,2,204,17,228,9,216,109777
133,109848,30,272,47,296,38,284,109778
133,109849,273,0,291,29,282,14,109779
133,109850,322,3,339,21,330,12,109780
133,109851,128,0,187,23,157,11,109781
133,109852,586,4,607,22,596,13,109782
133,109853,260,252,282,270,271,261,109783
133,109854,52,17,68,53,60,35,109784
133,109855,132,0,151,12,141,6,109785
133,109856,630,68,639,89,634,78,109786
133,109857,163,0,179,4,171,2,109787
133,109858,523,13,547,35,535,24,109788
133,109859,328,245,350,265,339,255,109789
133,109860,218,0,228,7,223,3,109790
133,109861,403,306,426,327,414,316,109791
133,109862,2,179,18,191,10,185,109792
133,109863,67,21,82,38,74,29,109793
133,109864,247,0,267,14,257,7,109794
133,109865,381,279,401,297,391,288,109795
133,109866,197,75,221,95,209,85,109796
133,109867,381,300,401,315,391,307,109797
133,109868,194,53,212,82,203,67,109798
134,109869,445,0,532,74,488,37,109799
134,109870,539,247,571,273,555,260,109800
134,109871,596,233,621,263,608,248,109801
134,109872,468,183,490,228,479,205,109802
134,109873,597,126,623,165,610,145,109803
134,109874,268,1,345,50,306,25,109804
134,109875,381,121,402,156,391,138,109805
134,109876,528,70,555,96,541,83,109806
134,109877,417,113,441,145,429,129,109807
134,109878,528,161,553,193,540,177,109808
134,109879,60,165,84,185,72,175,109809
134,109880,543,207,577,231,560,219,109810
134,109881,96,167,115,198,105,182,109811
134,109882,360,49,382,70,371,59,109812
134,109883,497,86,520,111,508,98,109813
134,109884,28,236,43,259,35,247,109814
134,109885,208,316,231,345,219,330,109815
134,109886,401,273,421,297,411,285,109816
134,109887,308,127,337,153,322,140,109817
134,109888,300,52,321,85,310,68,109818
134,109889,246,51,267,83,256,67,109819
134,109890,608,0,635,21,621,10,109820
134,109891,306,98,334,118,320,108,109821
134,109892,278,290,302,311,290,300,109822
134,109893,271,75,292,105,281,90,109823
134,109894,501,27,523,58,512,42,109824
134,109895,573,69,609,96,591,82,109825
134,109896,261,178,281,210,271,194,109826
134,109897,446,19,466,51,456,35,109827
134,109898,379,12,406,40,392,26,109828
134,109899,612,46,636,75,624,60,109829
134,109900,294,225,315,251,304,238,109830
134,109901,349,68,379,91,364,79,109831
134,109902,119,89,136,114,127,101,109832
134,109903,390,32,410,62,400,47,109833
134,109904,232,84,256,107,244,95,109834
134,109905,429,272,449,298,439,285,109835
134,109906,39,120,54,146,46,133,109836
134,109907,72,129,87,155,79,142,109837
134,109908,57,97,80,123,68,110,109838
134,109909,229,50,249,73,239,61,109840
134,109910,200,13,220,34,210,23,109841
134,109911,213,24,237,45,225,34,109842
134,109912,38,159,55,177,46,168,109843
134,109913,346,253,367,287,356,270,109844
134,109914,40,88,56,114,48,101,109845
134,109915,476,277,498,302,487,289,109846
134,109916,2,205,17,228,9,216,109847
134,109917,30,272,47,296,38,284,109848
134,109918,273,0,291,29,282,14,109849
134,109919,322,3,339,21,330,12,109850
134,109920,128,0,187,23,157,11,109851
134,109921,586,4,607,22,596,13,109852
134,109922,260,252,281,270,270,261,109853
134,109923,52,17,68,53,60,35,109854
134,109924,132,0,151,12,141,6,109855
134,109925,630,68,639,89,634,78,109856
134,109926,163,0,179,4,171,2,109857
134,109927,523,13,547,35,535,24,109858
134,109928,328,245,350,265,339,255,109859
134,109929,218,0,228,7,223,3,109860
134,109930,403,306,426,326,414,316,109861
134,109931,2,179,18,192,10,185,109862
134,109932,67,21,82,38,74,29,109863
134,109933,247,0,268,13,257,6,109864
134,109934,381,279,401,297,391,288,109865
134,109935,197,74,221,95,209,84,109866
134,109936,381,300,401,315,391,307,109867
134,109937,194,53,211,82,202,67,109868
135,109938,444,0,532,74,488,37,109869
135,109939,539,247,571,273,555,260,109870
135,109940,596,233,621,263,608,248,109871
135,109941,468,183,490,228,479,205,109872
135,109942,597,126,623,165,610,145,109873
135,109943,268,1,345,50,306,25,109874
135,109944,381,121,402,156,391,138,109875
135,109945,528,70,555,96,541,83,109876
135,109946,417,113,441,145,429,129,109877
135,109947,528,161,553,193,540,177,109878
135,109948,60,165,84,185,72,175,109879
135,109949,543,207,577,231,560,219,109880
135,109950,96,167,115,198,105,182,109881
135,109951,361,49,382,70,371,59,109882
135,109952,497,85,520,111,508,98,109883
135,109953,28,236,43,259,35,247,109884
135,109954,208,316,231,345,219,330,109885
135,109955,401,273,421,296,411,284,109886
135,109956,308,124,337,153,322,138,109887
135,109957,300,52,321,85,310,68,109888
135,109958,246,51,267,83,256,67,109889
135,109959,609,0,635,20,622,10,109890
135,109960,306,98,334,118,320,108,109891
135,109961,278,290,302,311,290,300,109892
135,109962,271,75,292,105,281,90,109893
135,109963,501,26,523,57,512,41,109894
135,109964,573,69,609,96,591,82,109895
135,109965,261,178,281,210,271,194,109896
135,109966,446,19,466,50,456,34,109897
135,109967,379,12,406,40,392,26,109898
135,109968,612,46,636,75,624,60,109899
135,109969,294,225,315,251,304,238,109900
135,109970,349,68,379,91,364,79,109901
135,109971,119,89,136,114,127,101,109902
135,109972,390,32,410,62,400,47,109903
135,109973,232,84,256,107,244,95,109904
135,109974,428,272,449,298,438,285,109905
135,109975,39,120,54,146,46,133,109906
135,109976,72,129,87,155,79,142,109907
135,109977,57,97,80,123,68,110,109908
135,109978,229,50,249,73,239,61,109909
135,109979,200,13,220,34,210,23,109910
135,109980,213,24,237,45,225,34,109911
135,109981,38,159,55,177,46,168,109912
135,109982,346,254,368,286,357,270,109913
135,109983,40,88,56,114,48,101,109914
135,109984,476,276,499,301,487,288,109915
135,109985,2,206,17,227,9,216,109916
135,109986,30,272,47,296,38,284,109917
135,109987,273,0,290,29,281,14,109918
135,109988,322,2,339,21,330,11,109919
135,109989,128,0,187,23,157,11,109920
135,109990,586,4,607,22,596,13,109921
135,109991,260,252,280,270,270,261,109922
135,109992,52,17,68,53,60,35,109923
135,109993,132,0,151,12,141,6,109924
135,109994,630,68,639,89,634,78,109925
135,109995,163,0,179,4,171,2,109926
135,109996,523,13,547,35,535,24,109927
135,109997,328,244,350,266,339,255,109928
135,109998,218,0,228,7,223,3,109929
135,109999,402,306,426,326,414,316,109930
135,110000,2,179,18,192,10,185,109931
135,110001,67,21,82,38,74,29,109932
135,110002,247,0,268,13,257,6,109933
135,110003,381,279,401,297,391,288,109934
135,110004,197,74,221,94,209,84,109935
135,110005,381,300,401,315,391,307,109936
135,110006,194,53,211,82,202,67,109937
136,110007,444,0,532,74,488,37,109938
136,110008,539,247,571,273,555,260,109939
136,110009,596,233,621,263,608,248,109940
136,110010,468,183,490,228,479,205,109941
136,110011,597,126,623,165,610,145,109942
136,110012,268,1,345,50,306,25,109943
136,110013,381,121,402,156,391,138,109944
136,110014,528,70,555,96,541,83,109945
136,110015,417,113,441,145,429,129,109946
136,110016,528,161,553,193,540,177,109947
136,110017,60,165,84,185,72,175,109948
136,110018,543,207,577,231,560,219,109949
136,110019,96,167,115,198,105,182,109950
136,110020,361,49,382,70,371,59,109951
136,110021,497,85,520,111,508,98,109952
136,110022,28,236,43,259,35,247,109953
136,110023,208,316,231,346,219,331,109954
136,110024,401,274,421,296,411,285,109955
136,110025,308,126,337,153,322,139,109956
136,110026,300,52,321,85,310,68,109957
136,110027,246,51,267,83,256,67,109958
136,110028,609,0,635,20,622,10,109959
136,110029,306,98,334,118,320,108,109960
136,110030,278,290,302,311,290,300,109961
136,110031,271,75,292,105,281,90,109962
136,110032,501,26,523,57,512,41,109963
136,110033,573,69,609,96,591,82,109964
136,110034,261,178,281,210,271,194,109965
136,110035,446,19,466,50,456,34,109966
136,110036,379,12,406,40,392,26,109967
136,110037,612,46,636,75,624,60,109968
136,110038,294,225,315,251,304,238,109969
136,110039,349,68,379,91,364,79,109970
136,110040,119,89,137,114,128,101,109971
136,110041,390,32,410,62,400,47,109972
136,110042,233,84,256,107,244,95,109973
136,110043,428,273,449,298,438,285,109974
136,110044,39,120,54,146,46,133,109975
136,110045,72,129,88,155,80,142,109976
136,110046,57,97,80,123,68,110,109977
136,110047,229,50,249,73,239,61,109978
136,110048,200,13,220,34,210,23,109979
136,110049,213,24,237,45,225,34,109980
136,110050,38,159,55,177,46,168,109981
136,110051,346,254,368,286,357,270,109982
136,110052,40,88,56,114,48,101,109983
136,110053,476,275,498,300,487,287,109984
136,110054,2,206,18,227,10,216,109985
136,110055,30,272,47,296,38,284,109986
136,110056,273,0,290,29,281,14,109987
136,110057,322,2,339,21,330,11,109988
136,110058,128,0,187,23,157,11,109989
136,110059,586,4,607,22,596,13,109990
136,110060,259,251,280,270,269,260,109991
136,110061,52,17,68,53,60,35,109992
136,110062,132,0,151,12,141,6,109993
136,110063,630,68,639,89,634,78,109994
136,110064,163,0,179,4,171,2,109995
136,110065,523,13,547,35,535,24,109996
136,110066,328,244,350,266,339,255,109997
136,110067,218,0,228,7,223,3,109998
136,110068,403,306,426,326,414,316,109999
136,110069,2,179,18,192,10,185,110000
136,110070,67,21,82,38,74,29,110001
136,110071,247,0,268,13,257,6,110002
136,110072,381,279,401,296,391,287,110003
136,110073,197,74,221,94,209,84,110004
136,110074,380,300,401,315,390,307,110005
136,110075,194,53,211,82,202,67,110006
136,110076,308,116,336,138,322,127,
137,110077,444,0,532,73,488,36,110007
137,110078,539,247,571,273,555,260,110008
137,110079,596,233,621,263,608,248,110009
137,110080,468,183,490,228,479,205,110010
137,110081,597,126,623,165,610,145,110011
137,110082,268,1,345,50,306,25,110012
137,110083,381,121,402,156,391,138,110013
137,110084,528,70,555,96,541,83,110014
137,110085,417,113,441,145,429,129,110015
137,110086,528,162,553,193,540,177,110016
137,110087,60,165,84,185,72,175,110017
137,110088,543,207,577,231,560,219,110018
137,110089,96,167,115,198,105,182,110019
137,110090,361,49,382,70,371,59,110020
137,110091,497,85,521,111,509,98,110021
137,110092,28,236,43,259,35,247,110022
137,110093,208,316,231,346,219,331,110023
137,110094,400,274,421,296,410,285,110024
137,110095,308,128,337,153,322,140,110025
137,110096,300,52,321,85,310,68,110026
137,110097,246,51,267,83,256,67,110027
137,110098,609,0,635,20,622,10,110028
137,110099,306,98,334,118,320,108,110029
137,110100,278,290,302,311,290,300,110030
137,110101,271,75,292,105,281,90,110031
137,110102,501,26,523,57,512,41,110032
137,110103,573,69,609,96,591,82,110033
137,110104,261,178,281,210,271,194,110034
137,110105,446,19,466,50,456,34,110035
137,110106,379,12,406,41,392,26,110036
137,110107,612,46,636,75,624,60,110037
137,110108,294,225,315,251,304,238,110038
137,110109,349,68,379,91,364,79,110039
137,110110,119,89,137,114,128,101,110040
137,110111,391,32,410,62,400,47,110041
137,110112,233,84,256,107,244,95,110042
137,110113,428,273,449,297,438,285,110043
137,110114,39,120,54,146,46,133,110044
137,110115,72,129,88,155,80,142,110045
137,110116,57,97,80,123,68,110,110046
137,110117,229,50,249,73,239,61,110047
137,110118,200,13,220,34,210,23,110048
137,110119,213,24,237,45,225,34,110049
137,110120,38,159,55,177,46,168,110050
137,110121,346,254,368,286,357,270,110051
137,110122,40,88,56,114,48,101,110052
137,110123,476,272,498,299,487,285,110053
137,110124,2,206,18,227,10,216,110054
137,110125,30,272,47,296,38,284,110055
137,110126,273,0,290,29,281,14,110056
137,110127,322,3,339,21,330,12,110057
137,110128,128,0,187,23,157,11,110058
137,110129,586,4,607,22,596,13,110059
137,110130,259,251,280,270,269,260,110060
137,110131,52,17,68,53,60,35,110061
137,110132,132,0,151,12,141,6,110062
137,110133,630,68,639,89,634,78,110063
137,110134,163,0,179,4,171,2,110064
137,110135,523,12,547,35,535,23,110065
137,110136,328,244,350,266,339,255,110066
137,110137,218,0,228,7,223,3,110067
137,110138,403,305,426,326,414,315,110068
137,110139,2,179,18,192,10,185,110069
137,110140,67,21,82,38,74,29,110070
137,110141,247,0,268,13,257,6,110071
137,110142,381,279,400,296,390,287,110072
137,110143,197,74,221,94,209,84,110073
137,110144,380,299,401,315,390,307,110074
137,110145,194,53,212,82,203,67,110075
137,110146,308,115,337,153,322,134,110025
137,110147,308,116,336,136,322,126,110076
138,110148,443,0,532,73,487,36,110077
138,110149,539,247,571,273,555,260,110078
138,110150,596,233,621,263,608,248,110079
138,110151,468,183,490,228,479,205,110080
138,110152,597,126,623,165,610,145,110081
138,110153,268,1,346,49,307,25,110082
138,110154,381,121,402,156,391,138,110083
138,110155,528,70,555,96,541,83,110084
138,110156,417,113,441,145,429,129,110085
138,110157,527,162,553,193,540,177,110086
138,110158,60,165,84,185,72,175,110087
138,110159,543,207,577,231,560,219,110088
138,110160,96,167,115,198,105,182,110089
138,110161,361,49,382,70,371,59,110090
138,110162,497,85,521,111,509,98,110091
138,110163,28,236,43,259,35,247,110092
138,110164,208,316,231,346,219,331,110093
138,110165,399,274,421,295,410,284,110094
138,110166,309,130,337,153,323,141,110095
138,110167,300,52,321,85,310,68,110096
138,110168,246,51,267,83,256,67,110097
138,110169,609,0,635,20,622,10,110098
138,110170,306,98,334,118,320,108,110099
138,110171,278,290,302,311,290,300,110100
138,110172,271,75,292,105,281,90,110101
138,110173,501,25,523,57,512,41,110102
138,110174,573,69,609,96,591,82,110103
138,110175,261,178,281,210,271,194,110104
138,110176,446,19,466,50,456,34,110105
138,110177,379,12,406,41,392,26,110106
138,110178,612,46,636,75,624,60,110107
138,110179,294,225,315,251,304,238,110108
138,110180,349,68,379,91,364,79,110109
138,110181,119,89,137,114,128,101,110110
138,110182,391,32,410,61,400,46,110111
138,110183,233,84,256,107,244,95,110112
138,110184,428,273,449,297,438,285,110113
138,110185,39,120,54,146,46,133,110114
138,110186,72,129,88,155,80,142,110115
138,110187,57,97,80,123,68,110,110116
138,110188,229,50,249,73,239,61,110117
138,110189,200,13,220,34,210,23,110118
138,110190,213,24,237,45,225,34,110119
138,110191,38,159,55,177,46,168,110120
138,110192,346,254,368,286,357,270,110121
138,110193,40,88,56,114,48,101,110122
138,110194,476,270,497,298,486,284,110123
138,110195,2,206,18,227,10,216,110124
138,110196,30,272,47,296,38,284,110125
138,110197,273,0,289,29,281,14,110126
138,110198,322,3,339,21,330,12,110127
138,110199,128,0,187,23,157,11,110128
138,110200,586,4,607,22,596,13,110129
138,110201,258,251,280,270,269,260,110130
138,110202,52,17,68,53,60,35,110131
138,110203,132,0,151,12,141,6,110132
138,110204,630,68,639,89,634,78,110133
138,110205,163,0,179,4,171,2,110134
138,110206,523,12,546,35,534,23,110135
138,110207,328,244,350,266,339,255,110136
138,110208,218,0,228,7,223,3,110137
138,110209,403,306,426,326,414,316,110138
138,110210,2,179,18,192,10,185,110139
138,110211,67,21,82,38,74,29,110140
138,110212,247,0,268,12,257,6,110141
138,110213,381,279,400,295,390,287,110142
138,110214,197,74,221,94,209,84,110143
138,110215,381,298,401,315,391,306,110144
138,110216,195,53,213,82,204,67,110145
138,110217,308,116,337,153,322,134,110095
138,110218,308,116,336,135,322,125,110147
139,110219,443,0,532,73,487,36,110148
139,110220,539,247,571,273,555,260,110149
139,110221,596,233,621,263,608,248,110150
139,110222,468,183,490,228,479,205,110151
139,110223,597,126,623,165,610,145,110152
139,110224,268,1,346,49,307,25,110153
139,110225,381,121,402,156,391,138,110154
139,110226,528,70,555,96,541,83,110155
139,110227,417,113,441,145,429,129,110156
139,110228,527,162,553,193,540,177,110157
139,110229,60,165,84,185,72,175,110158
139,110230,543,207,577,231,560,219,110159
139,110231,96,167,115,198,105,182,110160
139,110232,361,49,382,70,371,59,110161
139,110233,497,85,521,111,509,98,110162
139,110234,28,236,43,259,35,247,110163
139,110235,208,316,231,346,219,331,110164
139,110236,398,274,421,295,409,284,110165
139,110237,308,131,337,153,322,142,110166
139,110238,300,52,321,84,310,68,110167
139,110239,246,51,267,83,256,67,110168
139,110240,609,0,635,20,622,10,110169
139,110241,306,98,334,118,320,108,110170
139,110242,278,290,302,311,290,300,110171
139,110243,271,75,292,105,281,90,110172
139,110244,501,25,523,57,512,41,110173
139,110245,573,69,609,96,591,82,110174
139,110246,261,178,281,210,271,194,110175
139,110247,446,19,466,50,456,34,110176
139,110248,379,12,406,41,392,26,110177
139,110249,612,46,636,75,624,60,110178
139,110250,294,225,315,251,304,238,110179
139,110251,349,68,379,91,364,79,110180
139,110252,119,89,137,114,128,101,110181
139,110253,391,32,410,61,400,46,110182
139,110254,233,84,256,107,244,95,110183
139,110255,428,273,449,297,438,285,110184
139,110256,39,120,54,146,46,133,110185
139,110257,72,129,88,155,80,142,110186
139,110258,57,97,80,123,68,110,110187
139,110259,229,50,249,73,239,61,110188
139,110260,200,13,220,33,210,23,110189
139,110261,213,24,237,45,225,34,110190
139,110262,38,159,55,177,46,168,110191
139,110263,346,254,368,286,357,270,110192
139,110264,40,88,56,114,48,101,110193
139,110265,476,269,497,297,486,283,110194
139,110266,2,206,18,227,10,216,110195
139,110267,30,272,47,296,38,284,110196
139,110268,273,0,289,29,281,14,110197
139,110269,322,2,339,21,330,11,110198
139,110270,128,0,187,22,157,11,110199
139,110271,586,4,607,22,596,13,110200
139,110272,258,251,280,270,269,260,110201
139,110273,52,16,68,53,60,34,110202
139,110274,132,0,151,12,141,6,110203
139,110275,630,68,639,89,634,78,110204
139,110276,163,0,179,4,171,2,110205
139,110277,523,12,546,35,534,23,110206
139,110278,328,244,350,266,339,255,110207
139,110279,218,0,228,7,223,3,110208
139,110280,403,306,426,326,414,316,110209
139,110281,2,179,18,192,10,185,110210
139,110282,67,21,82,38,74,29,110211
139,110283,247,0,268,13,257,6,110212
139,110284,381,279,401,294,391,286,110213
139,110285,197,74,221,94,209,84,110214
139,110286,381,297,401,315,391,306,110215
139,110287,195,53,213,82,204,67,110216
139,110288,308,116,338,153,323,134,110166
139,110289,308,116,336,134,322,125,110218
140,110290,443,0,533,73,488,36,110219
140,110291,539,247,571,274,555,260,110220
140,110292,596,233,621,263,608,248,110221
140,110293,468,183,490,229,479,206,110222
140,110294,597,126,623,165,610,145,110223
140,110295,267,0,345,49,306,24,110224
140,110296,381,121,402,156,391,138,110225
140,110297,528,70,555,96,541,83,110226
140,110298,417,113,442,145,429,129,110227
140,110299,526,162,554,193,540,177,110228
140,110300,60,165,84,185,72,175,110229
140,110301,543,207,577,231,560,219,110230
140,110302,96,167,116,198,106,182,110231
140,110303,361,49,382,70,371,59,110232
140,110304,496,85,520,111,508,98,110233
140,110305,28,236,43,259,35,247,110234
140,110306,208,316,231,345,219,330,110235
140,110307,398,274,421,295,409,284,110236
140,110308,300,52,321,84,310,68,110238
140,110309,246,51,267,83,256,67,110239
140,110310,609,0,635,21,622,10,110240
140,110311,306,98,334,119,320,108,110241
140,110312,278,290,302,311,290,300,110242
140,110313,271,75,291,105,281,90,110243
140,110314,501,26,523,57,512,41,110244
140,110315,573,69,609,96,591,82,110245
140,110316,261,178,281,210,271,194,110246
140,110317,446,19,466,51,456,35,110247
140,110318,379,12,406,41,392,26,110248
140,110319,612,46,636,75,624,60,110249
140,110320,294,225,315,251,304,238,110250
140,110321,349,68,379,91,364,79,110251
140,110322,118,89,137,114,127,101,110252
140,110323,391,32,411,60,401,46,110253
140,110324,233,84,256,107,244,95,110254
140,110325,428,274,449,297,438,285,110255
140,110326,39,120,54,146,46,133,110256
140,110327,72,129,88,155,80,142,110257
140,110328,57,97,80,123,68,110,110258
140,110329,229,50,249,73,239,61,110259
140,110330,200,13,220,34,210,23,110260
140,110331,213,24,237,44,225,34,110261
140,110332,38,159,55,177,46,168,110262
140,110333,346,254,368,285,357,269,110263
140,110334,40,88,56,114,48,101,110264
140,110335,476,267,496,297,486,282,110265
140,110336,3,206,19,226,11,216,110266
140,110337,30,271,48,296,39,283,110267
140,110338,273,0,290,29,281,14,110268
140,110339,322,2,339,21,330,11,110269
140,110340,128,0,187,22,157,11,110270
140,110341,586,4,607,22,596,13,110271
140,110342,258,251,280,269,269,260,110272
140,110343,52,17,68,53,60,35,110273
140,110344,132,0,151,13,141,6,110274
140,110345,630,68,639,89,634,78,110275
140,110346,163,0,178,4,170,2,110276
140,110347,523,12,546,35,534,23,110277
140,110348,328,245,350,266,339,255,110278
140,110349,218,0,228,7,223,3,110279
140,110350,403,305,426,326,414,315,110280
140,110351,67,21,82,39,74,30,110282
140,110352,247,0,268,12,257,6,110283
140,110353,382,279,400,293,391,286,110284
140,110354,197,74,221,94,209,84,110285
140,110355,381,297,402,315,391,306,110286
140,110356,195,53,213,82,204,67,110287
140,110357,308,117,338,153,323,135,110237
141,110358,443,0,533,73,488,36,110290
141,110359,539,247,570,274,554,260,110291
141,110360,596,233,621,263,608,248,110292
141,110361,468,183,490,229,479,206,110293
141,110362,597,126,623,165,610,145,110294
141,110363,267,0,345,49,306,24,110295
141,110364,381,121,402,156,391,138,110296
141,110365,528,70,555,96,541,83,110297
141,110366,417,113,442,145,429,129,110298
141,110367,526,162,554,193,540,177,110299
141,110368,60,165,84,185,72,175,110300
141,110369,543,207,577,231,560,219,110301
141,110370,96,167,116,198,106,182,110302
141,110371,361,49,382,70,371,59,110303
141,110372,496,85,520,111,508,98,110304
141,110373,28,236,43,259,35,247,110305
141,110374,208,316,231,346,219,331,110306
141,110375,398,274,421,295,409,284,110307
141,110376,300,52,321,84,310,68,110308
141,110377,246,51,268,83,257,67,110309
141,110378,609,0,635,21,622,10,110310
141,110379,306,98,334,119,320,108,110311
141,110380,278,290,302,311,290,300,110312
141,110381,271,75,291,105,281,90,110313
141,110382,501,26,523,57,512,41,110314
141,110383,573,69,609,97,591,83,110315
141,110384,261,178,281,210,271,194,110316
141,110385,446,19,466,51,456,35,110317
141,110386,379,12,406,41,392,26,110318
141,110387,612,46,636,75,624,60,110319
141,110388,294,225,315,251,304,238,110320
141,110389,349,68,379,91,364,79,110321
141,110390,118,89,137,114,127,101,110322
141,110391,391,32,411,60,401,46,110323
141,110392,233,84,256,107,244,95,110324
141,110393,427,274,450,297,438,285,110325
141,110394,39,120,54,146,46,133,110326
141,110395,72,129,87,155,79,142,110327
141,110396,57,97,80,123,68,110,110328
141,110397,229,50,249,73,239,61,110329
141,110398,200,13,220,34,210,23,110330
141,110399,213,24,237,44,225,34,110331
141,110400,37,159,55,177,46,168,110332
141,110401,346,254,368,285,357,269,110333
141,110402,40,88,56,114,48,101,110334
141,110403,476,266,496,297,486,281,110335
141,110404,3,206,19,226,11,216,110336
141,110405,30,271,48,296,39,283,110337
141,110406,273,0,290,29,281,14,110338
141,110407,322,2,340,21,331,11,110339
141,110408,128,0,187,22,157,11,110340
141,110409,586,4,607,22,596,13,110341
141,110410,258,251,280,269,269,260,110342
141,110411,52,18,68,53,60,35,110343
141,110412,132,0,151,13,141,6,110344
141,110413,630,68,639,89,634,78,110345
141,110414,163,0,178,4,170,2,110346
141,110415,523,12,546,35,534,23,110347
141,110416,328,245,350,266,339,255,110348
141,110417,217,0,228,7,222,3,110349
141,110418,403,305,425,326,414,315,110350
141,110419,67,21,82,39,74,30,110351
141,110420,246,0,268,12,257,6,110352
141,110421,197,74,220,94,208,84,110354
141,110422,381,296,402,315,391,305,110355
141,110423,195,53,213,82,204,67,110356
141,110424,308,117,338,153,323,135,110357
141,110425,439,0,464,8,451,4,
142,110426,444,0,533,73,488,36,110358
142,110427,539,247,570,274,554,260,110359
142,110428,596,233,621,263,608,248,110360
142,110429,468,183,490,229,479,206,110361
142,110430,597,126,623,165,610,145,110362
142,110431,267,0,345,49,306,24,110363
142,110432,381,121,402,156,391,138,110364
142,110433,528,70,555,96,541,83,110365
142,110434,416,113,442,145,429,129,110366
142,110435,526,162,554,193,540,177,110367
142,110436,60,165,84,185,72,175,110368
142,110437,543,206,577,231,560,218,110369
142,110438,96,167,116,198,106,182,110370
142,110439,361,49,382,70,371,59,110371
142,110440,496,85,520,111,508,98,110372
142,110441,28,236,43,259,35,247,110373
142,110442,208,316,231,346,219,331,110374
142,110443,398,274,421,294,409,284,110375
142,110444,300,52,321,84,310,68,110376
142,110445,246,51,268,83,257,67,110377
142,110446,609,0,635,21,622,10,110378
142,110447,306,98,334,119,320,108,110379
142,110448,278,290,302,311,290,300,110380
142,110449,271,75,291,105,281,90,110381
142,110450,501,26,523,57,512,41,110382
142,110451,573,69,609,97,591,83,110383
142,110452,261,178,281,210,271,194,110384
142,110453,446,19,466,51,456,35,110385
142,110454,379,12,406,41,392,26,110386
142,110455,612,46,636,75,624,60,110387
142,110456,294,225,315,251,304,238,110388
142,110457,349,69,379,91,364,80,110389
142,110458,118,89,137,114,127,101,110390
142,110459,391,32,411,60,401,46,110391
142,110460,233,84,256,107,244,95,110392
142,110461,427,274,449,297,438,285,110393
142,110462,39,120,54,146,46,133,110394
142,110463,72,129,87,155,79,142,110395
142,110464,57,97,80,123,68,110,110396
142,110465,229,50,249,73,239,61,110397
142,110466,200,13,220,34,210,23,110398
142,110467,213,24,237,44,225,34,110399
142,110468,37,159,55,177,46,168,110400
142,110469,346,254,368,285,357,269,110401
142,110470,40,88,56,114,48,101,110402
142,110471,476,265,496,296,486,280,110403
142,110472,3,206,19,225,11,215,110404
142,110473,30,271,48,296,39,283,110405
142,110474,273,0,290,29,281,14,110406
142,110475,322,2,340,21,331,11,110407
142,110476,128,0,187,23,157,11,110408
142,110477,586,4,607,22,596,13,110409
142,110478,258,251,280,269,269,260,110410
142,110479,52,18,68,53,60,35,110411
142,110480,132,0,151,13,141,6,110412
142,110481,630,68,639,89,634,78,110413
142,110482,163,0,178,4,170,2,110414
142,110483,523,12,546,35,534,23,110415
142,110484,328,245,350,266,339,255,110416
142,110485,217,0,228,7,222,3,110417
142,110486,403,305,425,326,414,315,110418
142,110487,67,21,82,39,74,30,110419
142,110488,246,0,268,12,257,6,110420
142,110489,197,74,220,93,208,83,110421
142,110490,381,296,402,315,391,305,110422
142,110491,195,54,213,82,204,68,110423
142,110492,308,117,338,153,323,135,110424
142,110493,439,0,462,8,450,4,110425
143,110494,444,0,533,73,488,36,110426
143,110495,539,247,570,274,554,260,110427
143,110496,596,233,621,263,608,248,110428
143,110497,468,183,490,229,479,206,110429
143,110498,597,126,623,165,610,145,110430
143,110499,267,0,345,49,306,24,110431
143,110500,381,121,402,156,391,138,110432
143,110501,528,70,555,96,541,83,110433
143,110502,416,113,442,145,429,129,110434
143,110503,526,162,554,193,540,177,110435
143,110504,60,165,84,185,72,175,110436
143,110505,543,206,577,231,560,218,110437
143,110506,96,167,116,198,106,182,110438
143,110507,361,49,382,70,371,59,110439
143,110508,496,85,520,111,508,98,110440
143,110509,28,236,43,259,35,247,110441
143,110510,208,316,231,346,219,331,110442
143,110511,398,274,421,294,409,284,110443
143,110512,300,52,321,84,310,68,110444
143,110513,246,51,268,83,257,67,110445
143,110514,609,0,635,21,622,10,110446
143,110515,306,98,334,119,320,108,110447
143,110516,278,290,302,312,290,301,110448
143,110517,271,75,291,105,281,90,110449
143,110518,501,26,523,57,512,41,110450
143,110519,573,69,609,97,591,83,110451
143,110520,261,178,281,210,271,194,110452
143,110521,446,19,466,51,456,35,110453
143,110522,379,12,406,41,392,26,110454
143,110523,612,46,636,75,624,60,110455
143,110524,294,225,315,251,304,238,110456
143,110525,349,69,379,91,364,80,110457
143,110526,118,89,136,114,127,101,110458
143,110527,392,32,411,60,401,46,110459
143,110528,233,84,256,107,244,95,110460
143,110529,427,274,449,297,438,285,110461
143,110530,39,120,54,146,46,133,110462
143,110531,72,129,87,155,79,142,110463
143,110532,57,97,80,123,68,110,110464
143,110533,229,50,249,73,239,61,110465
143,110534,200,13,220,34,210,23,110466
143,110535,213,24,237,44,225,34,110467
143,110536,37,159,55,177,46,168,110468
143,110537,346,254,368,285,357,269,110469
143,110538,40,88,56,114,48,101,110470
143,110539,476,265,496,296,486,280,110471
143,110540,3,206,19,225,11,215,110472
143,110541,30,271,48,296,39,283,110473
143,110542,273,0,290,29,281,14,110474
143,110543,322,2,340,21,331,11,110475
143,110544,128,0,186,23,157,11,110476
143,110545,586,4,607,22,596,13,110477
143,110546,258,251,280,269,269,260,110478
143,110547,52,18,68,53,60,35,110479
143,110548,132,0,151,13,141,6,110480
143,110549,630,68,639,89,634,78,110481
143,110550,163,0,177,4,170,2,110482
143,110551,523,12,546,35,534,23,110483
143,110552,328,245,350,266,339,255,110484
143,110553,217,0,229,7,223,3,110485
143,110554,403,305,425,326,414,315,110486
143,110555,67,21,82,39,74,30,110487
143,110556,246,0,268,11,257,5,110488
143,110557,197,74,220,93,208,83,110489
143,110558,381,295,402,315,391,305,110490
143,110559,195,54,213,82,204,68,110491
143,110560,308,117,338,153,323,135,110492
143,110561,439,0,461,8,450,4,110493
144,110562,444,0,533,73,488,36,110494
144,110563,539,247,570,274,554,260,110495
144,110564,596,233,621,263,608,248,110496
144,110565,468,183,490,229,479,206,110497
144,110566,597,126,623,165,610,145,110498
144,110567,267,1,345,50,306,25,110499
144,110568,381,121,402,156,391,138,110500
144,110569,528,70,555,96,541,83,110501
144,110570,416,113,442,145,429,129,110502
144,110571,527,163,554,193,540,178,110503
144,110572,60,165,84,185,72,175,110504
144,110573,543,206,577,231,560,218,110505
144,110574,96,167,116,198,106,182,110506
144,110575,361,49,382,70,371,59,110507
144,110576,496,85,520,111,508,98,110508
144,110577,28,236,43,259,35,247,110509
144,110578,208,316,231,346,219,331,110510
144,110579,398,274,421,294,409,284,110511
144,110580,300,52,321,84,310,68,110512
144,110581,246,51,267,83,256,67,110513
144,110582,609,0,635,21,622,10,110514
144,110583,306,98,334,119,320,108,110515
144,110584,278,290,302,312,290,301,110516
144,110585,271,75,291,105,281,90,110517
144,110586,500,26,523,57,511,41,110518
144,110587,573,69,609,96,591,82,110519
144,110588,261,178,281,210,271,194,110520
144,110589,446,19,466,51,456,35,110521
144,110590,379,12,406,42,392,27,110522
144,110591,612,46,636,75,624,60,110523
144,110592,293,225,315,251,304,238,110524
144,110593,349,69,379,91,364,80,110525
144,110594,118,89,136,114,127,101,110526
144,110595,392,31,412,59,402,45,110527
144,110596,233,84,256,107,244,95,110528
144,110597,427,274,449,298,438,286,110529
144,110598,39,120,55,146,47,133,110530
144,110599,72,129,87,155,79,142,110531
144,110600,57,97,80,123,68,110,110532
144,110601,229,50,249,73,239,61,110533
144,110602,200,13,220,34,210,23,110534
144,110603,213,24,237,44,225,34,110535
144,110604,37,159,55,177,46,168,110536
144,110605,346,254,368,285,357,269,110537
144,110606,40,88,56,114,48,101,110538
144,110607,475,264,497,295,486,279,110539
144,110608,3,205,20,223,11,214,110540
144,110609,30,271,48,296,39,283,110541
144,110610,273,0,290,29,281,14,110542
144,110611,322,2,340,21,331,11,110543
144,110612,129,0,186,23,157,11,110544
144,110613,586,4,607,22,596,13,110545
144,110614,52,18,68,53,60,35,110547
144,110615,132,0,151,13,141,6,110548
144,110616,630,68,639,89,634,78,110549
144,110617,163,0,177,4,170,2,110550
144,110618,523,13,546,35,534,24,110551
144,110619,328,245,350,266,339,255,110552
144,110620,217,0,229,7,223,3,110553
144,110621,403,305,425,326,414,315,110554
144,110622,67,21,82,39,74,30,110555
144,110623,246,0,267,11,256,5,110556
144,110624,195,74,219,94,207,84,110557
144,110625,195,54,212,80,203,67,110559
144,110626,308,117,338,153,323,135,110560
144,110627,436,0,460,9,448,4,110561
144,110628,2,178,18,193,10,185,
144,110629,382,279,400,293,391,286,
145,110630,444,0,533,73,488,36,110562
145,110631,539,247,570,274,554,260,110563
145,110632,596,233,621,263,608,248,110564
145,110633,468,183,490,229,479,206,110565
145,110634,597,126,623,165,610,145,110566
145,110635,267,1,345,50,306,25,110567
145,110636,381,121,402,156,391,138,110568
145,110637,528,70,555,96,541,83,110569
145,110638,416,113,442,145,429,129,110570
145,110639,528,166,554,193,541,179,110571
145,110640,60,165,84,185,72,175,110572
145,110641,543,206,577,231,560,218,110573
145,110642,96,167,116,198,106,182,110574
145,110643,361,49,382,70,371,59,110575
145,110644,497,86,520,111,508,98,110576
145,110645,28,236,44,259,36,247,110577
145,110646,208,316,231,345,219,330,110578
145,110647,398,274,421,294,409,284,110579
145,110648,300,52,321,84,310,68,110580
145,110649,246,52,267,83,256,67,110581
145,110650,609,0,635,21,622,10,110582
145,110651,306,98,334,119,320,108,110583
145,110652,278,290,302,312,290,301,110584
145,110653,271,75,291,105,281,90,110585
145,110654,500,26,523,57,511,41,110586
145,110655,573,69,609,96,591,82,110587
145,110656,261,178,281,210,271,194,110588
145,110657,446,19,466,51,456,35,110589
145,110658,379,12,406,42,392,27,110590
145,110659,612,46,636,75,624,60,110591
145,110660,293,225,315,251,304,238,110592
145,110661,349,69,380,91,364,80,110593
145,110662,118,89,136,114,127,101,110594
145,110663,392,31,412,59,402,45,110595
145,110664,233,84,256,107,244,95,110596
145,110665,427,274,449,298,438,286,110597
145,110666,39,120,55,146,47,133,110598
145,110667,72,129,87,155,79,142,110599
145,110668,57,97,80,123,68,110,110600
145,110669,229,50,249,73,239,61,110601
145,110670,200,13,220,34,210,23,110602
145,110671,213,24,237,44,225,34,110603
145,110672,37,159,55,177,46,168,110604
145,110673,346,255,367,285,356,270,110605
145,110674,40,88,56,114,48,101,110606
145,110675,475,264,497,294,486,279,110607
145,110676,4,204,20,223,12,213,110608
145,110677,30,271,48,296,39,283,110609
145,110678,273,0,290,29,281,14,110610
145,110679,322,2,340,21,331,11,110611
145,110680,129,0,186,23,157,11,110612
145,110681,586,4,607,22,596,13,110613
145,110682,52,18,68,53,60,35,110614
145,110683,132,0,151,13,141,6,110615
145,110684,630,68,639,90,634,79,110616
145,110685,163,0,177,4,170,2,110617
145,110686,523,14,547,35,535,24,110618
145,110687,328,245,350,266,339,255,110619
145,110688,218,0,229,7,223,3,110620
145,110689,403,305,425,326,414,315,110621
145,110690,67,21,82,39,74,30,110622
145,110691,246,0,267,11,256,5,110623
145,110692,194,74,219,94,206,84,110624
145,110693,195,54,212,79,203,66,110625
145,110694,309,117,338,153,323,135,110626
145,110695,435,0,460,9,447,4,110627
145,110696,432,303,463,321,447,312,
145,110697,526,163,553,175,539,169,
145,110698,2,178,18,193,10,185,110628
145,110699,382,279,400,293,391,286,110629
146,110700,445,0,533,73,489,36,110630
146,110701,539,247,570,274,554,260,110631
146,110702,596,233,621,263,608,248,110632
146,110703,467,183,490,229,478,206,110633
146,110704,597,126,623,165,610,145,110634
146,110705,267,1,345,50,306,25,110635
146,110706,381,121,402,156,391,138,110636
146,110707,528,70,555,96,541,83,110637
146,110708,416,113,442,145,429,129,110638
146,110709,528,168,554,193,541,180,110639
146,110710,60,165,84,185,72,175,110640
146,110711,543,206,577,231,560,218,110641
146,110712,96,167,116,198,106,182,110642
146,110713,361,49,383,70,372,59,110643
146,110714,497,86,520,111,508,98,110644
146,110715,28,236,44,259,36,247,110645
146,110716,208,316,231,345,219,330,110646
146,110717,398,274,421,295,409,284,110647
146,110718,300,52,321,84,310,68,110648
146,110719,246,51,267,83,256,67,110649
146,110720,609,0,635,21,622,10,110650
146,110721,306,98,334,119,320,108,110651
146,110722,278,290,302,312,290,301,110652
146,110723,271,74,291,105,281,89,110653
146,110724,502,26,523,57,512,41,110654
146,110725,573,69,609,96,591,82,110655
146,110726,261,178,281,210,271,194,110656
146,110727,446,19,466,51,456,35,110657
146,110728,379,12,406,42,392,27,110658
146,110729,612,46,636,75,624,60,110659
146,110730,293,225,315,251,304,238,110660
146,110731,349,69,380,91,364,80,110661
146,110732,118,89,136,114,127,101,110662
146,110733,392,30,412,59,402,44,110663
146,110734,233,84,256,107,244,95,110664
146,110735,426,274,450,298,438,286,110665
146,110736,39,120,55,146,47,133,110666
146,110737,72,129,87,155,79,142,110667
146,110738,57,97,80,123,68,110,110668
146,110739,229,50,249,73,239,61,110669
146,110740,200,13,220,34,210,23,110670
146,110741,213,24,237,44,225,34,110671
146,110742,37,159,55,177,46,168,110672
146,110743,346,255,367,285,356,270,110673
146,110744,40,88,56,114,48,101,110674
146,110745,476,263,497,293,486,278,110675
146,110746,4,204,20,222,12,213,110676
146,110747,30,271,48,296,39,283,110677
146,110748,273,0,290,29,281,14,110678
146,110749,322,2,340,21,331,11,110679
146,110750,129,0,186,23,157,11,110680
146,110751,586,4,607,22,596,13,110681
146,110752,52,18,68,53,60,35,110682
146,110753,133,0,151,13,142,6,110683
146,110754,630,68,639,89,634,78,110684
146,110755,163,0,177,4,170,2,110685
146,110756,524,14,547,35,535,24,110686
146,110757,328,245,350,266,339,255,110687
146,110758,218,0,229,7,223,3,110688
146,110759,403,305,425,326,414,315,110689
146,110760,67,21,82,39,74,30,110690
146,110761,246,0,267,10,256,5,110691
146,110762,193,73,218,93,205,83,110692
146,110763,196,54,213,76,204,65,110693
146,110764,309,117,338,153,323,135,110694
146,110765,432,0,461,8,446,4,110695
146,110766,526,163,553,174,539,168,110697
146,110767,2,178,18,193,10,185,110698
146,110768,382,279,400,293,391,286,110699
146,110769,257,252,277,268,267,260,
147,110770,445,0,533,73,489,36,110700
147,110771,539,247,570,274,554,260,110701
147,110772,596,233,621,263,608,248,110702
147,110773,467,183,490,229,478,206,110703
147,110774,597,126,623,165,610,145,110704
147,110775,267,1,345,50,306,25,110705
147,110776,381,121,402,156,391,138,110706
147,110777,528,70,555,96,541,83,110707
147,110778,416,113,442,145,429,129,110708
147,110779,528,167,554,193,541,180,110709
147,110780,60,165,84,185,72,175,110710
147,110781,543,207,577,231,560,219,110711
147,110782,96,167,116,198,106,182,110712
147,110783,361,49,383,70,372,59,110713
147,110784,497,86,520,111,508,98,110714
147,110785,28,236,44,259,36,247,110715
147,110786,208,316,231,345,219,330,110716
147,110787,398,274,421,295,409,284,110717
147,110788,300,52,321,84,310,68,110718
147,110789,246,52,267,82,256,67,110719
147,110790,609,0,635,21,622,10,110720
147,110791,307,98,334,119,320,108,110721
147,110792,278,290,302,312,290,301,110722
147,110793,271,74,291,105,281,89,110723
147,110794,503,26,523,57,513,41,110724
147,110795,573,69,609,96,591,82,110725
147,110796,261,178,281,210,271,194,110726
147,110797,446,19,466,51,456,35,110727
147,110798,379,12,406,42,392,27,110728
147,110799,612,46,636,75,624,60,110729
147,110800,293,225,315,251,304,238,110730
147,110801,349,69,380,91,364,80,110731
147,110802,118,89,136,114,127,101,110732
147,110803,392,30,412,59,402,44,110733
147,110804,233,84,256,107,244,95,110734
147,110805,426,274,450,298,438,286,110735
147,110806,39,120,55,146,47,133,110736
147,110807,72,129,87,155,79,142,110737
147,110808,57,97,80,123,68,110,110738
147,110809,229,50,249,73,239,61,110739
147,110810,200,13,220,34,210,23,110740
147,110811,213,24,237,45,225,34,110741
147,110812,37,159,55,177,46,168,110742
147,110813,346,255,367,284,356,269,110743
147,110814,40,88,56,114,48,101,110744
147,110815,477,262,498,291,487,276,110745
147,110816,4,204,21,222,12,213,110746
147,110817,30,271,48,296,39,283,110747
147,110818,273,0,290,29,281,14,110748
147,110819,322,2,340,21,331,11,110749
147,110820,129,0,186,23,157,11,110750
147,110821,586,4,607,22,596,13,110751
147,110822,52,18,68,53,60,35,110752
147,110823,133,0,151,13,142,6,110753
147,110824,630,67,639,89,634,78,110754
147,110825,163,0,178,4,170,2,110755
147,110826,524,15,547,35,535,25,110756
147,110827,328,244,350,266,339,255,110757
147,110828,218,0,229,7,223,3,110758
147,110829,403,306,425,326,414,316,110759
147,110830,67,21,81,39,74,30,110760
147,110831,246,0,267,10,256,5,110761
147,110832,192,73,216,93,204,83,110762
147,110833,196,54,213,75,204,64,110763
147,110834,310,117,338,153,324,135,110764
147,110835,431,0,462,8,446,4,110765
147,110836,526,163,553,174,539,168,110766
147,110837,2,178,18,193,10,185,110767
147,110838,382,279,400,293,391,286,110768
147,110839,256,253,277,268,266,260,110769
147,110840,583,325,603,346,593,335,
147,110841,431,308,458,323,444,315,
148,110842,445,0,533,74,489,37,110770
148,110843,539,247,570,274,554,260,110771
148,110844,596,233,621,263,608,248,110772
148,110845,467,183,490,229,478,206,110773
148,110846,597,126,623,165,610,145,110774
148,110847,267,1,345,50,306,25,110775
148,110848,381,121,402,156,391,138,110776
148,110849,528,70,555,96,541,83,110777
148,110850,416,113,442,145,429,129,110778
148,110851,528,167,554,193,541,180,110779
148,110852,60,165,84,185,72,175,110780
148,110853,543,207,577,231,560,219,110781
148,110854,96,167,116,198,106,182,110782
148,110855,361,48,383,70,372,59,110783
148,110856,497,86,520,111,508,98,110784
148,110857,28,236,44,259,36,247,110785
148,110858,208,316,231,345,219,330,110786
148,110859,398,274,421,295,409,284,110787
148,110860,300,52,321,84,310,68,110788
148,110861,245,51,268,82,256,66,110789
148,110862,609,0,635,21,622,10,110790
148,110863,307,98,334,119,320,108,110791
148,110864,278,290,302,312,290,301,110792
148,110865,271,74,291,105,281,89,110793
148,110866,503,27,523,57,513,42,110794
148,110867,573,69,609,96,591,82,110795
148,110868,261,178,281,210,271,194,110796
148,110869,446,19,466,50,456,34,110797
148,110870,379,12,406,42,392,27,110798
148,110871,612,46,636,75,624,60,110799
148,110872,293,225,315,251,304,238,110800
148,110873,349,69,380,91,364,80,110801
148,110874,118,89,136,114,127,101,110802
148,110875,392,30,412,59,402,44,110803
148,110876,233,84,256,107,244,95,110804
148,110877,425,274,450,298,437,286,110805
148,110878,39,120,55,146,47,133,110806
148,110879,72,129,87,155,79,142,110807
148,110880,57,97,80,123,68,110,110808
148,110881,229,50,249,73,239,61,110809
148,110882,200,13,220,34,210,23,110810
148,110883,213,24,237,44,225,34,110811
148,110884,37,159,55,177,46,168,110812
148,110885,346,255,367,284,356,269,110813
148,110886,40,88,56,114,48,101,110814
148,110887,477,261,498,290,487,275,110815
148,110888,4,204,21,222,12,213,110816
148,110889,30,271,48,296,39,283,110817
148,110890,273,0,290,29,281,14,110818
148,110891,322,2,340,21,331,11,110819
148,110892,129,0,186,23,157,11,110820
148,110893,586,4,607,22,596,13,110821
148,110894,52,18,68,53,60,35,110822
148,110895,133,0,151,13,142,6,110823
148,110896,630,67,639,89,634,78,110824
148,110897,163,0,178,4,170,2,110825
148,110898,524,15,547,35,535,25,110826
148,110899,328,244,350,266,339,255,110827
148,110900,218,0,229,7,223,3,110828
148,110901,402,306,425,327,413,316,110829
148,110902,67,21,81,39,74,30,110830
148,110903,246,0,267,10,256,5,110831
148,110904,192,73,215,94,203,83,110832
148,110905,196,55,213,75,204,65,110833
148,110906,310,117,338,153,324,135,110834
148,110907,429,0,460,8,444,4,110835
148,110908,526,163,553,174,539,168,110836
148,110909,2,178,18,193,10,185,110837
148,110910,382,279,400,293,391,286,110838
148,110911,583,325,603,346,593,335,110840
148,110912,429,310,457,325,443,317,110841
149,110913,445,0,533,74,489,37,110842
149,110914,539,247,570,274,554,260,110843
149,110915,596,233,621,263,608,248,110844
149,110916,467,183,490,229,478,206,110845
149,110917,597,126,623,165,610,145,110846
149,110918,267,1,345,50,306,25,110847
149,110919,381,121,402,156,391,138,110848
149,110920,528,70,555,96,541,83,110849
149,110921,416,113,442,145,429,129,110850
149,110922,528,169,554,193,541,181,110851
149,110923,60,165,84,185,72,175,110852
149,110924,543,207,577,231,560,219,110853
149,110925,96,167,116,198,106,182,110854
149,110926,361,49,382,70,371,59,110855
149,110927,497,86,520,111,508,98,110856
149,110928,28,236,44,259,36,247,110857
149,110929,208,316,231,345,219,330,110858
149,110930,398,274,421,295,409,284,110859
149,110931,300,52,321,84,310,68,110860
149,110932,245,52,268,82,256,67,110861
149,110933,609,0,635,21,622,10,110862
149,110934,307,98,334,119,320,108,110863
149,110935,278,290,302,312,290,301,110864
149,110936,271,74,291,105,281,89,110865
149,110937,503,27,523,57,513,42,110866
149,110938,573,69,609,96,591,82,110867
149,110939,261,178,281,210,271,194,110868
149,110940,446,19,466,50,456,34,110869
149,110941,379,12,406,42,392,27,110870
149,110942,612,46,636,75,624,60,110871
149,110943,293,225,315,251,304,238,110872
149,110944,349,69,380,91,364,80,110873
149,110945,118,89,136,114,127,101,110874
149,110946,392,30,412,59,402,44,110875
149,110947,233,84,256,107,244,95,110876
149,110948,426,274,450,298,438,286,110877
149,110949,39,120,55,146,47,133,110878
149,110950,72,129,87,155,79,142,110879
149,110951,57,97,80,123,68,110,110880
149,110952,229,50,249,73,239,61,110881
149,110953,200,13,220,34,210,23,110882
149,110954,213,24,237,45,225,34,110883
149,110955,37,159,55,177,46,168,110884
149,110956,346,255,367,284,356,269,110885
149,110957,40,88,56,114,48,101,110886
149,110958,478,260,499,289,488,274,110887
149,110959,5,204,22,222,13,213,110888
149,110960,30,271,48,296,39,283,110889
149,110961,273,0,290,29,281,14,110890
149,110962,322,2,340,21,331,11,110891
149,110963,128,0,186,23,157,11,110892
149,110964,586,4,607,22,596,13,110893
149,110965,52,18,68,53,60,35,110894
149,110966,133,0,151,13,142,6,110895
149,110967,630,67,639,89,634,78,110896
149,110968,163,0,178,4,170,2,110897
149,110969,524,15,547,35,535,25,110898
149,110970,328,244,350,266,339,255,110899
149,110971,217,0,229,7,223,3,110900
149,110972,402,305,425,327,413,316,110901
149,110973,67,21,81,39,74,30,110902
149,110974,247,0,267,11,257,5,110903
149,110975,192,73,214,94,203,83,110904
149,110976,195,55,213,79,204,67,110905
149,110977,312,117,338,153,325,135,110906
149,110978,426,0,457,7,441,3,110907
149,110979,526,163,553,174,539,168,110908
149,110980,2,178,18,192,10,185,110909
149,110981,382,279,400,294,391,286,110910
149,110982,583,325,603,346,593,335,110911
149,110983,426,311,456,325,441,318,110912
150,110984,446,0,533,73,489,36,110913
150,110985,539,247,570,274,554,260,110914
150,110986,596,233,621,263,608,248,110915
150,110987,467,183,490,229,478,206,110916
150,110988,597,126,623,165,610,145,110917
150,110989,268,1,345,50,306,25,110918
150,110990,381,121,402,156,391,138,110919
150,110991,528,70,555,96,541,83,110920
150,110992,416,113,442,145,429,129,110921
150,110993,529,172,553,193,541,182,110922
150,110994,60,165,84,185,72,175,110923
150,110995,543,207,577,231,560,219,110924
150,110996,96,167,116,198,106,182,110925
150,110997,361,49,383,70,372,59,110926
150,110998,497,86,520,111,508,98,110927
150,110999,28,236,44,259,36,247,110928
150,111000,208,316,231,345,219,330,110929
150,111001,399,274,421,295,410,284,110930
150,111002,300,52,321,84,310,68,110931
150,111003,245,52,267,82,256,67,110932
150,111004,609,0,635,21,622,10,110933
150,111005,306,98,334,119,320,108,110934
150,111006,278,290,302,311,290,300,110935
150,111007,271,75,291,105,281,90,110936
150,111008,503,27,523,57,513,42,110937
150,111009,573,69,609,96,591,82,110938
150,111010,261,178,281,210,271,194,110939
150,111011,446,19,465,48,455,33,110940
150,111012,379,12,406,41,392,26,110941
150,111013,612,46,636,75,624,60,110942
150,111014,294,225,315,251,304,238,110943
150,111015,349,69,380,91,364,80,110944
150,111016,118,89,136,114,127,101,110945
150,111017,391,30,412,58,401,44,110946
150,111018,233,84,256,107,244,95,110947
150,111019,425,274,450,298,437,286,110948
150,111020,39,120,55,146,47,133,110949
150,111021,72,129,87,155,79,142,110950
150,111022,57,97,80,123,68,110,110951
150,111023,229,50,249,73,239,61,110952
150,111024,200,13,220,34,210,23,110953
150,111025,213,24,237,44,225,34,110954
150,111026,37,159,55,177,46,168,110955
150,111027,346,254,368,284,357,269,110956
150,111028,40,88,56,114,48,101,110957
150,111029,478,258,500,288,489,273,110958
150,111030,6,205,23,223,14,214,110959
150,111031,30,271,48,296,39,283,110960
150,111032,273,0,290,29,281,14,110961
150,111033,322,2,340,21,331,11,110962
150,111034,128,0,186,23,157,11,110963
150,111035,586,4,607,22,596,13,110964
150,111036,52,18,68,53,60,35,110965
150,111037,133,0,151,13,142,6,110966
150,111038,630,67,639,89,634,78,110967
150,111039,163,0,178,4,170,2,110968
150,111040,524,15,547,35,535,25,110969
150,111041,328,244,350,266,339,255,110970
150,111042,218,0,229,7,223,3,110971
150,111043,401,305,426,327,413,316,110972
150,111044,67,21,81,39,74,30,110973
150,111045,246,0,267,11,256,5,110974
150,111046,191,74,214,94,202,84,110975
150,111047,196,55,213,78,204,66,110976
150,111048,526,163,553,174,539,168,110979
150,111049,2,179,18,192,10,185,110980
150,111050,382,278,400,294,391,286,110981
150,111051,583,325,603,346,593,335,110982
150,111052,425,311,454,326,439,318,110983
150,111053,314,130,338,153,326,141,110977
150,111054,312,116,341,133,326,124,
150,111055,381,298,401,316,391,307,
151,111056,446,0,533,73,489,36,110984
151,111057,539,247,570,274,554,260,110985
151,111058,596,233,621,263,608,248,110986
151,111059,468,183,490,229,479,206,110987
151,111060,597,126,623,165,610,145,110988
151,111061,268,1,345,49,306,25,110989
151,111062,381,121,402,157,391,139,110990
151,111063,528,70,555,96,541,83,110991
151,111064,416,113,442,145,429,129,110992
151,111065,529,174,553,193,541,183,110993
151,111066,60,165,84,185,72,175,110994
151,111067,543,207,577,231,560,219,110995
151,111068,96,167,116,198,106,182,110996
151,111069,361,49,383,70,372,59,110997
151,111070,497,86,520,110,508,98,110998
151,111071,28,236,43,259,35,247,110999
151,111072,208,316,231,345,219,330,111000
151,111073,399,274,421,295,410,284,111001
151,111074,300,52,321,84,310,68,111002
151,111075,245,51,267,82,256,66,111003
151,111076,609,0,635,21,622,10,111004
151,111077,306,98,334,118,320,108,111005
151,111078,278,290,302,311,290,300,111006
151,111079,271,75,292,105,281,90,111007
151,111080,503,27,523,57,513,42,111008
151,111081,573,69,609,96,591,82,111009
151,111082,261,178,281,210,271,194,111010
151,111083,446,19,465,48,455,33,111011
151,111084,379,12,406,41,392,26,111012
151,111085,612,46,636,75,624,60,111013
151,111086,293,225,315,251,304,238,111014
151,111087,349,69,380,91,364,80,111015
151,111088,119,89,136,114,127,101,111016
151,111089,391,30,412,59,401,44,111017
151,111090,233,84,256,107,244,95,111018
151,111091,425,274,450,298,437,286,111019
151,111092,39,120,55,146,47,133,111020
151,111093,72,129,88,155,80,142,111021
151,111094,57,97,80,123,68,110,111022
151,111095,229,50,249,73,239,61,111023
151,111096,200,13,220,34,210,23,111024
151,111097,213,24,237,44,225,34,111025
151,111098,37,159,55,177,46,168,111026
151,111099,346,255,368,284,357,269,111027
151,111100,40,88,56,114,48,101,111028
151,111101,478,258,500,288,489,273,111029
151,111102,6,205,23,224,14,214,111030
151,111103,30,271,48,296,39,283,111031
151,111104,273,0,290,29,281,14,111032
151,111105,322,2,340,21,331,11,111033
151,111106,127,0,187,23,157,11,111034
151,111107,586,4,607,22,596,13,111035
151,111108,52,18,68,53,60,35,111036
151,111109,132,0,151,13,141,6,111037
151,111110,630,67,639,89,634,78,111038
151,111111,164,0,178,4,171,2,111039
151,111112,524,16,547,35,535,25,111040
151,111113,328,245,350,266,339,255,111041
151,111114,218,0,229,7,223,3,111042
151,111115,401,305,426,327,413,316,111043
151,111116,67,21,81,39,74,30,111044
151,111117,247,0,268,11,257,5,111045
151,111118,191,74,214,95,202,84,111046
151,111119,197,55,213,77,205,66,111047
151,111120,526,163,553,174,539,168,111048
151,111121,3,178,18,192,10,185,111049
151,111122,382,278,400,294,391,286,111050
151,111123,582,325,603,346,592,335,111051
151,111124,425,311,454,326,439,318,111052
151,111125,314,130,338,153,326,141,111053
151,111126,312,116,341,133,326,124,111054
152,111127,446,0,533,73,489,36,111056
152,111128,539,247,570,274,554,260,111057
152,111129,596,233,621,263,608,248,111058
152,111130,468,183,490,229,479,206,111059
152,111131,597,127,623,165,610,146,111060
152,111132,268,1,345,49,306,25,111061
152,111133,381,121,402,157,391,139,111062
152,111134,528,70,555,96,541,83,111063
152,111135,416,113,442,145,429,129,111064
152,111136,529,174,554,193,541,183,111065
152,111137,60,165,84,185,72,175,111066
152,111138,543,207,577,231,560,219,111067
152,111139,96,167,116,198,106,182,111068
152,111140,361,49,383,70,372,59,111069
152,111141,496,86,520,111,508,98,111070
152,111142,28,236,43,259,35,247,111071
152,111143,208,316,231,345,219,330,111072
152,111144,399,274,421,295,410,284,111073
152,111145,300,52,321,84,310,68,111074
152,111146,245,52,267,82,256,67,111075
152,111147,609,0,635,21,622,10,111076
152,111148,307,98,336,118,321,108,111077
152,111149,278,290,302,311,290,300,111078
152,111150,271,75,292,105,281,90,111079
152,111151,503,26,523,57,513,41,111080
152,111152,573,69,609,96,591,82,111081
152,111153,261,178,281,210,271,194,111082
152,111154,446,19,465,48,455,33,111083
152,111155,379,12,406,41,392,26,111084
152,111156,612,46,636,75,624,60,111085
152,111157,293,225,315,251,304,238,111086
152,111158,349,69,380,91,364,80,111087
152,111159,119,89,136,114,127,101,111088
152,111160,391,30,412,59,401,44,111089
152,111161,233,84,256,107,244,95,111090
152,111162,425,275,450,298,437,286,111091
152,111163,39,120,55,146,47,133,111092
152,111164,71,129,88,155,79,142,111093
152,111165,57,97,80,123,68,110,111094
152,111166,229,50,249,73,239,61,111095
152,111167,200,13,220,34,210,23,111096
152,111168,213,24,237,44,225,34,111097
152,111169,37,159,55,177,46,168,111098
152,111170,346,254,368,284,357,269,111099
152,111171,40,88,56,114,48,101,111100
152,111172,479,257,500,288,489,272,111101
152,111173,7,206,24,224,15,215,111102
152,111174,30,271,48,296,39,283,111103
152,111175,273,0,289,29,281,14,111104
152,111176,322,2,340,21,331,11,111105
152,111177,127,0,186,22,156,11,111106
152,111178,586,4,607,22,596,13,111107
152,111179,52,18,68,53,60,35,111108
152,111180,132,0,151,13,141,6,111109
152,111181,630,67,639,89,634,78,111110
152,111182,164,0,178,4,171,2,111111
152,111183,524,16,547,35,535,25,111112
152,111184,328,245,350,266,339,255,111113
152,111185,217,0,229,7,223,3,111114
152,111186,401,305,426,327,413,316,111115
152,111187,67,21,81,39,74,30,111116
152,111188,247,0,268,11,257,5,111117
152,111189,189,75,214,96,201,85,111118
152,111190,197,55,212,77,204,66,111119
152,111191,526,163,553,174,539,168,111120
152,111192,3,178,18,192,10,185,111121
152,111193,382,278,400,295,391,286,111122
152,111194,582,325,603,346,592,335,111123
152,111195,425,311,453,326,439,318,111124
152,111196,314,129,338,153,326,141,111125
152,111197,312,115,341,132,326,123,111126
153,111198,446,0,533,73,489,36,111127
153,111199,539,247,570,274,554,260,111128
153,111200,596,233,621,263,608,248,111129
153,111201,468,183,490,229,479,206,111130
153,111202,597,127,623,165,610,146,111131
153,111203,268,1,345,49,306,25,111132
153,111204,381,121,402,156,391,138,111133
153,111205,528,70,555,96,541,83,111134
153,111206,416,113,442,145,429,129,111135
153,111207,529,174,553,193,541,183,111136
153,111208,60,165,84,185,72,175,111137
153,111209,543,207,577,230,560,218,111138
153,111210,96,167,116,198,106,182,111139
153,111211,361,49,383,70,372,59,111140
153,111212,496,85,520,110,508,97,111141
153,111213,28,236,43,259,35,247,111142
153,111214,208,316,231,345,219,330,111143
153,111215,398,274,420,295,409,284,111144
153,111216,300,52,321,84,310,68,111145
153,111217,245,52,267,82,256,67,111146
153,111218,609,0,635,21,622,10,111147
153,111219,278,290,302,311,290,300,111149
153,111220,271,75,292,105,281,90,111150
153,111221,503,26,523,57,513,41,111151
153,111222,573,69,609,96,591,82,111152
153,111223,261,178,281,210,271,194,111153
153,111224,446,19,466,47,456,33,111154
153,111225,379,12,406,41,392,26,111155
153,111226,612,46,636,75,624,60,111156
153,111227,293,225,315,251,304,238,111157
153,111228,349,69,380,91,364,80,111158
153,111229,119,89,136,114,127,101,111159
153,111230,391,30,412,59,401,44,111160
153,111231,233,84,256,107,244,95,111161
153,111232,425,275,450,298,437,286,111162
153,111233,39,120,55,146,47,133,111163
153,111234,71,129,88,155,79,142,111164
153,111235,57,97,80,123,68,110,111165
153,111236,229,50,249,73,239,61,111166
153,111237,200,13,220,34,210,23,111167
153,111238,213,24,237,44,225,34,111168
153,111239,37,159,55,177,46,168,111169
153,111240,347,254,368,284,357,269,111170
153,111241,40,88,56,114,48,101,111171
153,111242,479,257,501,287,490,272,111172
153,111243,8,206,25,225,16,215,111173
153,111244,30,271,48,296,39,283,111174
153,111245,273,0,289,29,281,14,111175
153,111246,322,2,340,21,331,11,111176
153,111247,127,0,187,22,157,11,111177
153,111248,586,4,607,22,596,13,111178
153,111249,52,18,68,53,60,35,111179
153,111250,132,0,151,13,141,6,111180
153,111251,630,67,639,89,634,78,111181
153,111252,164,0,178,4,171,2,111182
153,111253,524,17,547,35,535,26,111183
153,111254,328,245,350,266,339,255,111184
153,111255,218,0,229,7,223,3,111185
153,111256,401,305,426,327,413,316,111186
153,111257,67,21,81,39,74,30,111187
153,111258,247,0,268,11,257,5,111188
153,111259,188,76,213,98,200,87,111189
153,111260,197,55,212,77,204,66,111190
153,111261,526,163,553,174,539,168,111191
153,111262,3,179,18,192,10,185,111192
153,111263,381,279,400,294,390,286,111193
153,111264,582,325,603,346,592,335,111194
153,111265,424,310,452,326,438,318,111195
153,111266,315,129,338,153,326,141,111196
153,111267,310,108,342,132,326,120,111197
154,111268,446,0,533,73,489,36,111198
154,111269,539,247,570,274,554,260,111199
154,111270,596,233,621,263,608,248,111200
154,111271,468,183,490,229,479,206,111201
154,111272,597,127,623,165,610,146,111202
154,111273,268,1,345,49,306,25,111203
154,111274,381,121,402,156,391,138,111204
154,111275,528,70,555,96,541,83,111205
154,111276,416,113,442,145,429,129,111206
154,111277,529,174,553,193,541,183,111207
154,111278,60,165,84,185,72,175,111208
154,111279,543,207,577,230,560,218,111209
154,111280,96,167,116,198,106,182,111210
154,111281,361,49,383,70,372,59,111211
154,111282,496,85,520,110,508,97,111212
154,111283,28,236,43,259,35,247,111213
154,111284,208,316,231,345,219,330,111214
154,111285,398,274,421,295,409,284,111215
154,111286,300,52,321,84,310,68,111216
154,111287,245,52,267,82,256,67,111217
154,111288,609,0,635,21,622,10,111218
154,111289,278,290,302,311,290,300,111219
154,111290,271,75,292,105,281,90,111220
154,111291,503,26,523,57,513,41,111221
154,111292,573,69,609,96,591,82,111222
154,111293,261,178,281,210,271,194,111223
154,111294,447,19,466,46,456,32,111224
154,111295,379,12,406,41,392,26,111225
154,111296,612,46,636,75,624,60,111226
154,111297,293,225,315,251,304,238,111227
154,111298,349,69,380,91,364,80,111228
154,111299,119,89,136,114,127,101,111229
154,111300,391,30,412,59,401,44,111230
154,111301,233,84,256,107,244,95,111231
154,111302,425,275,450,298,437,286,111232
154,111303,39,120,55,146,47,133,111233
154,111304,71,129,88,155,79,142,111234
154,111305,57,97,80,123,68,110,111235
154,111306,229,50,249,73,239,61,111236
154,111307,200,13,220,34,210,23,111237
154,111308,213,24,237,44,225,34,111238
154,111309,37,159,55,177,46,168,111239
154,111310,347,255,368,284,357,269,111240
154,111311,40,88,56,114,48,101,111241
154,111312,479,257,502,286,490,271,111242
154,111313,8,207,26,226,17,216,111243
154,111314,30,271,48,296,39,283,111244
154,111315,273,0,289,29,281,14,111245
154,111316,322,2,340,21,331,11,111246
154,111317,127,0,187,22,157,11,111247
154,111318,586,4,607,22,596,13,111248
154,111319,52,18,68,53,60,35,111249
154,111320,132,0,151,13,141,6,111250
154,111321,630,66,639,89,634,77,111251
154,111322,164,0,178,4,171,2,111252
154,111323,524,17,547,35,535,26,111253
154,111324,328,245,350,266,339,255,111254
154,111325,217,0,229,7,223,3,111255
154,111326,401,305,425,327,413,316,111256
154,111327,67,21,81,39,74,30,111257
154,111328,247,0,268,11,257,5,111258
154,111329,187,78,213,99,200,88,111259
154,111330,197,55,212,79,204,67,111260
154,111331,526,163,553,174,539,168,111261
154,111332,3,179,18,192,10,185,111262
154,111333,381,279,400,294,390,286,111263
154,111334,582,325,603,346,592,335,111264
154,111335,423,310,451,326,437,318,111265
154,111336,315,129,338,153,326,141,111266
154,111337,313,109,344,131,328,120,111267
154,111338,32,351,48,359,40,355,
154,111339,381,299,400,316,390,307,
154,111340,307,98,335,114,321,106,
155,111341,446,0,533,73,489,36,111268
155,111342,539,247,570,274,554,260,111269
155,111343,596,233,621,263,608,248,111270
155,111344,468,183,490,229,479,206,111271
155,111345,597,127,623,165,610,146,111272
155,111346,268,1,345,49,306,25,111273
155,111347,382,121,402,156,392,138,111274
155,111348,528,70,555,96,541,83,111275
155,111349,416,113,442,145,429,129,111276
155,111350,529,172,554,193,541,182,111277
155,111351,60,165,84,185,72,175,111278
155,111352,543,207,577,230,560,218,111279
155,111353,96,167,116,198,106,182,111280
155,111354,361,49,383,70,372,59,111281
155,111355,496,85,520,110,508,97,111282
155,111356,28,236,43,259,35,247,111283
155,111357,208,316,231,345,219,330,111284
155,111358,398,274,421,295,409,284,111285
155,111359,300,52,321,84,310,68,111286
155,111360,245,52,267,82,256,67,111287
155,111361,609,0,635,21,622,10,111288
155,111362,278,290,302,311,290,300,111289
155,111363,271,75,292,105,281,90,111290
155,111364,502,26,523,57,512,41,111291
155,111365,573,69,609,96,591,82,111292
155,111366,261,178,281,210,271,194,111293
155,111367,447,19,466,46,456,32,111294
155,111368,379,12,406,41,392,26,111295
155,111369,612,46,636,75,624,60,111296
155,111370,293,225,315,251,304,238,111297
155,111371,349,69,380,91,364,80,111298
155,111372,119,89,136,114,127,101,111299
155,111373,391,30,411,59,401,44,111300
155,111374,233,84,256,107,244,95,111301
155,111375,425,275,450,298,437,286,111302
155,111376,39,120,55,146,47,133,111303
155,111377,71,129,88,155,79,142,111304
155,111378,57,97,80,123,68,110,111305
155,111379,229,50,249,73,239,61,111306
155,111380,200,13,220,34,210,23,111307
155,111381,213,24,237,44,225,34,111308
155,111382,37,159,55,177,46,168,111309
155,111383,347,255,368,284,357,269,111310
155,111384,40,88,56,114,48,101,111311
155,111385,480,257,502,286,491,271,111312
155,111386,9,207,27,227,18,217,111313
155,111387,30,271,48,296,39,283,111314
155,111388,273,0,289,29,281,14,111315
155,111389,322,2,340,21,331,11,111316
155,111390,127,0,187,22,157,11,111317
155,111391,586,4,607,22,596,13,111318
155,111392,52,18,68,53,60,35,111319
155,111393,132,0,151,13,141,6,111320
155,111394,630,67,639,89,634,78,111321
155,111395,164,0,178,4,171,2,111322
155,111396,524,16,547,35,535,25,111323
155,111397,328,245,350,266,339,255,111324
155,111398,217,0,229,7,223,3,111325
155,111399,401,305,425,327,413,316,111326
155,111400,67,21,81,39,74,30,111327
155,111401,247,0,268,11,257,5,111328
155,111402,187,80,212,102,199,91,111329
155,111403,197,55,212,81,204,68,111330
155,111404,526,163,553,174,539,168,111331
155,111405,3,178,18,192,10,185,111332
155,111406,381,279,400,295,390,287,111333
155,111407,582,325,603,346,592,335,111334
155,111408,423,309,450,326,436,317,111335
155,111409,315,128,338,153,326,140,111336
155,111410,314,108,345,131,329,119,111337
155,111411,32,351,50,359,41,355,111338
155,111412,381,299,400,316,390,307,111339
155,111413,309,100,342,126,325,113,111337
156,111414,446,0,533,73,489,36,111341
156,111415,539,247,570,274,554,260,111342
156,111416,596,233,621,263,608,248,111343
156,111417,468,183,490,229,479,206,111344
156,111418,597,127,623,165,610,146,111345
156,111419,268,1,345,49,306,25,111346
156,111420,382,121,402,156,392,138,111347
156,111421,528,70,555,96,541,83,111348
156,111422,416,113,442,145,429,129,111349
156,111423,529,173,553,193,541,183,111350
156,111424,60,165,84,185,72,175,111351
156,111425,543,207,577,230,560,218,111352
156,111426,96,167,116,198,106,182,111353
156,111427,361,49,383,70,372,59,111354
156,111428,496,85,520,110,508,97,111355
156,111429,28,236,43,259,35,247,111356
156,111430,208,316,231,345,219,330,111357
156,111431,398,274,420,295,409,284,111358
156,111432,300,52,321,84,310,68,111359
156,111433,245,52,267,82,256,67,111360
156,111434,609,0,635,21,622,10,111361
156,111435,278,290,302,311,290,300,111362
156,111436,271,75,292,105,281,90,111363
156,111437,502,26,523,57,512,41,111364
156,111438,573,69,609,96,591,82,111365
156,111439,261,178,281,210,271,194,111366
156,111440,446,19,466,46,456,32,111367
156,111441,379,12,406,41,392,26,111368
156,111442,612,46,636,75,624,60,111369
156,111443,294,225,315,251,304,238,111370
156,111444,349,69,380,91,364,80,111371
156,111445,119,89,136,114,127,101,111372
156,111446,391,30,411,59,401,44,111373
156,111447,233,84,256,107,244,95,111374
156,111448,425,275,450,298,437,286,111375
156,111449,39,120,55,146,47,133,111376
156,111450,71,129,88,155,79,142,111377
156,111451,57,97,80,123,68,110,111378
156,111452,229,50,249,73,239,61,111379
156,111453,200,13,220,34,210,23,111380
156,111454,213,24,237,44,225,34,111381
156,111455,37,159,55,177,46,168,111382
156,111456,347,254,368,284,357,269,111383
156,111457,40,88,56,114,48,101,111384
156,111458,480,256,502,286,491,271,111385
156,111459,10,208,27,228,18,218,111386
156,111460,30,271,48,296,39,283,111387
156,111461,273,0,289,30,281,15,111388
156,111462,322,2,340,21,331,11,111389
156,111463,127,0,187,22,157,11,111390
156,111464,586,4,607,22,596,13,111391
156,111465,52,18,68,53,60,35,111392
156,111466,132,0,151,13,141,6,111393
156,111467,630,67,639,89,634,78,111394
156,111468,164,0,178,4,171,2,111395
156,111469,524,17,547,36,535,26,111396
156,111470,328,245,350,266,339,255,111397
156,111471,217,0,229,7,223,3,111398
156,111472,401,303,425,327,413,315,111399
156,111473,67,21,81,39,74,30,111400
156,111474,247,0,268,12,257,6,111401
156,111475,187,82,212,104,199,93,111402
156,111476,196,55,212,82,204,68,111403
156,111477,526,163,553,174,539,168,111404
156,111478,381,279,401,295,391,287,111406
156,111479,582,324,603,346,592,335,111407
156,111480,315,128,337,153,326,140,111409
156,111481,33,350,49,359,41,354,111411
156,111482,381,299,400,315,390,307,111412
156,111483,309,100,344,129,326,114,111410
157,111484,446,0,533,73,489,36,111414
157,111485,539,247,570,274,554,260,111415
157,111486,596,233,621,263,608,248,111416
157,111487,468,183,490,229,479,206,111417
157,111488,597,127,623,165,610,146,111418
157,111489,268,1,345,49,306,25,111419
157,111490,382,121,402,156,392,138,111420
157,111491,528,70,555,96,541,83,111421
157,111492,416,113,442,145,429,129,111422
157,111493,529,174,553,193,541,183,111423
157,111494,60,165,84,185,72,175,111424
157,111495,543,207,577,230,560,218,111425
157,111496,96,167,116,198,106,182,111426
157,111497,361,49,383,70,372,59,111427
157,111498,496,85,520,110,508,97,111428
157,111499,28,236,43,259,35,247,111429
157,111500,208,316,231,345,219,330,111430
157,111501,398,274,420,295,409,284,111431
157,111502,300,52,321,84,310,68,111432
157,111503,245,52,267,82,256,67,111433
157,111504,609,0,635,21,622,10,111434
157,111505,278,290,302,311,290,300,111435
157,111506,271,75,292,105,281,90,111436
157,111507,502,26,523,57,512,41,111437
157,111508,573,69,609,96,591,82,111438
157,111509,261,178,281,210,271,194,111439
157,111510,446,19,466,46,456,32,111440
157,111511,379,12,406,41,392,26,111441
157,111512,612,46,636,75,624,60,111442
157,111513,294,225,315,251,304,238,111443
157,111514,349,69,380,91,364,80,111444
157,111515,119,89,136,114,127,101,111445
157,111516,391,30,411,59,401,44,111446
157,111517,233,84,256,107,244,95,111447
157,111518,425,275,450,298,437,286,111448
157,111519,39,120,55,146,47,133,111449
157,111520,71,129,88,155,79,142,111450
157,111521,57,97,80,123,68,110,111451
157,111522,229,50,249,73,239,61,111452
157,111523,200,13,220,34,210,23,111453
157,111524,213,24,237,44,225,34,111454
157,111525,37,159,55,177,46,168,111455
157,111526,347,254,368,284,357,269,111456
157,111527,40,88,56,114,48,101,111457
157,111528,480,256,502,286,491,271,111458
157,111529,10,208,27,229,18,218,111459
157,111530,30,271,48,296,39,283,111460
157,111531,273,0,289,30,281,15,111461
157,111532,322,2,340,21,331,11,111462
157,111533,127,0,187,22,157,11,111463
157,111534,586,4,607,22,596,13,111464
157,111535,52,18,68,53,60,35,111465
157,111536,132,0,151,13,141,6,111466
157,111537,630,67,639,89,634,78,111467
157,111538,164,0,178,4,171,2,111468
157,111539,524,17,547,36,535,26,111469
157,111540,328,245,350,266,339,255,111470
157,111541,217,0,229,7,223,3,111471
157,111542,401,302,425,327,413,314,111472
157,111543,67,21,81,39,74,30,111473
157,111544,247,0,268,12,257,6,111474
157,111545,187,83,212,105,199,94,111475
157,111546,196,55,212,83,204,69,111476
157,111547,526,163,553,174,539,168,111477
157,111548,381,279,401,295,391,287,111478
157,111549,582,324,603,346,592,335,111479
157,111550,315,128,337,153,326,140,111480
157,111551,33,350,49,359,41,354,111481
157,111552,381,299,400,315,390,307,111482
157,111553,309,100,345,131,327,115,111483
158,111554,445,0,533,73,489,36,111484
158,111555,539,247,570,274,554,260,111485
158,111556,596,233,621,263,608,248,111486
158,111557,468,183,490,229,479,206,111487
158,111558,597,127,623,165,610,146,111488
158,111559,268,1,345,49,306,25,111489
158,111560,381,121,402,156,391,138,111490
158,111561,528,70,555,96,541,83,111491
158,111562,416,113,442,145,429,129,111492
158,111563,529,174,553,193,541,183,111493
158,111564,60,165,84,185,72,175,111494
158,111565,543,207,577,230,560,218,111495
158,111566,96,167,116,198,106,182,111496
158,111567,361,49,383,70,372,59,111497
158,111568,496,85,520,110,508,97,111498
158,111569,28,236,43,259,35,247,111499
158,111570,208,316,231,345,219,330,111500
158,111571,398,274,420,295,409,284,111501
158,111572,300,52,321,84,310,68,111502
158,111573,245,52,267,82,256,67,111503
158,111574,609,0,635,21,622,10,111504
158,111575,278,290,302,311,290,300,111505
158,111576,271,75,292,105,281,90,111506
158,111577,502,27,523,57,512,42,111507
158,111578,573,69,609,96,591,82,111508
158,111579,261,178,281,210,271,194,111509
158,111580,446,19,466,46,456,32,111510
158,111581,379,12,406,41,392,26,111511
158,111582,612,46,636,75,624,60,111512
158,111583,294,225,315,251,304,238,111513
158,111584,349,69,380,91,364,80,111514
158,111585,119,89,136,114,127,101,111515
158,111586,391,30,411,59,401,44,111516
158,111587,233,84,256,107,244,95,111517
158,111588,425,275,450,298,437,286,111518
158,111589,39,120,55,146,47,133,111519
158,111590,71,129,88,155,79,142,111520
158,111591,57,97,80,123,68,110,111521
158,111592,229,50,249,73,239,61,111522
158,111593,200,13,220,34,210,23,111523
158,111594,213,24,237,44,225,34,111524
158,111595,37,159,55,177,46,168,111525
158,111596,347,254,368,284,357,269,111526
158,111597,40,88,56,114,48,101,111527
158,111598,480,256,502,285,491,270,111528
158,111599,11,209,27,229,19,219,111529
158,111600,30,271,48,296,39,283,111530
158,111601,273,0,289,30,281,15,111531
158,111602,322,2,340,21,331,11,111532
158,111603,127,0,187,22,157,11,111533
158,111604,586,4,607,22,596,13,111534
158,111605,52,18,68,53,60,35,111535
158,111606,132,0,151,13,141,6,111536
158,111607,630,68,639,89,634,78,111537
158,111608,164,0,178,4,171,2,111538
158,111609,524,16,547,36,535,26,111539
158,111610,328,245,350,266,339,255,111540
158,111611,217,0,229,7,223,3,111541
158,111612,401,300,424,327,412,313,111542
158,111613,67,21,81,39,74,30,111543
158,111614,247,0,268,12,257,6,111544
158,111615,187,83,212,106,199,94,111545
158,111616,196,55,212,83,204,69,111546
158,111617,526,163,553,174,539,168,111547
158,111618,381,279,400,295,390,287,111548
158,111619,582,324,604,346,593,335,111549
158,111620,315,128,337,153,326,140,111550
158,111621,35,349,51,359,43,354,111551
158,111622,381,299,400,315,390,307,111552
158,111623,311,102,345,131,328,116,111553
158,111624,317,107,346,130,331,118,111553
159,111625,445,0,533,73,489,36,111554
159,111626,539,247,570,274,554,260,111555
159,111627,596,233,621,263,608,248,111556
159,111628,468,183,490,229,479,206,111557
159,111629,597,127,623,165,610,146,111558
159,111630,268,1,345,49,306,25,111559
159,111631,381,121,402,156,391,138,111560
159,111632,528,70,555,96,541,83,111561
159,111633,416,113,442,145,429,129,111562
159,111634,529,174,553,193,541,183,111563
159,111635,60,165,84,185,72,175,111564
159,111636,543,207,577,230,560,218,111565
159,111637,96,167,116,198,106,182,111566
159,111638,361,49,383,70,372,59,111567
159,111639,496,85,520,110,508,97,111568
159,111640,28,236,43,259,35,247,111569
159,111641,208,316,231,345,219,330,111570
159,111642,398,274,421,295,409,284,111571
159,111643,300,52,321,84,310,68,111572
159,111644,245,52,267,82,256,67,111573
159,111645,609,0,635,21,622,10,111574
159,111646,278,290,302,311,290,300,111575
159,111647,271,75,292,105,281,90,111576
159,111648,502,27,523,57,512,42,111577
159,111649,573,69,609,96,591,82,111578
159,111650,261,178,281,210,271,194,111579
159,111651,446,19,466,46,456,32,111580
159,111652,379,12,406,41,392,26,111581
159,111653,612,46,636,75,624,60,111582
159,111654,294,225,315,251,304,238,111583
159,111655,349,69,380,91,364,80,111584
159,111656,119,89,137,114,128,101,111585
159,111657,391,30,411,59,401,44,111586
159,111658,233,84,256,107,244,95,111587
159,111659,426,275,451,298,438,286,111588
159,111660,39,120,55,146,47,133,111589
159,111661,71,129,88,155,79,142,111590
159,111662,57,98,80,123,68,110,111591
159,111663,229,50,249,73,239,61,111592
159,111664,200,13,220,34,210,23,111593
159,111665,213,24,237,44,225,34,111594
159,111666,37,159,55,177,46,168,111595
159,111667,347,254,368,284,357,269,111596
159,111668,40,88,56,114,48,101,111597
159,111669,480,256,502,284,491,270,111598
159,111670,12,210,28,229,20,219,111599
159,111671,30,271,48,296,39,283,111600
159,111672,273,0,289,30,281,15,111601
159,111673,322,2,340,21,331,11,111602
159,111674,127,0,187,22,157,11,111603
159,111675,586,4,607,22,596,13,111604
159,111676,52,18,68,53,60,35,111605
159,111677,132,0,151,13,141,6,111606
159,111678,630,67,639,89,634,78,111607
159,111679,164,0,178,4,171,2,111608
159,111680,524,16,547,36,535,26,111609
159,111681,328,245,350,266,339,255,111610
159,111682,217,0,229,7,223,3,111611
159,111683,401,300,424,327,412,313,111612
159,111684,67,21,81,39,74,30,111613
159,111685,247,0,268,12,257,6,111614
159,111686,187,83,213,107,200,95,111615
159,111687,195,55,212,84,203,69,111616
159,111688,526,163,553,174,539,168,111617
159,111689,381,279,401,295,391,287,111618
159,111690,582,324,603,346,592,335,111619
159,111691,315,128,337,153,326,140,111620
159,111692,37,349,53,359,45,354,111621
159,111693,381,299,400,315,390,307,111622
159,111694,313,102,345,131,329,116,111623
159,111695,319,107,346,130,332,118,111623
160,111696,445,0,533,73,489,36,111625
160,111697,539,247,570,274,554,260,111626
160,111698,596,233,621,263,608,248,111627
160,111699,468,183,490,229,479,206,111628
160,111700,597,127,623,165,610,146,111629
160,111701,268,1,345,49,306,25,111630
160,111702,381,121,402,156,391,138,111631
160,111703,528,70,555,96,541,83,111632
160,111704,416,113,442,145,429,129,111633
160,111705,529,174,553,193,541,183,111634
160,111706,60,165,84,185,72,175,111635
160,111707,543,207,578,231,560,219,111636
160,111708,96,167,116,198,106,182,111637
160,111709,361,49,383,70,372,59,111638
160,111710,496,85,520,110,508,97,111639
160,111711,28,236,43,259,35,247,111640
160,111712,208,316,231,345,219,330,111641
160,111713,398,274,421,295,409,284,111642
160,111714,300,52,321,84,310,68,111643
160,111715,245,51,267,82,256,66,111644
160,111716,609,0,635,21,622,10,111645
160,111717,278,290,302,311,290,300,111646
160,111718,271,75,292,105,281,90,111647
160,111719,502,27,523,57,512,42,111648
160,111720,573,69,609,96,591,82,111649
160,111721,261,178,281,210,271,194,111650
160,111722,446,19,465,46,455,32,111651
160,111723,379,12,406,41,392,26,111652
160,111724,612,46,636,75,624,60,111653
160,111725,294,225,315,251,304,238,111654
160,111726,349,68,380,91,364,79,111655
160,111727,119,89,137,114,128,101,111656
160,111728,391,30,411,59,401,44,111657
160,111729,233,84,256,107,244,95,111658
160,111730,425,275,451,299,438,287,111659
160,111731,39,120,55,146,47,133,111660
160,111732,71,129,88,155,79,142,111661
160,111733,57,98,80,123,68,110,111662
160,111734,229,50,249,73,239,61,111663
160,111735,200,13,220,34,210,23,111664
160,111736,213,24,237,44,225,34,111665
160,111737,37,159,55,177,46,168,111666
160,111738,348,254,368,284,358,269,111667
160,111739,39,88,56,114,47,101,111668
160,111740,479,255,500,284,489,269,111669
160,111741,13,210,30,230,21,220,111670
160,111742,30,271,48,296,39,283,111671
160,111743,273,0,289,30,281,15,111672
160,111744,322,2,340,21,331,11,111673
160,111745,127,0,187,22,157,11,111674
160,111746,586,4,607,22,596,13,111675
160,111747,52,18,68,53,60,35,111676
160,111748,132,0,151,13,141,6,111677
160,111749,630,67,639,89,634,78,111678
160,111750,164,0,178,4,171,2,111679
160,111751,524,17,547,36,535,26,111680
160,111752,328,245,350,266,339,255,111681
160,111753,217,0,229,7,223,3,111682
160,111754,401,302,424,327,412,314,111683
160,111755,67,21,81,39,74,30,111684
160,111756,247,0,267,12,257,6,111685
160,111757,187,84,213,107,200,95,111686
160,111758,195,55,212,84,203,69,111687
160,111759,526,163,553,174,539,168,111688
160,111760,381,279,400,295,390,287,111689
160,111761,582,324,603,346,592,335,111690
160,111762,315,127,338,153,326,140,111691
160,111763,38,346,53,359,45,352,111692
160,111764,381,299,400,315,390,307,111693
160,111765,310,102,346,130,328,116,111694
160,111766,318,105,346,129,332,117,111694
160,111767,423,302,441,321,432,311,
161,111768,445,0,533,73,489,36,111696
161,111769,539,247,570,273,554,260,111697
161,111770,596,233,621,263,608,248,111698
161,111771,468,183,490,229,479,206,111699
161,111772,597,127,623,165,610,146,111700
161,111773,268,1,345,49,306,25,111701
161,111774,381,121,402,156,391,138,111702
161,111775,528,70,555,96,541,83,111703
161,111776,416,113,442,145,429,129,111704
161,111777,529,174,554,193,541,183,111705
161,111778,60,165,84,185,72,175,111706
161,111779,543,206,578,231,560,218,111707
161,111780,96,167,116,198,106,182,111708
161,111781,361,49,383,70,372,59,111709
161,111782,496,85,519,110,507,97,111710
161,111783,28,236,43,259,35,247,111711
161,111784,208,316,231,345,219,330,111712
161,111785,398,274,421,295,409,284,111713
161,111786,300,52,321,84,310,68,111714
161,111787,245,51,267,82,256,66,111715
161,111788,609,0,635,21,622,10,111716
161,111789,278,290,302,311,290,300,111717
161,111790,271,75,292,105,281,90,111718
161,111791,502,27,523,57,512,42,111719
161,111792,573,69,610,96,591,82,111720
161,111793,261,178,281,210,271,194,111721
161,111794,446,19,465,46,455,32,111722
161,111795,379,12,406,41,392,26,111723
161,111796,612,46,636,75,624,60,111724
161,111797,294,224,315,251,304,237,111725
161,111798,349,69,380,91,364,80,111726
161,111799,119,89,137,114,128,101,111727
161,111800,390,30,411,59,400,44,111728
161,111801,233,84,256,107,244,95,111729
161,111802,425,275,451,299,438,287,111730
161,111803,39,120,55,146,47,133,111731
161,111804,71,129,88,155,79,142,111732
161,111805,57,98,80,123,68,110,111733
161,111806,229,50,249,73,239,61,111734
161,111807,200,13,220,34,210,23,111735
161,111808,213,24,237,44,225,34,111736
161,111809,37,159,55,177,46,168,111737
161,111810,348,254,368,284,358,269,111738
161,111811,39,88,56,114,47,101,111739
161,111812,478,255,499,282,488,268,111740
161,111813,14,211,31,231,22,221,111741
161,111814,30,271,48,296,39,283,111742
161,111815,273,0,289,30,281,15,111743
161,111816,322,2,340,21,331,11,111744
161,111817,127,0,187,22,157,11,111745
161,111818,586,4,607,22,596,13,111746
161,111819,52,17,68,53,60,35,111747
161,111820,132,0,151,13,141,6,111748
161,111821,630,66,639,89,634,77,111749
161,111822,164,0,178,4,171,2,111750
161,111823,524,17,547,36,535,26,111751
161,111824,328,245,350,266,339,255,111752
161,111825,217,0,229,7,223,3,111753
161,111826,401,300,433,327,417,313,111754
161,111827,67,21,81,39,74,30,111755
161,111828,247,0,267,12,257,6,111756
161,111829,188,84,212,107,200,95,111757
161,111830,195,55,212,83,203,69,111758
161,111831,526,164,552,174,539,169,111759
161,111832,381,279,400,295,390,287,111760
161,111833,315,127,338,153,326,140,111762
161,111834,39,344,54,359,46,351,111763
161,111835,381,299,400,314,390,306,111764
161,111836,308,100,347,129,327,114,111765
161,111837,3,178,18,192,10,185,
162,111838,445,0,533,73,489,36,111768
162,111839,539,247,570,273,554,260,111769
162,111840,596,233,621,263,608,248,111770
162,111841,468,183,490,229,479,206,111771
162,111842,597,127,623,165,610,146,111772
162,111843,268,1,345,49,306,25,111773
162,111844,381,121,402,156,391,138,111774
162,111845,528,70,555,96,541,83,111775
162,111846,416,113,442,145,429,129,111776
162,111847,529,174,553,193,541,183,111777
162,111848,60,165,84,185,72,175,111778
162,111849,543,206,578,231,560,218,111779
162,111850,96,167,116,198,106,182,111780
162,111851,361,49,383,70,372,59,111781
162,111852,496,85,519,110,507,97,111782
162,111853,28,236,43,259,35,247,111783
162,111854,208,316,231,344,219,330,111784
162,111855,398,274,420,295,409,284,111785
162,111856,300,52,321,84,310,68,111786
162,111857,245,51,267,82,256,66,111787
162,111858,609,0,635,21,622,10,111788
162,111859,278,290,302,311,290,300,111789
162,111860,271,75,291,105,281,90,111790
162,111861,502,27,523,57,512,42,111791
162,111862,573,69,610,96,591,82,111792
162,111863,261,178,281,210,271,194,111793
162,111864,445,19,464,46,454,32,111794
162,111865,379,12,406,40,392,26,111795
162,111866,612,46,636,75,624,60,111796
162,111867,293,224,315,251,304,237,111797
162,111868,349,69,380,91,364,80,111798
162,111869,119,89,137,114,128,101,111799
162,111870,390,30,411,59,400,44,111800
162,111871,233,84,256,107,244,95,111801
162,111872,426,275,451,299,438,287,111802
162,111873,39,120,55,146,47,133,111803
162,111874,71,129,88,155,79,142,111804
162,111875,57,98,80,123,68,110,111805
162,111876,229,50,249,73,239,61,111806
162,111877,200,13,220,34,210,23,111807
162,111878,213,24,237,44,225,34,111808
162,111879,37,159,55,177,46,168,111809
162,111880,348,254,368,283,358,268,111810
162,111881,39,88,56,114,47,101,111811
162,111882,478,254,498,281,488,267,111812
162,111883,15,212,31,233,23,222,111813
162,111884,30,271,47,296,38,283,111814
162,111885,273,0,289,30,281,15,111815
162,111886,322,2,340,21,331,11,111816
162,111887,128,0,187,22,157,11,111817
162,111888,586,4,607,22,596,13,111818
162,111889,52,17,68,53,60,35,111819
162,111890,132,0,151,13,141,6,111820
162,111891,630,66,639,89,634,77,111821
162,111892,164,0,178,4,171,2,111822
162,111893,524,17,547,36,535,26,111823
162,111894,328,245,350,266,339,255,111824
162,111895,217,0,229,7,223,3,111825
162,111896,401,298,434,327,417,312,111826
162,111897,67,21,81,39,74,30,111827
162,111898,247,0,267,12,257,6,111828
162,111899,188,84,212,107,200,95,111829
162,111900,196,55,212,84,204,69,111830
162,111901,526,164,552,174,539,169,111831
162,111902,381,279,400,295,390,287,111832
162,111903,315,127,337,153,326,140,111833
162,111904,39,341,54,359,46,350,111834
162,111905,381,299,400,314,390,306,111835
162,111906,308,99,338,124,323,111,111836
162,111907,3,178,18,192,10,185,111837
162,111908,324,106,349,129,336,117,
163,111909,445,0,533,73,489,36,111838
163,111910,539,247,570,274,554,260,111839
163,111911,596,233,621,263,608,248,111840
163,111912,468,183,490,229,479,206,111841
163,111913,597,127,623,165,610,146,111842
163,111914,268,1,345,49,306,25,111843
163,111915,381,121,402,156,391,138,111844
163,111916,528,70,555,96,541,83,111845
163,111917,416,113,442,145,429,129,111846
163,111918,529,174,553,193,541,183,111847
163,111919,60,165,84,185,72,175,111848
163,111920,543,206,578,231,560,218,111849
163,111921,96,167,116,198,106,182,111850
163,111922,361,49,383,70,372,59,111851
163,111923,496,85,519,110,507,97,111852
163,111924,28,236,43,259,35,247,111853
163,111925,208,316,231,344,219,330,111854
163,111926,398,274,420,295,409,284,111855
163,111927,300,52,321,84,310,68,111856
163,111928,245,51,267,82,256,66,111857
163,111929,609,0,635,21,622,10,111858
163,111930,278,290,302,311,290,300,111859
163,111931,271,75,291,105,281,90,111860
163,111932,502,27,523,57,512,42,111861
163,111933,573,69,610,96,591,82,111862
163,111934,261,178,281,210,271,194,111863
163,111935,445,19,464,46,454,32,111864
163,111936,379,12,406,40,392,26,111865
163,111937,612,46,636,75,624,60,111866
163,111938,293,224,315,251,304,237,111867
163,111939,349,69,380,91,364,80,111868
163,111940,119,89,137,114,128,101,111869
163,111941,390,30,411,59,400,44,111870
163,111942,233,84,256,107,244,95,111871
163,111943,426,276,452,300,439,288,111872
163,111944,39,120,55,145,47,132,111873
163,111945,71,129,87,155,79,142,111874
163,111946,57,98,80,123,68,110,111875
163,111947,229,50,249,73,239,61,111876
163,111948,200,13,220,34,210,23,111877
163,111949,213,24,237,44,225,34,111878
163,111950,37,159,55,177,46,168,111879
163,111951,348,254,368,283,358,268,111880
163,111952,39,88,56,114,47,101,111881
163,111953,478,253,497,281,487,267,111882
163,111954,15,212,31,233,23,222,111883
163,111955,30,271,47,296,38,283,111884
163,111956,273,0,289,30,281,15,111885
163,111957,322,2,340,21,331,11,111886
163,111958,128,0,187,22,157,11,111887
163,111959,586,4,607,22,596,13,111888
163,111960,52,17,68,53,60,35,111889
163,111961,132,0,151,13,141,6,111890
163,111962,630,66,639,89,634,77,111891
163,111963,164,0,178,4,171,2,111892
163,111964,524,17,547,36,535,26,111893
163,111965,328,245,350,266,339,255,111894
163,111966,217,0,229,7,223,3,111895
163,111967,401,297,434,327,417,312,111896
163,111968,67,21,81,39,74,30,111897
163,111969,247,0,267,12,257,6,111898
163,111970,188,84,212,106,200,95,111899
163,111971,196,55,212,84,204,69,111900
163,111972,526,164,552,174,539,169,111901
163,111973,381,279,400,295,390,287,111902
163,111974,315,127,337,153,326,140,111903
163,111975,39,340,54,360,46,350,111904
163,111976,381,299,400,314,390,306,111905
163,111977,308,99,334,121,321,110,111906
163,111978,3,178,18,192,10,185,111907
163,111979,326,106,350,129,338,117,111908
164,111980,445,0,533,73,489,36,111909
164,111981,539,247,570,273,554,260,111910
164,111982,596,233,621,263,608,248,111911
164,111983,468,183,490,229,479,206,111912
164,111984,597,127,623,165,610,146,111913
164,111985,268,1,345,49,306,25,111914
164,111986,381,121,402,156,391,138,111915
164,111987,528,70,555,96,541,83,111916
164,111988,416,114,442,145,429,129,111917
164,111989,529,173,553,193,541,183,111918
164,111990,60,165,84,185,72,175,111919
164,111991,543,206,578,231,560,218,111920
164,111992,96,167,116,198,106,182,111921
164,111993,361,49,383,70,372,59,111922
164,111994,496,85,519,110,507,97,111923
164,111995,28,236,43,259,35,247,111924
164,111996,208,316,231,344,219,330,111925
164,111997,398,274,420,294,409,284,111926
164,111998,300,52,321,84,310,68,111927
164,111999,245,51,267,82,256,66,111928
164,112000,609,0,635,21,622,10,111929
164,112001,278,290,302,311,290,300,111930
164,112002,271,75,291,105,281,90,111931
164,112003,502,27,523,57,512,42,111932
164,112004,573,69,610,96,591,82,111933
164,112005,261,178,281,210,271,194,111934
164,112006,445,20,464,46,454,33,111935
164,112007,379,12,406,40,392,26,111936
164,112008,612,46,636,75,624,60,111937
164,112009,293,224,315,251,304,237,111938
164,112010,349,69,380,91,364,80,111939
164,112011,119,89,137,114,128,101,111940
164,112012,390,30,411,59,400,44,111941
164,112013,233,84,256,107,244,95,111942
164,112014,426,276,452,300,439,288,111943
164,112015,39,120,55,145,47,132,111944
164,112016,71,129,88,155,79,142,111945
164,112017,57,97,80,123,68,110,111946
164,112018,229,50,249,73,239,61,111947
164,112019,200,13,220,34,210,23,111948
164,112020,213,24,237,44,225,34,111949
164,112021,37,159,55,177,46,168,111950
164,112022,348,254,368,284,358,269,111951
164,112023,39,88,56,114,47,101,111952
164,112024,477,253,497,280,487,266,111953
164,112025,16,212,32,234,24,223,111954
164,112026,30,271,48,296,39,283,111955
164,112027,273,0,289,30,281,15,111956
164,112028,322,2,340,21,331,11,111957
164,112029,128,0,187,22,157,11,111958
164,112030,586,4,607,22,596,13,111959
164,112031,52,17,68,53,60,35,111960
164,112032,132,0,151,13,141,6,111961
164,112033,630,66,639,89,634,77,111962
164,112034,164,0,178,4,171,2,111963
164,112035,524,17,547,36,535,26,111964
164,112036,328,245,350,266,339,255,111965
164,112037,217,0,229,7,223,3,111966
164,112038,400,296,432,327,416,311,111967
164,112039,67,21,81,39,74,30,111968
164,112040,247,0,267,12,257,6,111969
164,112041,188,83,212,106,200,94,111970
164,112042,196,55,212,84,204,69,111971
164,112043,527,164,553,173,540,168,111972
164,112044,381,279,400,295,390,287,111973
164,112045,315,127,337,153,326,140,111974
164,112046,39,339,55,359,47,349,111975
164,112047,381,299,399,314,390,306,111976
164,112048,307,98,333,121,320,109,111977
164,112049,3,178,18,192,10,185,111978
164,112050,328,105,351,128,339,116,111979
165,112051,445,0,533,73,489,36,111980
165,112052,539,247,570,273,554,260,111981
165,112053,596,233,621,263,608,248,111982
165,112054,468,183,490,229,479,206,111983
165,112055,597,127,623,165,610,146,111984
165,112056,268,1,345,49,306,25,111985
165,112057,382,121,402,156,392,138,111986
165,112058,528,70,555,96,541,83,111987
165,112059,416,114,442,146,429,130,111988
165,112060,529,174,553,193,541,183,111989
165,112061,60,165,84,185,72,175,111990
165,112062,543,206,578,231,560,218,111991
165,112063,96,167,116,198,106,182,111992
165,112064,361,49,383,70,372,59,111993
165,112065,496,85,519,110,507,97,111994
165,112066,28,236,43,259,35,247,111995
165,112067,208,316,231,344,219,330,111996
165,112068,398,274,420,294,409,284,111997
165,112069,300,52,321,84,310,68,111998
165,112070,245,51,267,82,256,66,111999
165,112071,609,0,636,21,622,10,112000
165,112072,278,290,302,311,290,300,112001
165,112073,271,75,291,105,281,90,112002
165,112074,502,27,523,57,512,42,112003
165,112075,573,69,610,96,591,82,112004
165,112076,261,178,281,210,271,194,112005
165,112077,445,21,464,47,454,34,112006
165,112078,379,12,406,40,392,26,112007
165,112079,612,46,636,75,624,60,112008
165,112080,293,224,315,251,304,237,112009
165,112081,349,69,380,91,364,80,112010
165,112082,119,89,137,114,128,101,112011
165,112083,390,30,410,59,400,44,112012
165,112084,233,84,256,107,244,95,112013
165,112085,426,276,452,300,439,288,112014
165,112086,38,120,55,145,46,132,112015
165,112087,71,129,88,155,79,142,112016
165,112088,57,97,80,123,68,110,112017
165,112089,229,50,249,73,239,61,112018
165,112090,200,13,220,34,210,23,112019
165,112091,213,24,237,44,225,34,112020
165,112092,37,159,55,177,46,168,112021
165,112093,348,254,368,284,358,269,112022
165,112094,39,88,56,114,47,101,112023
165,112095,478,253,498,279,488,266,112024
165,112096,16,213,33,234,24,223,112025
165,112097,30,271,48,296,39,283,112026
165,112098,273,0,289,30,281,15,112027
165,112099,322,2,340,21,331,11,112028
165,112100,128,0,187,22,157,11,112029
165,112101,586,5,607,22,596,13,112030
165,112102,52,17,68,53,60,35,112031
165,112103,132,0,151,13,141,6,112032
165,112104,630,66,639,89,634,77,112033
165,112105,164,0,178,4,171,2,112034
165,112106,524,16,547,36,535,26,112035
165,112107,328,245,350,266,339,255,112036
165,112108,217,0,229,7,223,3,112037
165,112109,400,295,431,327,415,311,112038
165,112110,67,21,81,39,74,30,112039
165,112111,247,0,267,12,257,6,112040
165,112112,187,83,212,106,199,94,112041
165,112113,196,55,212,83,204,69,112042
165,112114,527,164,553,174,540,169,112043
165,112115,381,279,400,295,390,287,112044
165,112116,315,127,337,153,326,140,112045
165,112117,39,338,55,359,47,348,112046
165,112118,381,299,399,314,390,306,112047
165,112119,307,98,333,121,320,109,112048
165,112120,2,178,18,192,10,185,112049
165,112121,330,103,353,128,341,115,112050
166,112122,445,0,533,73,489,36,112051
166,112123,539,247,570,273,554,260,112052
166,112124,596,233,621,263,608,248,112053
166,112125,468,183,490,229,479,206,112054
166,112126,597,127,623,165,610,146,112055
166,112127,268,1,345,49,306,25,112056
166,112128,382,121,402,156,392,138,112057
166,112129,528,70,555,96,541,83,112058
166,112130,416,114,442,146,429,130,112059
166,112131,529,174,554,193,541,183,112060
166,112132,60,165,84,185,72,175,112061
166,112133,543,207,578,231,560,219,112062
166,112134,96,167,116,198,106,182,112063
166,112135,361,49,383,70,372,59,112064
166,112136,496,85,519,110,507,97,112065
166,112137,28,236,43,259,35,247,112066
166,112138,208,316,231,344,219,330,112067
166,112139,398,274,420,294,409,284,112068
166,112140,300,52,321,84,310,68,112069
166,112141,245,51,267,82,256,66,112070
166,112142,609,0,636,21,622,10,112071
166,112143,278,290,302,311,290,300,112072
166,112144,271,75,291,105,281,90,112073
166,112145,502,27,523,57,512,42,112074
166,112146,573,69,610,96,591,82,112075
166,112147,261,178,281,210,271,194,112076
166,112148,445,22,464,47,454,34,112077
166,112149,379,12,406,40,392,26,112078
166,112150,612,46,636,75,624,60,112079
166,112151,293,223,315,251,304,237,112080
166,112152,349,69,380,91,364,80,112081
166,112153,119,89,137,114,128,101,112082
166,112154,390,30,410,59,400,44,112083
166,112155,232,84,256,107,244,95,112084
166,112156,426,276,452,300,439,288,112085
166,112157,38,120,55,145,46,132,112086
166,112158,71,129,88,155,79,142,112087
166,112159,57,97,80,123,68,110,112088
166,112160,229,50,249,73,239,61,112089
166,112161,200,13,220,34,210,23,112090
166,112162,213,24,237,44,225,34,112091
166,112163,37,159,55,177,46,168,112092
166,112164,348,254,368,284,358,269,112093
166,112165,39,88,56,114,47,101,112094
166,112166,478,254,499,278,488,266,112095
166,112167,17,214,34,234,25,224,112096
166,112168,30,271,48,296,39,283,112097
166,112169,273,0,289,30,281,15,112098
166,112170,322,2,339,21,330,11,112099
166,112171,128,0,187,23,157,11,112100
166,112172,586,5,607,22,596,13,112101
166,112173,52,17,68,53,60,35,112102
166,112174,132,0,151,13,141,6,112103
166,112175,630,66,639,89,634,77,112104
166,112176,164,0,178,4,171,2,112105
166,112177,524,16,547,36,535,26,112106
166,112178,328,245,350,266,339,255,112107
166,112179,217,0,229,7,223,3,112108
166,112180,399,294,430,327,414,310,112109
166,112181,67,21,81,39,74,30,112110
166,112182,247,0,267,12,257,6,112111
166,112183,187,82,211,105,199,93,112112
166,112184,196,55,212,83,204,69,112113
166,112185,527,164,553,174,540,169,112114
166,112186,381,279,400,295,390,287,112115
166,112187,315,127,338,153,326,140,112116
166,112188,40,338,55,359,47,348,112117
166,112189,381,300,399,314,390,307,112118
166,112190,307,98,333,121,320,109,112119
166,112191,2,179,18,192,10,185,112120
166,112192,332,102,355,128,343,115,112121
167,112193,445,0,533,73,489,36,112122
167,112194,539,247,570,273,554,260,112123
167,112195,596,233,621,263,608,248,112124
167,112196,468,183,490,229,479,206,112125
167,112197,597,127,623,165,610,146,112126
167,112198,268,1,345,49,306,25,112127
167,112199,382,121,402,156,392,138,112128
167,112200,529,70,555,96,542,83,112129
167,112201,416,113,442,146,429,129,112130
167,112202,529,174,554,193,541,183,112131
167,112203,60,165,84,185,72,175,112132
167,112204,544,207,578,231,561,219,112133
167,112205,96,167,116,198,106,182,112134
167,112206,361,49,383,70,372,59,112135
167,112207,496,85,519,110,507,97,112136
167,112208,28,236,43,259,35,247,112137
167,112209,208,316,231,344,219,330,112138
167,112210,399,274,421,293,410,283,112139
167,112211,300,52,321,84,310,68,112140
167,112212,245,51,267,82,256,66,112141
167,112213,609,0,636,21,622,10,112142
167,112214,278,290,302,311,290,300,112143
167,112215,271,75,291,105,281,90,112144
167,112216,502,27,523,57,512,42,112145
167,112217,573,69,610,96,591,82,112146
167,112218,261,178,281,210,271,194,112147
167,112219,444,22,464,47,454,34,112148
167,112220,379,12,406,40,392,26,112149
167,112221,612,46,636,75,624,60,112150
167,112222,292,223,315,251,303,237,112151
167,112223,349,69,380,90,364,79,112152
167,112224,119,89,137,114,128,101,112153
167,112225,390,30,410,59,400,44,112154
167,112226,232,84,256,107,244,95,112155
167,112227,426,276,452,300,439,288,112156
167,112228,38,120,55,144,46,132,112157
167,112229,71,129,88,155,79,142,112158
167,112230,57,97,80,123,68,110,112159
167,112231,229,50,249,73,239,61,112160
167,112232,200,13,220,34,210,23,112161
167,112233,213,24,237,44,225,34,112162
167,112234,37,159,55,177,46,168,112163
167,112235,348,254,368,284,358,269,112164
167,112236,39,88,56,114,47,101,112165
167,112237,480,254,501,279,490,266,112166
167,112238,18,215,35,234,26,224,112167
167,112239,30,271,48,296,39,283,112168
167,112240,273,0,289,30,281,15,112169
167,112241,322,2,339,21,330,11,112170
167,112242,127,0,187,23,157,11,112171
167,112243,586,5,607,22,596,13,112172
167,112244,52,17,68,53,60,35,112173
167,112245,132,0,151,13,141,6,112174
167,112246,630,66,639,89,634,77,112175
167,112247,164,0,178,4,171,2,112176
167,112248,524,17,547,35,535,26,112177
167,112249,328,245,350,266,339,255,112178
167,112250,217,0,229,7,223,3,112179
167,112251,399,293,429,327,414,310,112180
167,112252,67,21,81,39,74,30,112181
167,112253,247,0,267,12,257,6,112182
167,112254,186,82,211,104,198,93,112183
167,112255,196,55,212,83,204,69,112184
167,112256,527,163,553,174,540,168,112185
167,112257,381,278,400,295,390,286,112186
167,112258,315,127,338,153,326,140,112187
167,112259,40,338,56,359,48,348,112188
167,112260,381,300,399,315,390,307,112189
167,112261,307,98,333,121,320,109,112190
167,112262,2,179,18,192,10,185,112191
167,112263,334,102,356,128,345,115,112192
167,112264,201,274,221,295,211,284,
168,112265,445,0,533,73,489,36,112193
168,112266,539,247,570,273,554,260,112194
168,112267,596,233,621,263,608,248,112195
168,112268,468,183,490,229,479,206,112196
168,112269,597,127,623,165,610,146,112197
168,112270,268,1,345,49,306,25,112198
168,112271,382,121,402,156,392,138,112199
168,112272,529,70,555,96,542,83,112200
168,112273,416,113,442,146,429,129,112201
168,112274,529,174,554,193,541,183,112202
168,112275,60,165,84,185,72,175,112203
168,112276,544,207,578,231,561,219,112204
168,112277,96,167,116,198,106,182,112205
168,112278,361,49,383,70,372,59,112206
168,112279,496,85,519,110,507,97,112207
168,112280,28,236,43,259,35,247,112208
168,112281,208,316,231,344,219,330,112209
168,112282,399,274,421,293,410,283,112210
168,112283,300,52,321,84,310,68,112211
168,112284,245,52,267,82,256,67,112212
168,112285,609,0,636,21,622,10,112213
168,112286,278,290,302,311,290,300,112214
168,112287,271,75,291,105,281,90,112215
168,112288,502,27,523,57,512,42,112216
168,112289,573,69,610,96,591,82,112217
168,112290,261,178,281,210,271,194,112218
168,112291,444,23,464,47,454,35,112219
168,112292,379,12,406,40,392,26,112220
168,112293,612,46,636,75,624,60,112221
168,112294,292,223,315,251,303,237,112222
168,112295,349,69,380,90,364,79,112223
168,112296,119,89,137,114,128,101,112224
168,112297,390,30,410,59,400,44,112225
168,112298,232,84,256,107,244,95,112226
168,112299,427,276,452,300,439,288,112227
168,112300,37,120,55,142,46,131,112228
168,112301,71,129,88,155,79,142,112229
168,112302,57,97,80,123,68,110,112230
168,112303,229,50,249,73,239,61,112231
168,112304,200,13,220,34,210,23,112232
168,112305,213,24,237,45,225,34,112233
168,112306,37,159,55,177,46,168,112234
168,112307,348,254,368,284,358,269,112235
168,112308,39,88,56,114,47,101,112236
168,112309,481,254,502,279,491,266,112237
168,112310,19,216,36,235,27,225,112238
168,112311,30,271,48,296,39,283,112239
168,112312,273,0,289,30,281,15,112240
168,112313,322,2,339,21,330,11,112241
168,112314,128,0,187,23,157,11,112242
168,112315,586,5,607,22,596,13,112243
168,112316,52,17,68,53,60,35,112244
168,112317,132,0,151,13,141,6,112245
168,112318,630,66,639,89,634,77,112246
168,112319,164,0,178,4,171,2,112247
168,112320,524,17,547,35,535,26,112248
168,112321,328,245,350,266,339,255,112249
168,112322,217,0,229,7,223,3,112250
168,112323,400,302,428,327,414,314,112251
168,112324,67,21,81,39,74,30,112252
168,112325,247,0,267,12,257,6,112253
168,112326,186,80,211,103,198,91,112254
168,112327,196,56,212,82,204,69,112255
168,112328,527,163,553,174,540,168,112256
168,112329,381,278,400,296,390,287,112257
168,112330,315,127,338,153,326,140,112258
168,112331,41,338,57,358,49,348,112259
168,112332,381,300,398,315,389,307,112260
168,112333,307,98,333,121,320,109,112261
168,112334,3,179,18,192,10,185,112262
168,112335,335,101,357,127,346,114,112263
168,112336,201,274,221,295,211,284,112264
169,112337,445,0,533,73,489,36,112265
169,112338,539,247,570,273,554,260,112266
169,112339,596,233,621,263,608,248,112267
169,112340,468,183,490,229,479,206,112268
169,112341,597,127,623,165,610,146,112269
169,112342,268,1,345,49,306,25,112270
169,112343,382,121,402,156,392,138,112271
169,112344,529,70,555,96,542,83,112272
169,112345,416,113,442,146,429,129,112273
169,112346,529,174,554,193,541,183,112274
169,112347,60,165,84,185,72,175,112275
169,112348,544,207,578,231,561,219,112276
169,112349,96,167,116,198,106,182,112277
169,112350,361,49,383,70,372,59,112278
169,112351,496,85,519,110,507,97,112279
169,112352,28,236,43,259,35,247,112280
169,112353,208,316,231,344,219,330,112281
169,112354,399,274,421,293,410,283,112282
169,112355,300,52,321,84,310,68,112283
169,112356,245,52,267,82,256,67,112284
169,112357,609,0,636,21,622,10,112285
169,112358,278,290,302,311,290,300,112286
169,112359,271,75,291,105,281,90,112287
169,112360,502,27,523,57,512,42,112288
169,112361,573,69,610,96,591,82,112289
169,112362,261,178,281,210,271,194,112290
169,112363,444,23,464,47,454,35,112291
169,112364,379,12,406,40,392,26,112292
169,112365,612,46,636,75,624,60,112293
169,112366,292,223,315,251,303,237,112294
169,112367,349,68,380,90,364,79,112295
169,112368,119,89,137,114,128,101,112296
169,112369,390,30,410,59,400,44,112297
169,112370,232,84,256,107,244,95,112298
169,112371,427,276,452,300,439,288,112299
169,112372,37,120,55,142,46,131,112300
169,112373,71,129,88,155,79,142,112301
169,112374,57,97,80,123,68,110,112302
169,112375,229,50,249,73,239,61,112303
169,112376,200,13,220,34,210,23,112304
169,112377,213,24,237,45,225,34,112305
169,112378,37,159,55,177,46,168,112306
169,112379,348,254,368,284,358,269,112307
169,112380,39,88,56,114,47,101,112308
169,112381,481,254,502,279,491,266,112309
169,112382,20,216,36,235,28,225,112310
169,112383,30,271,48,296,39,283,112311
169,112384,273,0,289,30,281,15,112312
169,112385,322,2,339,21,330,11,112313
169,112386,128,0,187,23,157,11,112314
169,112387,586,5,607,22,596,13,112315
169,112388,52,17,68,53,60,35,112316
169,112389,132,0,151,13,141,6,112317
169,112390,630,66,639,89,634,77,112318
169,112391,164,0,178,4,171,2,112319
169,112392,524,17,547,35,535,26,112320
169,112393,328,245,350,267,339,256,112321
169,112394,217,0,229,7,223,3,112322
169,112395,400,306,427,327,413,316,112323
169,112396,67,21,81,39,74,30,112324
169,112397,247,0,267,13,257,6,112325
169,112398,186,80,211,103,198,91,112326
169,112399,196,56,212,82,204,69,112327
169,112400,527,163,553,174,540,168,112328
169,112401,381,278,400,296,390,287,112329
169,112402,315,127,338,153,326,140,112330
169,112403,42,338,57,357,49,347,112331
169,112404,381,300,398,315,389,307,112332
169,112405,307,98,334,121,320,109,112333
169,112406,3,179,18,192,10,185,112334
169,112407,335,101,358,127,346,114,112335
169,112408,201,275,221,295,211,285,112336
169,112409,402,293,428,306,415,299,
170,112410,445,0,533,73,489,36,112337
170,112411,539,247,570,274,554,260,112338
170,112412,596,233,621,263,608,248,112339
170,112413,468,183,490,229,479,206,112340
170,112414,597,127,623,165,610,146,112341
170,112415,268,1,345,49,306,25,112342
170,112416,382,121,402,156,392,138,112343
170,112417,529,70,555,96,542,83,112344
170,112418,416,113,442,145,429,129,112345
170,112419,529,174,554,193,541,183,112346
170,112420,60,165,84,185,72,175,112347
170,112421,544,207,578,231,561,219,112348
170,112422,96,167,116,198,106,182,112349
170,112423,361,49,383,70,372,59,112350
170,112424,496,85,519,110,507,97,112351
170,112425,28,236,43,259,35,247,112352
170,112426,208,316,231,344,219,330,112353
170,112427,399,274,421,293,410,283,112354
170,112428,300,52,321,84,310,68,112355
170,112429,245,52,267,82,256,67,112356
170,112430,609,0,636,21,622,10,112357
170,112431,278,290,302,311,290,300,112358
170,112432,271,75,291,105,281,90,112359
170,112433,502,26,523,57,512,41,112360
170,112434,573,69,610,96,591,82,112361
170,112435,261,178,281,210,271,194,112362
170,112436,444,23,464,47,454,35,112363
170,112437,379,12,406,40,392,26,112364
170,112438,612,46,636,75,624,60,112365
170,112439,292,223,315,251,303,237,112366
170,112440,349,68,380,91,364,79,112367
170,112441,119,89,137,114,128,101,112368
170,112442,390,30,410,59,400,44,112369
170,112443,232,84,256,107,244,95,112370
170,112444,427,276,452,300,439,288,112371
170,112445,36,120,55,141,45,130,112372
170,112446,71,129,88,155,79,142,112373
170,112447,57,97,80,123,68,110,112374
170,112448,229,50,249,73,239,61,112375
170,112449,200,13,220,34,210,23,112376
170,112450,213,24,237,45,225,34,112377
170,112451,37,159,55,177,46,168,112378
170,112452,348,254,368,284,358,269,112379
170,112453,39,88,56,114,47,101,112380
170,112454,482,254,503,278,492,266,112381
170,112455,21,217,37,235,29,226,112382
170,112456,30,271,48,296,39,283,112383
170,112457,273,0,289,29,281,14,112384
170,112458,322,2,340,21,331,11,112385
170,112459,128,0,187,23,157,11,112386
170,112460,586,5,607,22,596,13,112387
170,112461,52,17,68,53,60,35,112388
170,112462,132,0,151,13,141,6,112389
170,112463,630,66,639,89,634,77,112390
170,112464,164,0,178,4,171,2,112391
170,112465,524,15,547,35,535,25,112392
170,112466,328,245,350,267,339,256,112393
170,112467,217,0,229,7,223,3,112394
170,112468,400,306,426,327,413,316,112395
170,112469,67,21,81,39,74,30,112396
170,112470,247,0,267,13,257,6,112397
170,112471,185,78,211,103,198,90,112398
170,112472,197,56,212,82,204,69,112399
170,112473,527,163,553,174,540,168,112400
170,112474,380,278,400,296,390,287,112401
170,112475,315,127,338,153,326,140,112402
170,112476,43,335,58,356,50,345,112403
170,112477,381,300,398,315,389,307,112404
170,112478,307,98,334,121,320,109,112405
170,112479,3,179,18,192,10,185,112406
170,112480,336,102,358,127,347,114,112407
170,112481,201,275,221,295,211,285,112408
170,112482,402,294,428,305,415,299,112409
171,112483,445,0,533,73,489,36,112410
171,112484,539,247,570,274,554,260,112411
171,112485,596,233,621,263,608,248,112412
171,112486,468,183,490,229,479,206,112413
171,112487,597,127,623,165,610,146,112414
171,112488,268,1,345,49,306,25,112415
171,112489,382,121,402,156,392,138,112416
171,112490,529,70,555,96,542,83,112417
171,112491,416,113,442,145,429,129,112418
171,112492,529,174,553,193,541,183,112419
171,112493,60,165,84,185,72,175,112420
171,112494,544,207,578,231,561,219,112421
171,112495,96,167,116,198,106,182,112422
171,112496,361,49,383,70,372,59,112423
171,112497,496,85,519,110,507,97,112424
171,112498,28,236,43,259,35,247,112425
171,112499,208,316,231,344,219,330,112426
171,112500,399,274,421,294,410,284,112427
171,112501,300,52,321,84,310,68,112428
171,112502,245,52,267,82,256,67,112429
171,112503,609,0,636,21,622,10,112430
171,112504,278,290,302,311,290,300,112431
171,112505,271,75,291,105,281,90,112432
171,112506,502,26,523,57,512,41,112433
171,112507,573,69,610,96,591,82,112434
171,112508,261,178,281,210,271,194,112435
171,112509,444,24,464,47,454,35,112436
171,112510,379,12,406,40,392,26,112437
171,112511,612,46,636,75,624,60,112438
171,112512,292,223,315,252,303,237,112439
171,112513,349,69,380,91,364,80,112440
171,112514,119,89,137,114,128,101,112441
171,112515,390,30,410,59,400,44,112442
171,112516,232,84,256,107,244,95,112443
171,112517,427,276,452,300,439,288,112444
171,112518,35,120,55,142,45,131,112445
171,112519,71,129,88,155,79,142,112446
171,112520,57,97,80,123,68,110,112447
171,112521,229,50,249,73,239,61,112448
171,112522,200,13,220,34,210,23,112449
171,112523,213,24,237,45,225,34,112450
171,112524,37,159,55,177,46,168,112451
171,112525,348,254,368,284,358,269,112452
171,112526,39,88,56,114,47,101,112453
171,112527,482,254,504,278,493,266,112454
171,112528,22,218,38,236,30,227,112455
171,112529,30,271,48,296,39,283,112456
171,112530,273,0,289,29,281,14,112457
171,112531,322,2,340,21,331,11,112458
171,112532,128,0,187,23,157,11,112459
171,112533,586,6,607,22,596,14,112460
171,112534,52,17,68,53,60,35,112461
171,112535,132,0,151,13,141,6,112462
171,112536,630,66,639,89,634,77,112463
171,112537,164,0,178,4,171,2,112464
171,112538,524,15,547,35,535,25,112465
171,112539,328,245,350,267,339,256,112466
171,112540,217,0,229,7,223,3,112467
171,112541,399,307,425,327,412,317,112468
171,112542,67,21,81,39,74,30,112469
171,112543,247,0,267,13,257,6,112470
171,112544,185,77,211,103,198,90,112471
171,112545,197,56,212,82,204,69,112472
171,112546,527,163,553,174,540,168,112473
171,112547,380,278,400,295,390,286,112474
171,112548,315,127,338,153,326,140,112475
171,112549,44,333,58,355,51,344,112476
171,112550,381,300,398,315,389,307,112477
171,112551,307,98,334,121,320,109,112478
171,112552,3,179,18,192,10,185,112479
171,112553,336,100,359,126,347,113,112480
171,112554,201,275,221,295,211,285,112481
171,112555,402,294,428,305,415,299,112482
172,112556,444,0,533,73,488,36,112483
172,112557,539,247,570,274,554,260,112484
172,112558,596,233,621,263,608,248,112485
172,112559,468,183,490,229,479,206,112486
172,112560,597,127,623,165,610,146,112487
172,112561,268,1,345,49,306,25,112488
172,112562,382,121,402,156,392,138,112489
172,112563,529,70,555,96,542,83,112490
172,112564,416,113,442,145,429,129,112491
172,112565,529,174,553,193,541,183,112492
172,112566,60,165,84,185,72,175,112493
172,112567,544,207,578,231,561,219,112494
172,112568,96,167,116,198,106,182,112495
172,112569,361,49,383,70,372,59,112496
172,112570,496,85,519,110,507,97,112497
172,112571,28,237,43,259,35,248,112498
172,112572,208,316,231,344,219,330,112499
172,112573,399,274,421,294,410,284,112500
172,112574,300,52,321,84,310,68,112501
172,112575,245,52,267,82,256,67,112502
172,112576,609,0,636,21,622,10,112503
172,112577,278,290,302,311,290,300,112504
172,112578,271,75,291,105,281,90,112505
172,112579,502,26,523,57,512,41,112506
172,112580,573,69,610,96,591,82,112507
172,112581,261,178,281,210,271,194,112508
172,112582,443,24,464,47,453,35,112509
172,112583,379,12,406,40,392,26,112510
172,112584,612,46,636,75,624,60,112511
172,112585,292,223,315,252,303,237,112512
172,112586,349,69,380,91,364,80,112513
172,112587,119,89,137,114,128,101,112514
172,112588,389,31,410,59,399,45,112515
172,112589,233,84,256,107,244,95,112516
172,112590,427,276,452,300,439,288,112517
172,112591,35,120,55,142,45,131,112518
172,112592,71,129,88,155,79,142,112519
172,112593,57,97,80,123,68,110,112520
172,112594,229,50,249,73,239,61,112521
172,112595,200,13,220,34,210,23,112522
172,112596,213,24,237,45,225,34,112523
172,112597,37,159,55,177,46,168,112524
172,112598,348,254,368,284,358,269,112525
172,112599,39,88,56,114,47,101,112526
172,112600,482,255,505,278,493,266,112527
172,112601,22,219,39,237,30,228,112528
172,112602,30,271,48,296,39,283,112529
172,112603,273,0,289,29,281,14,112530
172,112604,322,2,340,21,331,11,112531
172,112605,128,0,187,23,157,11,112532
172,112606,586,6,607,22,596,14,112533
172,112607,52,17,68,53,60,35,112534
172,112608,132,0,151,13,141,6,112535
172,112609,630,67,639,89,634,78,112536
172,112610,164,0,178,4,171,2,112537
172,112611,524,16,547,35,535,25,112538
172,112612,328,245,350,267,339,256,112539
172,112613,217,0,229,7,223,3,112540
172,112614,399,307,425,327,412,317,112541
172,112615,67,21,81,39,74,30,112542
172,112616,247,0,267,13,257,6,112543
172,112617,184,77,211,103,197,90,112544
172,112618,197,56,212,82,204,69,112545
172,112619,527,163,552,174,539,168,112546
172,112620,380,278,400,295,390,286,112547
172,112621,315,127,338,153,326,140,112548
172,112622,44,332,59,354,51,343,112549
172,112623,381,300,398,315,389,307,112550
172,112624,307,98,334,121,320,109,112551
172,112625,3,179,18,192,10,185,112552
172,112626,337,99,361,124,349,111,112553
172,112627,201,275,221,295,211,285,112554
172,112628,402,294,428,305,415,299,112555
173,112629,444,0,533,73,488,36,112556
173,112630,539,247,570,273,554,260,112557
173,112631,596,233,621,263,608,248,112558
173,112632,468,183,490,229,479,206,112559
173,112633,597,127,623,165,610,146,112560
173,112634,268,1,345,49,306,25,112561
173,112635,382,121,402,156,392,138,112562
173,112636,529,70,555,96,542,83,112563
173,112637,416,113,442,145,429,129,112564
173,112638,529,174,553,193,541,183,112565
173,112639,60,165,84,185,72,175,112566
173,112640,544,207,578,231,561,219,112567
173,112641,96,167,116,198,106,182,112568
173,112642,361,49,383,70,372,59,112569
173,112643,496,85,519,110,507,97,112570
173,112644,28,237,43,259,35,248,112571
173,112645,208,316,231,344,219,330,112572
173,112646,399,274,421,294,410,284,112573
173,112647,300,52,321,84,310,68,112574
173,112648,245,52,267,82,256,67,112575
173,112649,609,0,636,21,622,10,112576
173,112650,278,290,302,311,290,300,112577
173,112651,271,75,291,105,281,90,112578
173,112652,502,26,523,57,512,41,112579
173,112653,573,69,610,96,591,82,112580
173,112654,261,178,281,210,271,194,112581
173,112655,443,24,464,47,453,35,112582
173,112656,379,12,406,40,392,26,112583
173,112657,612,46,636,75,624,60,112584
173,112658,292,223,315,252,303,237,112585
173,112659,349,69,380,91,364,80,112586
173,112660,119,89,137,114,128,101,112587
173,112661,389,31,410,59,399,45,112588
173,112662,233,84,256,107,244,95,112589
173,112663,428,276,452,300,440,288,112590
173,112664,35,120,55,142,45,131,112591
173,112665,71,129,88,155,79,142,112592
173,112666,57,97,80,123,68,110,112593
173,112667,229,50,249,73,239,61,112594
173,112668,200,13,220,34,210,23,112595
173,112669,213,24,237,45,225,34,112596
173,112670,37,159,55,177,46,168,112597
173,112671,348,254,368,284,358,269,112598
173,112672,39,88,56,114,47,101,112599
173,112673,482,255,506,278,494,266,112600
173,112674,23,219,40,238,31,228,112601
173,112675,30,271,48,296,39,283,112602
173,112676,273,0,289,28,281,14,112603
173,112677,322,2,339,21,330,11,112604
173,112678,128,0,187,23,157,11,112605
173,112679,586,6,607,22,596,14,112606
173,112680,52,17,68,53,60,35,112607
173,112681,132,0,151,13,141,6,112608
173,112682,630,66,639,89,634,77,112609
173,112683,164,0,178,4,171,2,112610
173,112684,524,16,547,35,535,25,112611
173,112685,328,245,350,267,339,256,112612
173,112686,217,0,229,7,223,3,112613
173,112687,399,307,425,327,412,317,112614
173,112688,67,21,81,39,74,30,112615
173,112689,247,0,267,13,257,6,112616
173,112690,183,77,210,102,196,89,112617
173,112691,197,56,212,82,204,69,112618
173,112692,527,163,552,174,539,168,112619
173,112693,380,277,400,295,390,286,112620
173,112694,315,127,338,153,326,140,112621
173,112695,45,331,58,353,51,342,112622
173,112696,381,299,398,314,389,306,112623
173,112697,307,98,334,121,320,109,112624
173,112698,3,179,18,192,10,185,112625
173,112699,339,95,363,122,351,108,112626
173,112700,201,274,221,295,211,284,112627
173,112701,402,294,428,305,415,299,112628
173,112702,582,325,605,346,593,335,
174,112703,444,0,533,73,488,36,112629
174,112704,539,247,570,273,554,260,112630
174,112705,596,233,621,263,608,248,112631
174,112706,468,183,490,229,479,206,112632
174,112707,597,127,623,165,610,146,112633
174,112708,268,1,345,49,306,25,112634
174,112709,382,121,402,156,392,138,112635
174,112710,529,70,555,96,542,83,112636
174,112711,416,113,442,145,429,129,112637
174,112712,529,174,553,193,541,183,112638
174,112713,60,165,84,185,72,175,112639
174,112714,544,207,578,231,561,219,112640
174,112715,96,167,116,198,106,182,112641
174,112716,361,49,383,70,372,59,112642
174,112717,496,85,519,110,507,97,112643
174,112718,28,237,43,259,35,248,112644
174,112719,208,316,231,344,219,330,112645
174,112720,399,274,421,294,410,284,112646
174,112721,300,52,321,84,310,68,112647
174,112722,245,52,267,82,256,67,112648
174,112723,609,0,636,21,622,10,112649
174,112724,278,290,302,311,290,300,112650
174,112725,271,75,291,105,281,90,112651
174,112726,502,26,523,57,512,41,112652
174,112727,573,69,610,96,591,82,112653
174,112728,261,178,281,210,271,194,112654
174,112729,443,24,465,46,454,35,112655
174,112730,379,12,406,40,392,26,112656
174,112731,612,46,636,75,624,60,112657
174,112732,292,223,315,252,303,237,112658
174,112733,349,69,380,91,364,80,112659
174,112734,119,89,137,114,128,101,112660
174,112735,389,31,410,59,399,45,112661
174,112736,233,84,256,107,244,95,112662
174,112737,428,276,452,300,440,288,112663
174,112738,35,120,55,142,45,131,112664
174,112739,71,129,88,155,79,142,112665
174,112740,57,97,80,123,68,110,112666
174,112741,229,50,249,73,239,61,112667
174,112742,200,13,220,34,210,23,112668
174,112743,213,24,237,44,225,34,112669
174,112744,37,159,55,177,46,168,112670
174,112745,348,254,368,284,358,269,112671
174,112746,39,88,56,114,47,101,112672
174,112747,483,255,507,279,495,267,112673
174,112748,23,219,41,238,32,228,112674
174,112749,30,271,48,296,39,283,112675
174,112750,273,0,289,28,281,14,112676
174,112751,322,2,339,21,330,11,112677
174,112752,127,0,187,23,157,11,112678
174,112753,586,6,607,22,596,14,112679
174,112754,52,17,68,53,60,35,112680
174,112755,132,0,151,13,141,6,112681
174,112756,630,66,639,89,634,77,112682
174,112757,164,0,178,4,171,2,112683
174,112758,524,15,547,35,535,25,112684
174,112759,328,245,350,267,339,256,112685
174,112760,217,0,229,7,223,3,112686
174,112761,399,307,425,328,412,317,112687
174,112762,67,21,81,39,74,30,112688
174,112763,247,0,267,13,257,6,112689
174,112764,183,77,209,101,196,89,112690
174,112765,197,55,212,81,204,68,112691
174,112766,527,163,552,173,539,168,112692
174,112767,380,277,401,295,390,286,112693
174,112768,315,127,338,153,326,140,112694
174,112769,45,330,59,352,52,341,112695
174,112770,381,299,398,314,389,306,112696
174,112771,307,98,334,121,320,109,112697
174,112772,339,93,364,120,351,106,112699
174,112773,201,275,221,295,211,285,112700
174,112774,402,294,428,305,415,299,112701
174,112775,582,325,605,346,593,335,112702
175,112776,444,0,533,74,488,37,112703
175,112777,539,247,570,273,554,260,112704
175,112778,596,233,621,263,608,248,112705
175,112779,468,183,490,229,479,206,112706
175,112780,597,127,623,165,610,146,112707
175,112781,268,1,345,49,306,25,112708
175,112782,382,121,402,156,392,138,112709
175,112783,529,70,555,96,542,83,112710
175,112784,416,113,442,145,429,129,112711
175,112785,529,173,553,193,541,183,112712
175,112786,60,165,84,185,72,175,112713
175,112787,543,207,578,231,560,219,112714
175,112788,96,167,116,198,106,182,112715
175,112789,361,49,383,70,372,59,112716
175,112790,496,85,519,110,507,97,112717
175,112791,28,237,43,259,35,248,112718
175,112792,208,316,231,344,219,330,112719
175,112793,399,273,421,294,410,283,112720
175,112794,300,52,321,84,310,68,112721
175,112795,245,52,267,82,256,67,112722
175,112796,609,0,636,21,622,10,112723
175,112797,278,290,302,311,290,300,112724
175,112798,271,75,291,105,281,90,112725
175,112799,502,26,523,57,512,41,112726
175,112800,573,69,610,96,591,82,112727
175,112801,261,178,281,210,271,194,112728
175,112802,443,24,465,46,454,35,112729
175,112803,379,12,406,40,392,26,112730
175,112804,612,46,636,75,624,60,112731
175,112805,292,223,315,252,303,237,112732
175,112806,349,69,380,91,364,80,112733
175,112807,119,89,137,114,128,101,112734
175,112808,389,31,410,59,399,45,112735
175,112809,233,84,256,107,244,95,112736
175,112810,428,276,452,300,440,288,112737
175,112811,35,120,55,142,45,131,112738
175,112812,71,129,88,155,79,142,112739
175,112813,57,97,80,123,68,110,112740
175,112814,229,50,249,73,239,61,112741
175,112815,200,13,220,34,210,23,112742
175,112816,213,24,237,44,225,34,112743
175,112817,37,159,55,177,46,168,112744
175,112818,348,254,368,284,358,269,112745
175,112819,39,88,56,114,47,101,112746
175,112820,483,255,507,279,495,267,112747
175,112821,24,220,41,238,32,229,112748
175,112822,30,271,48,296,39,283,112749
175,112823,273,0,289,28,281,14,112750
175,112824,322,2,340,21,331,11,112751
175,112825,127,0,187,23,157,11,112752
175,112826,586,6,607,22,596,14,112753
175,112827,52,17,68,53,60,35,112754
175,112828,132,0,151,13,141,6,112755
175,112829,630,66,639,89,634,77,112756
175,112830,164,0,178,4,171,2,112757
175,112831,524,14,547,35,535,24,112758
175,112832,328,245,350,267,339,256,112759
175,112833,217,0,229,7,223,3,112760
175,112834,399,307,425,327,412,317,112761
175,112835,67,21,81,39,74,30,112762
175,112836,247,0,267,13,257,6,112763
175,112837,183,77,209,101,196,89,112764
175,112838,197,55,212,81,204,68,112765
175,112839,527,163,552,173,539,168,112766
175,112840,380,277,401,295,390,286,112767
175,112841,315,127,338,153,326,140,112768
175,112842,45,330,60,351,52,340,112769
175,112843,381,299,398,314,389,306,112770
175,112844,307,98,334,121,320,109,112771
175,112845,340,92,364,120,352,106,112772
175,112846,201,275,221,295,211,285,112773
175,112847,402,294,428,305,415,299,112774
175,112848,582,325,605,346,593,335,112775
175,112849,235,254,256,265,245,259,
176,112850,444,0,533,74,488,37,112776
176,112851,539,247,570,273,554,260,112777
176,112852,596,233,621,263,608,248,112778
176,112853,468,183,490,229,479,206,112779
176,112854,597,127,623,165,610,146,112780
176,112855,268,1,345,49,306,25,112781
176,112856,382,121,402,156,392,138,112782
176,112857,529,70,555,96,542,83,112783
176,112858,416,113,442,145,429,129,112784
176,112859,529,173,554,193,541,183,112785
176,112860,60,165,84,185,72,175,112786
176,112861,543,207,578,231,560,219,112787
176,112862,96,167,116,198,106,182,112788
176,112863,361,49,383,70,372,59,112789
176,112864,496,85,519,110,507,97,112790
176,112865,28,237,43,259,35,248,112791
176,112866,208,316,231,344,219,330,112792
176,112867,399,273,421,294,410,283,112793
176,112868,300,52,321,84,310,68,112794
176,112869,245,52,268,82,256,67,112795
176,112870,609,0,636,21,622,10,112796
176,112871,278,290,302,311,290,300,112797
176,112872,271,75,291,105,281,90,112798
176,112873,502,26,523,57,512,41,112799
176,112874,573,69,610,96,591,82,112800
176,112875,261,178,281,210,271,194,112801
176,112876,443,24,465,46,454,35,112802
176,112877,379,12,406,40,392,26,112803
176,112878,612,46,636,75,624,60,112804
176,112879,292,223,315,252,303,237,112805
176,112880,349,69,380,90,364,79,112806
176,112881,119,89,137,114,128,101,112807
176,112882,389,31,410,59,399,45,112808
176,112883,233,84,256,107,244,95,112809
176,112884,427,276,452,300,439,288,112810
176,112885,35,120,55,142,45,131,112811
176,112886,71,129,88,155,79,142,112812
176,112887,57,97,80,123,68,110,112813
176,112888,229,50,249,73,239,61,112814
176,112889,200,13,220,34,210,23,112815
176,112890,213,24,237,44,225,34,112816
176,112891,37,159,55,177,46,168,112817
176,112892,348,254,368,284,358,269,112818
176,112893,39,88,56,114,47,101,112819
176,112894,484,255,507,279,495,267,112820
176,112895,25,220,42,238,33,229,112821
176,112896,30,271,48,296,39,283,112822
176,112897,273,0,289,28,281,14,112823
176,112898,322,2,340,21,331,11,112824
176,112899,127,0,187,23,157,11,112825
176,112900,586,6,607,22,596,14,112826
176,112901,52,17,68,53,60,35,112827
176,112902,132,0,151,13,141,6,112828
176,112903,630,66,639,89,634,77,112829
176,112904,164,0,178,4,171,2,112830
176,112905,524,14,547,35,535,24,112831
176,112906,328,245,350,267,339,256,112832
176,112907,217,0,229,7,223,3,112833
176,112908,399,307,425,328,412,317,112834
176,112909,67,21,81,39,74,30,112835
176,112910,247,0,267,13,257,6,112836
176,112911,182,76,208,101,195,88,112837
176,112912,197,55,212,81,204,68,112838
176,112913,527,163,552,173,539,168,112839
176,112914,380,277,401,295,390,286,112840
176,112915,315,127,338,153,326,140,112841
176,112916,46,330,60,350,53,340,112842
176,112917,381,299,398,314,389,306,112843
176,112918,307,98,333,121,320,109,112844
176,112919,340,90,364,119,352,104,112845
176,112920,201,275,221,295,211,285,112846
176,112921,401,294,428,305,414,299,112847
176,112922,582,325,605,346,593,335,112848
177,112923,444,0,533,74,488,37,112850
177,112924,539,247,570,273,554,260,112851
177,112925,596,233,621,263,608,248,112852
177,112926,468,183,490,229,479,206,112853
177,112927,597,127,623,165,610,146,112854
177,112928,268,1,345,49,306,25,112855
177,112929,382,121,402,156,392,138,112856
177,112930,529,70,555,96,542,83,112857
177,112931,416,113,442,145,429,129,112858
177,112932,529,173,554,193,541,183,112859
177,112933,60,165,84,185,72,175,112860
177,112934,543,207,578,231,560,219,112861
177,112935,96,167,116,198,106,182,112862
177,112936,361,48,383,70,372,59,112863
177,112937,496,85,519,110,507,97,112864
177,112938,28,237,44,259,36,248,112865
177,112939,208,316,231,344,219,330,112866
177,112940,399,273,421,294,410,283,112867
177,112941,300,52,321,85,310,68,112868
177,112942,245,52,268,82,256,67,112869
177,112943,609,0,635,21,622,10,112870
177,112944,278,290,302,311,290,300,112871
177,112945,271,75,291,105,281,90,112872
177,112946,502,26,523,57,512,41,112873
177,112947,573,69,610,96,591,82,112874
177,112948,261,178,281,210,271,194,112875
177,112949,442,24,465,47,453,35,112876
177,112950,379,12,406,40,392,26,112877
177,112951,612,46,636,75,624,60,112878
177,112952,292,223,315,252,303,237,112879
177,112953,348,69,380,90,364,79,112880
177,112954,119,89,137,114,128,101,112881
177,112955,389,31,410,59,399,45,112882
177,112956,233,84,256,107,244,95,112883
177,112957,428,276,452,300,440,288,112884
177,112958,35,121,55,142,45,131,112885
177,112959,71,129,88,155,79,142,112886
177,112960,57,97,80,123,68,110,112887
177,112961,229,50,249,73,239,61,112888
177,112962,200,13,220,34,210,23,112889
177,112963,213,24,237,44,225,34,112890
177,112964,37,159,55,177,46,168,112891
177,112965,348,255,368,282,358,268,112892
177,112966,39,88,56,114,47,101,112893
177,112967,485,255,508,279,496,267,112894
177,112968,26,220,43,238,34,229,112895
177,112969,30,271,48,296,39,283,112896
177,112970,273,0,289,28,281,14,112897
177,112971,322,3,340,21,331,12,112898
177,112972,127,0,187,23,157,11,112899
177,112973,586,6,607,22,596,14,112900
177,112974,52,17,68,53,60,35,112901
177,112975,132,0,151,13,141,6,112902
177,112976,630,66,639,89,634,77,112903
177,112977,164,0,178,4,171,2,112904
177,112978,524,15,547,35,535,25,112905
177,112979,328,245,350,267,339,256,112906
177,112980,217,0,229,7,223,3,112907
177,112981,399,307,425,328,412,317,112908
177,112982,67,21,81,39,74,30,112909
177,112983,248,0,267,13,257,6,112910
177,112984,182,75,208,100,195,87,112911
177,112985,197,55,212,80,204,67,112912
177,112986,527,163,552,173,539,168,112913
177,112987,380,277,401,295,390,286,112914
177,112988,315,127,337,153,326,140,112915
177,112989,47,328,61,348,54,338,112916
177,112990,381,299,398,314,389,306,112917
177,112991,307,98,333,121,320,109,112918
177,112992,341,89,365,118,353,103,112919
177,112993,201,275,221,295,211,285,112920
177,112994,401,294,428,305,414,299,112921
177,112995,582,325,605,346,593,335,112922
178,112996,443,0,533,74,488,37,112923
178,112997,539,247,570,273,554,260,112924
178,112998,596,233,621,263,608,248,112925
178,112999,468,183,490,229,479,206,112926
178,113000,597,127,623,165,610,146,112927
178,113001,268,1,345,49,306,25,112928
178,113002,382,121,402,156,392,138,112929
178,113003,529,70,555,96,542,83,112930
178,113004,416,113,442,145,429,129,112931
178,113005,529,173,553,192,541,182,112932
178,113006,60,165,84,185,72,175,112933
178,113007,543,207,578,231,560,219,112934
178,113008,96,167,116,198,106,182,112935
178,113009,361,48,383,70,372,59,112936
178,113010,496,85,519,110,507,97,112937
178,113011,28,237,44,259,36,248,112938
178,113012,208,316,231,344,219,330,112939
178,113013,399,273,421,294,410,283,112940
178,113014,300,52,321,85,310,68,112941
178,113015,245,52,268,82,256,67,112942
178,113016,609,0,635,21,622,10,112943
178,113017,278,290,302,311,290,300,112944
178,113018,271,75,291,105,281,90,112945
178,113019,502,26,523,57,512,41,112946
178,113020,573,69,610,96,591,82,112947
178,113021,261,178,281,210,271,194,112948
178,113022,441,24,464,47,452,35,112949
178,113023,379,12,406,40,392,26,112950
178,113024,612,46,636,75,624,60,112951
178,113025,292,223,315,252,303,237,112952
178,113026,348,69,379,89,363,79,112953
178,113027,119,89,137,114,128,101,112954
178,113028,389,31,410,59,399,45,112955
178,113029,233,84,256,107,244,95,112956
178,113030,428,276,452,300,440,288,112957
178,113031,35,121,55,142,45,131,112958
178,113032,71,129,88,155,79,142,112959
178,113033,57,97,80,123,68,110,112960
178,113034,229,50,249,73,239,61,112961
178,113035,200,13,220,34,210,23,112962
178,113036,213,24,237,44,225,34,112963
178,113037,37,159,55,177,46,168,112964
178,113038,348,255,368,282,358,268,112965
178,113039,39,88,56,114,47,101,112966
178,113040,486,255,509,279,497,267,112967
178,113041,27,219,44,237,35,228,112968
178,113042,30,271,48,296,39,283,112969
178,113043,273,0,289,28,281,14,112970
178,113044,322,3,340,21,331,12,112971
178,113045,127,0,187,23,157,11,112972
178,113046,586,6,607,22,596,14,112973
178,113047,52,17,68,53,60,35,112974
178,113048,132,0,151,13,141,6,112975
178,113049,630,66,639,89,634,77,112976
178,113050,164,0,178,4,171,2,112977
178,113051,524,15,547,35,535,25,112978
178,113052,328,245,350,267,339,256,112979
178,113053,217,0,229,7,223,3,112980
178,113054,399,308,425,328,412,318,112981
178,113055,67,21,81,39,74,30,112982
178,113056,248,0,267,13,257,6,112983
178,113057,182,75,208,100,195,87,112984
178,113058,197,55,212,80,204,67,112985
178,113059,527,163,552,173,539,168,112986
178,113060,380,277,401,294,390,285,112987
178,113061,315,127,337,153,326,140,112988
178,113062,48,325,62,347,55,336,112989
178,113063,381,298,398,314,389,306,112990
178,113064,307,98,333,121,320,109,112991
178,113065,342,88,365,116,353,102,112992
178,113066,201,275,221,295,211,285,112993
178,113067,400,294,428,305,414,299,112994
178,113068,582,325,605,346,593,335,112995
179,113069,443,0,533,74,488,37,112996
179,113070,539,247,570,273,554,260,112997
179,113071,596,233,621,263,608,248,112998
179,113072,468,183,490,229,479,206,112999
179,113073,597,127,623,165,610,146,113000
179,113074,268,1,345,49,306,25,113001
179,113075,382,121,402,156,392,138,113002
179,113076,529,70,555,96,542,83,113003
179,113077,416,113,442,145,429,129,113004
179,113078,529,174,554,192,541,183,113005
179,113079,60,165,84,185,72,175,113006
179,113080,543,207,578,231,560,219,113007
179,113081,96,167,116,198,106,182,113008
179,113082,361,48,383,70,372,59,113009
179,113083,496,85,519,110,507,97,113010
179,113084,28,237,44,259,36,248,113011
179,113085,208,316,231,344,219,330,113012
179,113086,399,273,421,294,410,283,113013
179,113087,300,52,321,85,310,68,113014
179,113088,245,52,267,82,256,67,113015
179,113089,609,0,635,21,622,10,113016
179,113090,278,290,302,311,290,300,113017
179,113091,271,75,291,105,281,90,113018
179,113092,502,26,523,57,512,41,113019
179,113093,573,69,610,96,591,82,113020
179,113094,261,178,281,210,271,194,113021
179,113095,439,24,463,47,451,35,113022
179,113096,379,12,406,40,392,26,113023
179,113097,612,46,636,75,624,60,113024
179,113098,292,223,315,252,303,237,113025
179,113099,348,69,379,89,363,79,113026
179,113100,119,89,137,114,128,101,113027
179,113101,389,31,410,59,399,45,113028
179,113102,233,84,256,107,244,95,113029
179,113103,428,276,453,300,440,288,113030
179,113104,35,121,55,142,45,131,113031
179,113105,71,129,88,155,79,142,113032
179,113106,57,97,80,123,68,110,113033
179,113107,229,50,249,73,239,61,113034
179,113108,200,13,220,34,210,23,113035
179,113109,213,24,237,44,225,34,113036
179,113110,37,159,55,177,46,168,113037
179,113111,348,255,368,281,358,268,113038
179,113112,39,88,56,114,47,101,113039
179,113113,486,255,509,278,497,266,113040
179,113114,28,219,45,237,36,228,113041
179,113115,30,271,48,296,39,283,113042
179,113116,273,0,289,28,281,14,113043
179,113117,322,3,340,21,331,12,113044
179,113118,127,0,187,23,157,11,113045
179,113119,586,6,607,22,596,14,113046
179,113120,52,17,68,53,60,35,113047
179,113121,132,0,151,13,141,6,113048
179,113122,630,67,639,88,634,77,113049
179,113123,164,0,178,4,171,2,113050
179,113124,524,16,547,35,535,25,113051
179,113125,328,245,350,267,339,256,113052
179,113126,217,0,229,7,223,3,113053
179,113127,399,308,425,328,412,318,113054
179,113128,67,21,81,39,74,30,113055
179,113129,248,0,267,13,257,6,113056
179,113130,182,75,208,100,195,87,113057
179,113131,196,55,212,81,204,68,113058
179,113132,527,163,552,174,539,168,113059
179,113133,380,277,400,294,390,285,113060
179,113134,315,128,337,153,326,140,113061
179,113135,48,322,63,345,55,333,113062
179,113136,381,297,398,314,389,305,113063
179,113137,307,98,334,121,320,109,113064
179,113138,342,87,366,115,354,101,113065
179,113139,201,275,222,295,211,285,113066
179,113140,400,294,428,305,414,299,113067
179,113141,583,326,605,346,594,336,113068
179,113142,541,315,568,329,554,322,
180,113143,443,0,533,74,488,37,113069
180,113144,539,247,570,273,554,260,113070
180,113145,596,233,621,263,608,248,113071
180,113146,468,183,490,229,479,206,113072
180,113147,597,127,623,165,610,146,113073
180,113148,268,1,345,49,306,25,113074
180,113149,381,121,402,156,391,138,113075
180,113150,529,70,555,96,542,83,113076
180,113151,416,113,442,145,429,129,113077
180,113152,529,174,554,192,541,183,113078
180,113153,60,165,84,185,72,175,113079
180,113154,543,207,578,231,560,219,113080
180,113155,96,167,116,198,106,182,113081
180,113156,361,48,383,70,372,59,113082
180,113157,496,85,519,110,507,97,113083
180,113158,28,237,44,259,36,248,113084
180,113159,208,316,231,344,219,330,113085
180,113160,399,273,421,294,410,283,113086
180,113161,300,52,321,85,310,68,113087
180,113162,245,52,267,82,256,67,113088
180,113163,609,0,635,21,622,10,113089
180,113164,278,290,302,311,290,300,113090
180,113165,271,75,291,105,281,90,113091
180,113166,502,27,523,57,512,42,113092
180,113167,573,69,610,96,591,82,113093
180,113168,261,178,281,210,271,194,113094
180,113169,437,24,463,47,450,35,113095
180,113170,379,12,406,40,392,26,113096
180,113171,612,46,636,75,624,60,113097
180,113172,292,223,315,252,303,237,113098
180,113173,348,69,379,89,363,79,113099
180,113174,119,89,137,114,128,101,113100
180,113175,389,31,410,59,399,45,113101
180,113176,233,84,256,107,244,95,113102
180,113177,428,276,454,300,441,288,113103
180,113178,35,121,55,142,45,131,113104
180,113179,71,129,88,155,79,142,113105
180,113180,57,97,80,123,68,110,113106
180,113181,229,50,249,73,239,61,113107
180,113182,200,13,220,33,210,23,113108
180,113183,213,24,237,44,225,34,113109
180,113184,37,159,55,177,46,168,113110
180,113185,348,255,368,281,358,268,113111
180,113186,40,88,56,114,48,101,113112
180,113187,485,255,510,278,497,266,113113
180,113188,28,219,45,237,36,228,113114
180,113189,30,271,48,296,39,283,113115
180,113190,273,0,289,28,281,14,113116
180,113191,322,2,340,21,331,11,113117
180,113192,127,0,187,23,157,11,113118
180,113193,586,6,607,22,596,14,113119
180,113194,52,18,68,53,60,35,113120
180,113195,132,0,151,13,141,6,113121
180,113196,630,67,639,88,634,77,113122
180,113197,164,0,178,4,171,2,113123
180,113198,524,16,547,35,535,25,113124
180,113199,328,245,350,267,339,256,113125
180,113200,217,0,229,7,223,3,113126
180,113201,399,308,425,328,412,318,113127
180,113202,67,21,81,39,74,30,113128
180,113203,248,0,267,13,257,6,113129
180,113204,182,75,208,101,195,88,113130
180,113205,196,55,212,81,204,68,113131
180,113206,527,163,553,174,540,168,113132
180,113207,380,277,400,294,390,285,113133
180,113208,315,128,337,153,326,140,113134
180,113209,49,321,63,344,56,332,113135
180,113210,381,297,399,314,390,305,113136
180,113211,307,98,334,121,320,109,113137
180,113212,343,87,366,114,354,100,113138
180,113213,201,275,221,295,211,285,113139
180,113214,400,294,428,306,414,300,113140
180,113215,583,326,605,346,594,336,113141
180,113216,542,314,570,328,556,321,113142
181,113217,443,0,533,74,488,37,113143
181,113218,539,247,570,273,554,260,113144
181,113219,596,233,621,263,608,248,113145
181,113220,468,183,490,229,479,206,113146
181,113221,597,127,623,165,610,146,113147
181,113222,268,1,345,49,306,25,113148
181,113223,381,121,402,156,391,138,113149
181,113224,529,70,555,96,542,83,113150
181,113225,416,113,442,145,429,129,113151
181,113226,529,174,553,193,541,183,113152
181,113227,60,165,84,185,72,175,113153
181,113228,543,206,577,231,560,218,113154
181,113229,96,167,116,198,106,182,113155
181,113230,361,48,383,70,372,59,113156
181,113231,496,85,519,110,507,97,113157
181,113232,28,237,44,259,36,248,113158
181,113233,208,316,231,344,219,330,113159
181,113234,399,273,421,294,410,283,113160
181,113235,300,52,321,85,310,68,113161
181,113236,245,52,267,82,256,67,113162
181,113237,609,0,636,21,622,10,113163
181,113238,278,290,302,311,290,300,113164
181,113239,271,75,291,105,281,90,113165
181,113240,502,27,523,57,512,42,113166
181,113241,573,69,610,96,591,82,113167
181,113242,261,178,281,210,271,194,113168
181,113243,437,24,463,47,450,35,113169
181,113244,379,12,406,40,392,26,113170
181,113245,612,46,636,75,624,60,113171
181,113246,292,223,315,252,303,237,113172
181,113247,348,69,379,89,363,79,113173
181,113248,119,89,137,114,128,101,113174
181,113249,389,31,410,59,399,45,113175
181,113250,232,84,256,107,244,95,113176
181,113251,428,276,454,300,441,288,113177
181,113252,35,121,54,142,44,131,113178
181,113253,71,129,88,155,79,142,113179
181,113254,57,97,80,123,68,110,113180
181,113255,229,50,249,73,239,61,113181
181,113256,200,13,220,33,210,23,113182
181,113257,213,24,237,45,225,34,113183
181,113258,37,159,55,177,46,168,113184
181,113259,348,255,368,281,358,268,113185
181,113260,40,88,56,114,48,101,113186
181,113261,486,254,510,277,498,265,113187
181,113262,29,219,45,237,37,228,113188
181,113263,30,272,48,296,39,284,113189
181,113264,273,0,289,28,281,14,113190
181,113265,322,2,340,21,331,11,113191
181,113266,127,0,187,23,157,11,113192
181,113267,586,6,607,22,596,14,113193
181,113268,52,17,68,53,60,35,113194
181,113269,132,0,151,13,141,6,113195
181,113270,630,67,639,88,634,77,113196
181,113271,164,0,178,4,171,2,113197
181,113272,524,17,547,35,535,26,113198
181,113273,328,245,350,267,339,256,113199
181,113274,217,0,229,7,223,3,113200
181,113275,400,308,425,328,412,318,113201
181,113276,67,21,81,39,74,30,113202
181,113277,248,0,267,13,257,6,113203
181,113278,182,76,208,101,195,88,113204
181,113279,196,56,212,82,204,69,113205
181,113280,527,163,553,173,540,168,113206
181,113281,380,276,400,294,390,285,113207
181,113282,315,128,337,153,326,140,113208
181,113283,49,320,64,344,56,332,113209
181,113284,381,296,399,314,390,305,113210
181,113285,307,98,334,121,320,109,113211
181,113286,343,87,366,114,354,100,113212
181,113287,201,275,221,295,211,285,113213
181,113288,400,294,428,306,414,300,113214
181,113289,583,326,605,346,594,336,113215
181,113290,543,313,572,328,557,320,113216
182,113291,442,0,533,74,487,37,113217
182,113292,539,247,570,273,554,260,113218
182,113293,596,233,621,263,608,248,113219
182,113294,468,183,490,229,479,206,113220
182,113295,597,127,623,165,610,146,113221
182,113296,268,1,345,49,306,25,113222
182,113297,381,121,402,156,391,138,113223
182,113298,529,70,555,96,542,83,113224
182,113299,416,113,442,145,429,129,113225
182,113300,529,173,553,193,541,183,113226
182,113301,60,165,84,185,72,175,113227
182,113302,543,206,577,231,560,218,113228
182,113303,96,167,116,198,106,182,113229
182,113304,361,48,383,70,372,59,113230
182,113305,496,85,519,110,507,97,113231
182,113306,28,237,44,259,36,248,113232
182,113307,208,316,231,344,219,330,113233
182,113308,399,274,421,294,410,284,113234
182,113309,300,52,321,85,310,68,113235
182,113310,245,52,268,82,256,67,113236
182,113311,609,0,636,21,622,10,113237
182,113312,278,290,302,311,290,300,113238
182,113313,271,75,291,105,281,90,113239
182,113314,502,27,523,57,512,42,113240
182,113315,573,69,609,96,591,82,113241
182,113316,261,178,281,210,271,194,113242
182,113317,436,24,462,47,449,35,113243
182,113318,379,12,406,40,392,26,113244
182,113319,612,46,636,75,624,60,113245
182,113320,292,223,315,252,303,237,113246
182,113321,348,69,379,89,363,79,113247
182,113322,119,89,137,114,128,101,113248
182,113323,389,31,410,59,399,45,113249
182,113324,232,84,256,107,244,95,113250
182,113325,428,276,454,301,441,288,113251
182,113326,35,120,54,142,44,131,113252
182,113327,71,129,88,155,79,142,113253
182,113328,57,97,80,123,68,110,113254
182,113329,229,50,249,73,239,61,113255
182,113330,200,13,220,33,210,23,113256
182,113331,213,24,237,45,225,34,113257
182,113332,37,158,55,177,46,167,113258
182,113333,348,255,368,281,358,268,113259
182,113334,40,88,56,114,48,101,113260
182,113335,486,254,510,277,498,265,113261
182,113336,29,219,45,237,37,228,113262
182,113337,30,272,48,296,39,284,113263
182,113338,273,0,289,29,281,14,113264
182,113339,322,2,340,21,331,11,113265
182,113340,127,0,187,23,157,11,113266
182,113341,586,6,607,22,596,14,113267
182,113342,52,17,68,53,60,35,113268
182,113343,132,0,151,13,141,6,113269
182,113344,630,67,639,88,634,77,113270
182,113345,164,0,178,4,171,2,113271
182,113346,524,17,547,35,535,26,113272
182,113347,328,245,350,267,339,256,113273
182,113348,217,0,229,7,223,3,113274
182,113349,400,308,425,327,412,317,113275
182,113350,67,21,81,39,74,30,113276
182,113351,248,0,267,12,257,6,113277
182,113352,182,75,208,102,195,88,113278
182,113353,196,56,212,82,204,69,113279
182,113354,527,163,553,173,540,168,113280
182,113355,380,276,401,294,390,285,113281
182,113356,315,128,337,153,326,140,113282
182,113357,49,320,64,342,56,331,113283
182,113358,381,297,399,314,390,305,113284
182,113359,307,98,334,121,320,109,113285
182,113360,344,87,367,114,355,100,113286
182,113361,201,275,221,295,211,285,113287
182,113362,400,293,428,306,414,299,113288
182,113363,583,325,605,346,594,335,113289
182,113364,544,313,572,329,558,321,113290
183,113365,443,0,533,74,488,37,113291
183,113366,539,247,570,273,554,260,113292
183,113367,596,233,621,263,608,248,113293
183,113368,468,183,490,229,479,206,113294
183,113369,597,127,623,165,610,146,113295
183,113370,268,1,345,49,306,25,113296
183,113371,381,121,402,156,391,138,113297
183,113372,529,70,555,96,542,83,113298
183,113373,416,113,442,145,429,129,113299
183,113374,529,174,553,193,541,183,113300
183,113375,60,165,84,185,72,175,113301
183,113376,543,206,577,231,560,218,113302
183,113377,96,167,116,198,106,182,113303
183,113378,361,48,383,70,372,59,113304
183,113379,496,85,519,110,507,97,113305
183,113380,28,237,43,259,35,248,113306
183,113381,208,316,231,344,219,330,113307
183,113382,399,274,421,294,410,284,113308
183,113383,300,52,321,85,310,68,113309
183,113384,245,52,268,82,256,67,113310
183,113385,609,0,636,21,622,10,113311
183,113386,278,290,302,311,290,300,113312
183,113387,271,75,291,105,281,90,113313
183,113388,502,27,523,57,512,42,113314
183,113389,573,69,609,96,591,82,113315
183,113390,261,178,281,210,271,194,113316
183,113391,435,24,462,46,448,35,113317
183,113392,379,12,406,40,392,26,113318
183,113393,612,46,636,75,624,60,113319
183,113394,292,223,315,252,303,237,113320
183,113395,348,69,379,89,363,79,113321
183,113396,119,89,137,114,128,101,113322
183,113397,389,31,410,59,399,45,113323
183,113398,232,84,256,107,244,95,113324
183,113399,428,276,454,301,441,288,113325
183,113400,35,120,54,142,44,131,113326
183,113401,71,129,88,155,79,142,113327
183,113402,57,97,80,123,68,110,113328
183,113403,229,50,249,73,239,61,113329
183,113404,200,13,220,33,210,23,113330
183,113405,213,24,237,45,225,34,113331
183,113406,37,158,55,177,46,167,113332
183,113407,348,255,368,281,358,268,113333
183,113408,40,88,56,114,48,101,113334
183,113409,486,253,510,277,498,265,113335
183,113410,29,219,45,237,37,228,113336
183,113411,30,272,48,296,39,284,113337
183,113412,273,0,289,29,281,14,113338
183,113413,322,2,340,21,331,11,113339
183,113414,128,0,187,23,157,11,113340
183,113415,586,6,607,22,596,14,113341
183,113416,52,17,68,53,60,35,113342
183,113417,132,0,151,13,141,6,113343
183,113418,630,67,639,88,634,77,113344
183,113419,164,0,178,4,171,2,113345
183,113420,524,17,547,35,535,26,113346
183,113421,328,245,350,267,339,256,113347
183,113422,217,0,228,7,222,3,113348
183,113423,400,308,425,327,412,317,113349
183,113424,67,21,81,39,74,30,113350
183,113425,248,0,268,12,258,6,113351
183,113426,182,75,208,103,195,89,113352
183,113427,196,56,212,82,204,69,113353
183,113428,527,163,552,173,539,168,113354
183,113429,380,276,400,294,390,285,113355
183,113430,315,128,337,153,326,140,113356
183,113431,49,319,65,341,57,330,113357
183,113432,381,298,399,315,390,306,113358
183,113433,307,98,333,121,320,109,113359
183,113434,345,88,368,113,356,100,113360
183,113435,201,275,222,295,211,285,113361
183,113436,400,293,428,306,414,299,113362
183,113437,583,326,605,346,594,336,113363
183,113438,546,312,573,329,559,320,113364
184,113439,443,0,533,74,488,37,113365
184,113440,539,247,570,273,554,260,113366
184,113441,596,233,621,263,608,248,113367
184,113442,468,183,490,229,479,206,113368
184,113443,597,127,623,165,610,146,113369
184,113444,268,1,345,49,306,25,113370
184,113445,381,121,402,156,391,138,113371
184,113446,529,70,555,96,542,83,113372
184,113447,416,113,442,145,429,129,113373
184,113448,529,174,553,193,541,183,113374
184,113449,60,165,84,185,72,175,113375
184,113450,543,206,578,231,560,218,113376
184,113451,96,167,116,198,106,182,113377
184,113452,361,48,383,70,372,59,113378
184,113453,496,85,519,110,507,97,113379
184,113454,28,237,43,259,35,248,113380
184,113455,208,316,231,344,219,330,113381
184,113456,399,274,421,294,410,284,113382
184,113457,300,52,321,85,310,68,113383
184,113458,245,52,268,82,256,67,113384
184,113459,609,0,636,21,622,10,113385
184,113460,278,290,302,311,290,300,113386
184,113461,271,75,291,105,281,90,113387
184,113462,502,26,523,57,512,41,113388
184,113463,573,69,609,96,591,82,113389
184,113464,261,178,281,210,271,194,113390
184,113465,434,25,462,46,448,35,113391
184,113466,379,12,406,40,392,26,113392
184,113467,612,46,636,75,624,60,113393
184,113468,292,223,315,252,303,237,113394
184,113469,348,69,379,89,363,79,113395
184,113470,119,89,137,114,128,101,113396
184,113471,389,31,410,59,399,45,113397
184,113472,232,84,256,107,244,95,113398
184,113473,428,276,454,301,441,288,113399
184,113474,35,120,54,142,44,131,113400
184,113475,72,129,88,155,80,142,113401
184,113476,57,97,80,123,68,110,113402
184,113477,229,50,249,73,239,61,113403
184,113478,200,13,220,33,210,23,113404
184,113479,213,24,237,44,225,34,113405
184,113480,37,158,55,177,46,167,113406
184,113481,348,255,368,281,358,268,113407
184,113482,40,88,56,114,48,101,113408
184,113483,486,253,510,277,498,265,113409
184,113484,29,220,45,237,37,228,113410
184,113485,30,271,48,296,39,283,113411
184,113486,273,0,289,29,281,14,113412
184,113487,322,2,340,21,331,11,113413
184,113488,128,0,187,23,157,11,113414
184,113489,586,6,607,22,596,14,113415
184,113490,52,17,68,53,60,35,113416
184,113491,132,0,151,13,141,6,113417
184,113492,630,67,639,88,634,77,113418
184,113493,164,0,178,4,171,2,113419
184,113494,524,17,547,35,535,26,113420
184,113495,328,245,350,267,339,256,113421
184,113496,217,0,228,7,222,3,113422
184,113497,400,308,425,327,412,317,113423
184,113498,67,21,81,39,74,30,113424
184,113499,248,0,267,12,257,6,113425
184,113500,182,77,208,103,195,90,113426
184,113501,196,56,212,83,204,69,113427
184,113502,526,163,553,173,539,168,113428
184,113503,380,276,400,293,390,284,113429
184,113504,315,128,337,153,326,140,113430
184,113505,50,318,65,339,57,328,113431
184,113506,381,298,399,315,390,306,113432
184,113507,307,98,333,121,320,109,113433
184,113508,346,88,369,113,357,100,113434
184,113509,201,275,222,295,211,285,113435
184,113510,400,293,428,306,414,299,113436
184,113511,583,326,605,346,594,336,113437
184,113512,549,312,574,330,561,321,113438
185,113513,444,0,533,74,488,37,113439
185,113514,539,247,570,273,554,260,113440
185,113515,596,233,621,263,608,248,113441
185,113516,468,183,490,229,479,206,113442
185,113517,597,127,623,165,610,146,113443
185,113518,268,1,345,49,306,25,113444
185,113519,381,121,402,156,391,138,113445
185,113520,529,70,555,96,542,83,113446
185,113521,416,113,442,145,429,129,113447
185,113522,529,174,553,193,541,183,113448
185,113523,60,165,84,185,72,175,113449
185,113524,543,206,578,231,560,218,113450
185,113525,96,167,116,198,106,182,113451
185,113526,361,48,383,70,372,59,113452
185,113527,496,85,519,110,507,97,113453
185,113528,28,237,43,259,35,248,113454
185,113529,208,316,231,344,219,330,113455
185,113530,399,274,421,294,410,284,113456
185,113531,300,52,321,85,310,68,113457
185,113532,245,52,268,82,256,67,113458
185,113533,609,0,636,21,622,10,113459
185,113534,278,290,302,311,290,300,113460
185,113535,271,75,291,105,281,90,113461
185,113536,502,26,523,57,512,41,113462
185,113537,573,69,609,96,591,82,113463
185,113538,261,178,281,210,271,194,113464
185,113539,433,25,462,48,447,36,113465
185,113540,379,12,406,40,392,26,113466
185,113541,612,46,636,75,624,60,113467
185,113542,292,223,315,252,303,237,113468
185,113543,348,69,379,89,363,79,113469
185,113544,119,89,137,114,128,101,113470
185,113545,389,32,410,59,399,45,113471
185,113546,232,84,256,107,244,95,113472
185,113547,429,277,454,301,441,289,113473
185,113548,35,120,54,142,44,131,113474
185,113549,72,129,88,155,80,142,113475
185,113550,57,97,80,123,68,110,113476
185,113551,229,50,249,73,239,61,113477
185,113552,200,13,220,33,210,23,113478
185,113553,213,24,237,45,225,34,113479
185,113554,37,158,55,177,46,167,113480
185,113555,348,255,368,281,358,268,113481
185,113556,40,88,56,114,48,101,113482
185,113557,486,253,510,276,498,264,113483
185,113558,30,219,46,237,38,228,113484
185,113559,30,271,48,296,39,283,113485
185,113560,273,0,289,29,281,14,113486
185,113561,323,2,340,21,331,11,113487
185,113562,128,0,187,23,157,11,113488
185,113563,586,6,607,22,596,14,113489
185,113564,52,17,68,53,60,35,113490
185,113565,132,0,151,13,141,6,113491
185,113566,630,67,639,88,634,77,113492
185,113567,164,0,178,4,171,2,113493
185,113568,524,17,547,35,535,26,113494
185,113569,328,245,350,267,339,256,113495
185,113570,217,0,228,7,222,3,113496
185,113571,401,307,425,327,413,317,113497
185,113572,67,21,81,39,74,30,113498
185,113573,248,0,267,12,257,6,113499
185,113574,182,80,208,103,195,91,113500
185,113575,196,56,212,83,204,69,113501
185,113576,526,163,553,173,539,168,113502
185,113577,380,276,400,293,390,284,113503
185,113578,315,128,337,153,326,140,113504
185,113579,51,315,65,337,58,326,113505
185,113580,381,298,400,315,390,306,113506
185,113581,307,98,333,121,320,109,113507
185,113582,348,87,369,113,358,100,113508
185,113583,201,275,222,295,211,285,113509
185,113584,400,293,428,306,414,299,113510
185,113585,584,326,605,346,594,336,113511
185,113586,552,312,576,330,564,321,113512
186,113587,443,0,533,74,488,37,113513
186,113588,539,247,570,273,554,260,113514
186,113589,596,233,621,263,608,248,113515
186,113590,468,183,490,229,479,206,113516
186,113591,597,127,623,165,610,146,113517
186,113592,268,1,345,49,306,25,113518
186,113593,381,121,402,156,391,138,113519
186,113594,529,70,555,96,542,83,113520
186,113595,416,113,442,145,429,129,113521
186,113596,529,174,553,193,541,183,113522
186,113597,60,165,84,185,72,175,113523
186,113598,543,206,578,231,560,218,113524
186,113599,96,167,116,198,106,182,113525
186,113600,361,48,383,70,372,59,113526
186,113601,496,85,519,110,507,97,113527
186,113602,28,236,43,259,35,247,113528
186,113603,208,316,231,344,219,330,113529
186,113604,399,274,421,294,410,284,113530
186,113605,300,52,321,85,310,68,113531
186,113606,245,52,268,82,256,67,113532
186,113607,609,0,636,21,622,10,113533
186,113608,278,290,302,311,290,300,113534
186,113609,271,75,291,105,281,90,113535
186,113610,502,26,523,57,512,41,113536
186,113611,573,69,609,96,591,82,113537
186,113612,261,178,281,210,271,194,113538
186,113613,433,26,462,49,447,37,113539
186,113614,379,12,406,40,392,26,113540
186,113615,612,46,636,75,624,60,113541
186,113616,292,223,315,252,303,237,113542
186,113617,348,69,379,90,363,79,113543
186,113618,119,89,137,114,128,101,113544
186,113619,389,32,410,59,399,45,113545
186,113620,232,84,256,107,244,95,113546
186,113621,429,277,454,301,441,289,113547
186,113622,35,120,54,142,44,131,113548
186,113623,72,129,88,155,80,142,113549
186,113624,57,97,80,123,68,110,113550
186,113625,229,50,249,73,239,61,113551
186,113626,200,13,220,33,210,23,113552
186,113627,213,24,237,45,225,34,113553
186,113628,37,158,55,177,46,167,113554
186,113629,348,256,368,281,358,268,113555
186,113630,40,88,56,114,48,101,113556
186,113631,486,253,510,276,498,264,113557
186,113632,30,220,47,237,38,228,113558
186,113633,30,271,48,296,39,283,113559
186,113634,273,0,289,29,281,14,113560
186,113635,322,2,340,21,331,11,113561
186,113636,128,0,187,23,157,11,113562
186,113637,586,6,607,22,596,14,113563
186,113638,52,17,68,53,60,35,113564
186,113639,132,0,151,13,141,6,113565
186,113640,630,67,639,88,634,77,113566
186,113641,164,0,178,4,171,2,113567
186,113642,524,17,547,35,535,26,113568
186,113643,328,245,350,267,339,256,113569
186,113644,217,0,228,7,222,3,113570
186,113645,402,307,425,327,413,317,113571
186,113646,67,21,81,39,74,30,113572
186,113647,248,0,268,12,258,6,113573
186,113648,182,81,208,103,195,92,113574
186,113649,196,56,212,83,204,69,113575
186,113650,526,163,552,173,539,168,113576
186,113651,380,276,400,293,390,284,113577
186,113652,315,128,337,153,326,140,113578
186,113653,52,311,66,335,59,323,113579
186,113654,381,298,400,315,390,306,113580
186,113655,307,98,333,121,320,109,113581
186,113656,348,87,371,113,359,100,113582
186,113657,201,275,222,295,211,285,113583
186,113658,400,293,428,306,414,299,113584
186,113659,583,326,605,346,594,336,113585
186,113660,554,312,577,330,565,321,113586
187,113661,443,0,533,74,488,37,113587
187,113662,539,247,570,273,554,260,113588
187,113663,596,233,621,263,608,248,113589
187,113664,468,183,490,229,479,206,113590
187,113665,597,127,623,165,610,146,113591
187,113666,268,1,345,49,306,25,113592
187,113667,381,121,402,156,391,138,113593
187,113668,529,70,555,96,542,83,113594
187,113669,416,113,442,145,429,129,113595
187,113670,529,174,553,193,541,183,113596
187,113671,60,165,84,185,72,175,113597
187,113672,543,206,578,231,560,218,113598
187,113673,96,167,116,198,106,182,113599
187,113674,361,48,383,70,372,59,113600
187,113675,496,85,519,110,507,97,113601
187,113676,28,236,43,259,35,247,113602
187,113677,208,316,231,344,219,330,113603
187,113678,399,274,421,294,410,284,113604
187,113679,300,52,321,85,310,68,113605
187,113680,245,52,268,82,256,67,113606
187,113681,609,0,636,21,622,10,113607
187,113682,278,290,302,311,290,300,113608
187,113683,271,75,291,105,281,90,113609
187,113684,502,26,523,57,512,41,113610
187,113685,573,69,609,96,591,82,113611
187,113686,261,178,281,210,271,194,113612
187,113687,433,26,462,49,447,37,113613
187,113688,379,12,406,40,392,26,113614
187,113689,612,46,636,75,624,60,113615
187,113690,292,223,315,252,303,237,113616
187,113691,348,69,379,90,363,79,113617
187,113692,119,89,137,114,128,101,113618
187,113693,389,32,410,59,399,45,113619
187,113694,232,84,256,107,244,95,113620
187,113695,429,277,454,301,441,289,113621
187,113696,35,120,54,142,44,131,113622
187,113697,71,129,88,155,79,142,113623
187,113698,57,97,80,123,68,110,113624
187,113699,229,50,249,73,239,61,113625
187,113700,200,13,220,33,210,23,113626
187,113701,213,24,237,45,225,34,113627
187,113702,37,158,55,177,46,167,113628
187,113703,348,256,368,281,358,268,113629
187,113704,40,88,56,114,48,101,113630
187,113705,486,253,510,276,498,264,113631
187,113706,30,220,47,237,38,228,113632
187,113707,30,272,48,296,39,284,113633
187,113708,273,0,289,29,281,14,113634
187,113709,322,2,340,21,331,11,113635
187,113710,128,0,187,23,157,11,113636
187,113711,586,6,607,22,596,14,113637
187,113712,52,17,68,53,60,35,113638
187,113713,132,0,151,13,141,6,113639
187,113714,630,67,639,88,634,77,113640
187,113715,164,0,178,4,171,2,113641
187,113716,524,17,547,35,535,26,113642
187,113717,328,245,350,267,339,256,113643
187,113718,217,0,228,7,222,3,113644
187,113719,402,307,425,327,413,317,113645
187,113720,67,21,81,39,74,30,113646
187,113721,248,0,268,12,258,6,113647
187,113722,182,82,208,103,195,92,113648
187,113723,196,56,212,83,204,69,113649
187,113724,526,163,552,173,539,168,113650
187,113725,380,275,400,293,390,284,113651
187,113726,315,127,337,153,326,140,113652
187,113727,52,310,66,335,59,322,113653
187,113728,381,298,401,315,391,306,113654
187,113729,307,98,333,121,320,109,113655
187,113730,349,87,371,113,360,100,113656
187,113731,201,275,222,295,211,285,113657
187,113732,401,293,429,306,415,299,113658
187,113733,583,326,605,346,594,336,113659
187,113734,555,312,578,330,566,321,113660
188,113735,443,0,533,74,488,37,113661
188,113736,539,247,570,273,554,260,113662
188,113737,596,233,621,263,608,248,113663
188,113738,468,183,490,229,479,206,113664
188,113739,597,127,623,165,610,146,113665
188,113740,268,1,345,49,306,25,113666
188,113741,381,121,402,156,391,138,113667
188,113742,529,70,555,96,542,83,113668
188,113743,416,113,442,145,429,129,113669
188,113744,529,174,553,193,541,183,113670
188,113745,60,165,84,185,72,175,113671
188,113746,543,206,578,231,560,218,113672
188,113747,96,167,116,198,106,182,113673
188,113748,362,48,383,70,372,59,113674
188,113749,496,85,519,110,507,97,113675
188,113750,28,236,43,259,35,247,113676
188,113751,208,316,231,344,219,330,113677
188,113752,399,274,421,294,410,284,113678
188,113753,300,52,321,85,310,68,113679
188,113754,245,52,268,82,256,67,113680
188,113755,609,0,636,21,622,10,113681
188,113756,278,290,302,311,290,300,113682
188,113757,271,75,291,105,281,90,113683
188,113758,502,26,523,57,512,41,113684
188,113759,573,69,609,96,591,82,113685
188,113760,261,178,281,210,271,194,113686
188,113761,433,26,462,49,447,37,113687
188,113762,379,12,406,40,392,26,113688
188,113763,612,46,636,75,624,60,113689
188,113764,292,223,315,252,303,237,113690
188,113765,348,69,380,90,364,79,113691
188,113766,119,89,137,114,128,101,113692
188,113767,389,31,410,59,399,45,113693
188,113768,232,84,256,107,244,95,113694
188,113769,428,277,454,301,441,289,113695
188,113770,35,120,54,142,44,131,113696
188,113771,71,129,88,155,79,142,113697
188,113772,57,97,80,123,68,110,113698
188,113773,229,50,249,73,239,61,113699
188,113774,200,13,220,33,210,23,113700
188,113775,213,24,237,45,225,34,113701
188,113776,37,158,55,177,46,167,113702
188,113777,348,256,369,281,358,268,113703
188,113778,40,88,56,114,48,101,113704
188,113779,486,253,510,276,498,264,113705
188,113780,31,220,47,238,39,229,113706
188,113781,30,271,47,296,38,283,113707
188,113782,273,0,289,29,281,14,113708
188,113783,322,2,340,21,331,11,113709
188,113784,128,0,187,23,157,11,113710
188,113785,586,6,607,22,596,14,113711
188,113786,52,17,68,53,60,35,113712
188,113787,132,0,151,13,141,6,113713
188,113788,630,67,639,88,634,77,113714
188,113789,164,0,178,4,171,2,113715
188,113790,524,15,547,35,535,25,113716
188,113791,328,245,350,267,339,256,113717
188,113792,217,0,228,7,222,3,113718
188,113793,402,307,425,327,413,317,113719
188,113794,67,21,81,39,74,30,113720
188,113795,248,0,268,12,258,6,113721
188,113796,183,82,208,103,195,92,113722
188,113797,196,56,212,83,204,69,113723
188,113798,526,163,552,173,539,168,113724
188,113799,380,275,400,293,390,284,113725
188,113800,315,127,337,153,326,140,113726
188,113801,52,307,67,332,59,319,113727
188,113802,381,299,401,315,391,307,113728
188,113803,307,98,333,121,320,109,113729
188,113804,349,87,372,113,360,100,113730
188,113805,201,275,221,295,211,285,113731
188,113806,401,293,428,306,414,299,113732
188,113807,583,326,606,346,594,336,113733
188,113808,556,312,580,330,568,321,113734
189,113809,443,0,533,74,488,37,113735
189,113810,539,247,570,273,554,260,113736
189,113811,596,233,621,263,608,248,113737
189,113812,468,183,490,229,479,206,113738
189,113813,597,127,623,165,610,146,113739
189,113814,268,1,345,49,306,25,113740
189,113815,381,121,402,156,391,138,113741
189,113816,529,70,555,96,542,83,113742
189,113817,416,113,442,145,429,129,113743
189,113818,529,174,553,193,541,183,113744
189,113819,60,165,84,185,72,175,113745
189,113820,543,206,578,231,560,218,113746
189,113821,96,167,116,198,106,182,113747
189,113822,362,47,383,70,372,58,113748
189,113823,496,85,519,110,507,97,113749
189,113824,28,236,43,259,35,247,113750
189,113825,207,316,231,344,219,330,113751
189,113826,399,274,421,295,410,284,113752
189,113827,300,52,321,85,310,68,113753
189,113828,245,52,268,82,256,67,113754
189,113829,609,0,636,21,622,10,113755
189,113830,278,290,302,311,290,300,113756
189,113831,271,75,291,105,281,90,113757
189,113832,502,27,523,57,512,42,113758
189,113833,573,69,609,96,591,82,113759
189,113834,261,178,281,210,271,194,113760
189,113835,433,27,462,50,447,38,113761
189,113836,379,12,406,40,392,26,113762
189,113837,612,46,636,75,624,60,113763
189,113838,292,223,315,252,303,237,113764
189,113839,348,69,380,90,364,79,113765
189,113840,119,89,137,114,128,101,113766
189,113841,388,31,410,59,399,45,113767
189,113842,232,84,256,107,244,95,113768
189,113843,428,277,454,301,441,289,113769
189,113844,35,120,54,142,44,131,113770
189,113845,71,129,88,155,79,142,113771
189,113846,57,97,80,123,68,110,113772
189,113847,229,50,249,73,239,61,113773
189,113848,200,13,220,33,210,23,113774
189,113849,213,24,237,45,225,34,113775
189,113850,37,158,55,177,46,167,113776
189,113851,348,256,369,281,358,268,113777
189,113852,40,88,56,114,48,101,113778
189,113853,486,253,510,276,498,264,113779
189,113854,32,221,48,239,40,230,113780
189,113855,30,271,47,296,38,283,113781
189,113856,273,0,289,29,281,14,113782
189,113857,322,2,340,21,331,11,113783
189,113858,128,0,187,23,157,11,113784
189,113859,586,6,607,22,596,14,113785
189,113860,52,17,68,53,60,35,113786
189,113861,132,0,151,13,141,6,113787
189,113862,630,67,639,88,634,77,113788
189,113863,164,0,178,4,171,2,113789
189,113864,524,15,547,35,535,25,113790
189,113865,328,245,350,267,339,256,113791
189,113866,217,0,228,7,222,3,113792
189,113867,403,307,425,327,414,317,113793
189,113868,67,21,81,39,74,30,113794
189,113869,248,0,268,11,258,5,113795
189,113870,183,82,208,103,195,92,113796
189,113871,196,56,212,83,204,69,113797
189,113872,526,163,552,173,539,168,113798
189,113873,380,275,400,293,390,284,113799
189,113874,315,127,337,153,326,140,113800
189,113875,52,306,67,329,59,317,113801
189,113876,381,299,400,315,390,307,113802
189,113877,307,98,333,121,320,109,113803
189,113878,349,87,372,113,360,100,113804
189,113879,201,275,222,295,211,285,113805
189,113880,404,293,428,306,416,299,113806
189,113881,557,312,582,330,569,321,113808
190,113882,444,0,533,74,488,37,113809
190,113883,539,247,570,273,554,260,113810
190,113884,596,233,621,263,608,248,113811
190,113885,468,183,490,229,479,206,113812
190,113886,597,127,623,165,610,146,113813
190,113887,268,1,345,49,306,25,113814
190,113888,381,121,402,156,391,138,113815
190,113889,529,70,555,96,542,83,113816
190,113890,416,113,442,145,429,129,113817
190,113891,529,174,553,193,541,183,113818
190,113892,60,165,84,185,72,175,113819
190,113893,543,206,577,231,560,218,113820
190,113894,96,167,116,198,106,182,113821
190,113895,362,47,383,70,372,58,113822
190,113896,496,85,519,110,507,97,113823
190,113897,28,236,44,259,36,247,113824
190,113898,208,316,231,344,219,330,113825
190,113899,399,275,421,295,410,285,113826
190,113900,300,52,321,85,310,68,113827
190,113901,245,52,268,82,256,67,113828
190,113902,609,0,636,21,622,10,113829
190,113903,278,290,302,311,290,300,113830
190,113904,271,75,291,105,281,90,113831
190,113905,502,27,523,57,512,42,113832
190,113906,573,69,609,96,591,82,113833
190,113907,261,178,281,210,271,194,113834
190,113908,432,27,461,50,446,38,113835
190,113909,379,12,406,40,392,26,113836
190,113910,612,46,636,75,624,60,113837
190,113911,292,223,315,252,303,237,113838
190,113912,348,69,380,90,364,79,113839
190,113913,119,89,137,114,128,101,113840
190,113914,388,31,410,59,399,45,113841
190,113915,232,84,256,107,244,95,113842
190,113916,428,277,453,301,440,289,113843
190,113917,35,120,54,142,44,131,113844
190,113918,71,129,88,155,79,142,113845
190,113919,57,97,80,123,68,110,113846
190,113920,229,50,249,73,239,61,113847
190,113921,200,13,220,33,210,23,113848
190,113922,213,24,237,45,225,34,113849
190,113923,37,158,55,177,46,167,113850
190,113924,348,256,369,281,358,268,113851
190,113925,40,88,56,114,48,101,113852
190,113926,486,253,510,277,498,265,113853
190,113927,34,222,50,240,42,231,113854
190,113928,30,271,47,296,38,283,113855
190,113929,273,0,289,29,281,14,113856
190,113930,322,2,340,21,331,11,113857
190,113931,128,0,187,23,157,11,113858
190,113932,586,6,607,22,596,14,113859
190,113933,52,17,68,53,60,35,113860
190,113934,132,0,151,13,141,6,113861
190,113935,630,67,639,88,634,77,113862
190,113936,164,0,178,4,171,2,113863
190,113937,524,14,547,35,535,24,113864
190,113938,328,245,350,267,339,256,113865
190,113939,217,0,228,7,222,3,113866
190,113940,403,307,425,326,414,316,113867
190,113941,67,21,81,39,74,30,113868
190,113942,248,0,268,11,258,5,113869
190,113943,183,83,208,103,195,93,113870
190,113944,196,56,212,83,204,69,113871
190,113945,526,163,552,174,539,168,113872
190,113946,381,275,400,293,390,284,113873
190,113947,315,127,337,153,326,140,113874
190,113948,53,303,69,327,61,315,113875
190,113949,381,299,400,315,390,307,113876
190,113950,307,98,333,121,320,109,113877
190,113951,350,87,373,113,361,100,113878
190,113952,201,275,222,295,211,285,113879
190,113953,405,294,429,306,417,300,113880
190,113954,558,313,583,330,570,321,113881
190,113955,583,326,606,346,594,336,
191,113956,444,0,533,74,488,37,113882
191,113957,539,247,570,273,554,260,113883
191,113958,596,233,620,263,608,248,113884
191,113959,468,183,490,229,479,206,113885
191,113960,597,127,623,165,610,146,113886
191,113961,268,1,345,49,306,25,113887
191,113962,381,121,402,156,391,138,113888
191,113963,529,70,555,96,542,83,113889
191,113964,416,113,442,145,429,129,113890
191,113965,529,174,553,193,541,183,113891
191,113966,60,165,84,185,72,175,113892
191,113967,543,206,577,231,560,218,113893
191,113968,96,167,116,198,106,182,113894
191,113969,362,46,383,70,372,58,113895
191,113970,496,85,519,110,507,97,113896
191,113971,29,236,44,259,36,247,113897
191,113972,208,316,231,344,219,330,113898
191,113973,399,275,421,296,410,285,113899
191,113974,300,52,321,85,310,68,113900
191,113975,245,52,267,82,256,67,113901
191,113976,609,0,636,21,622,10,113902
191,113977,278,290,302,311,290,300,113903
191,113978,271,75,291,105,281,90,113904
191,113979,502,27,523,57,512,42,113905
191,113980,573,69,609,96,591,82,113906
191,113981,261,178,281,210,271,194,113907
191,113982,431,27,461,50,446,38,113908
191,113983,379,12,406,40,392,26,113909
191,113984,612,46,636,75,624,60,113910
191,113985,292,223,315,252,303,237,113911
191,113986,348,69,380,90,364,79,113912
191,113987,119,89,137,114,128,101,113913
191,113988,388,31,410,59,399,45,113914
191,113989,232,84,256,107,244,95,113915
191,113990,428,276,452,301,440,288,113916
191,113991,35,120,54,142,44,131,113917
191,113992,71,129,88,155,79,142,113918
191,113993,57,97,80,123,68,110,113919
191,113994,229,50,249,73,239,61,113920
191,113995,200,13,220,33,210,23,113921
191,113996,213,24,237,45,225,34,113922
191,113997,37,158,55,177,46,167,113923
191,113998,348,256,369,281,358,268,113924
191,113999,40,88,56,114,48,101,113925
191,114000,486,253,510,277,498,265,113926
191,114001,36,224,52,242,44,233,113927
191,114002,30,272,47,297,38,284,113928
191,114003,273,0,289,29,281,14,113929
191,114004,322,2,340,21,331,11,113930
191,114005,128,0,187,23,157,11,113931
191,114006,586,6,607,22,596,14,113932
191,114007,52,17,68,53,60,35,113933
191,114008,132,0,151,13,141,6,113934
191,114009,630,67,639,88,634,77,113935
191,114010,164,0,178,4,171,2,113936
191,114011,524,14,546,35,535,24,113937
191,114012,328,245,350,267,339,256,113938
191,114013,217,0,228,7,222,3,113939
191,114014,403,308,424,326,413,317,113940
191,114015,67,21,81,39,74,30,113941
191,114016,247,0,267,10,257,5,113942
191,114017,183,83,208,103,195,93,113943
191,114018,196,56,212,83,204,69,113944
191,114019,526,163,552,174,539,168,113945
191,114020,381,275,399,293,390,284,113946
191,114021,315,128,337,153,326,140,113947
191,114022,54,300,71,325,62,312,113948
191,114023,381,300,401,315,391,307,113949
191,114024,307,98,333,121,320,109,113950
191,114025,350,87,373,113,361,100,113951
191,114026,201,275,222,295,211,285,113952
191,114027,406,294,429,306,417,300,113953
191,114028,559,313,584,331,571,322,113954
191,114029,112,261,132,272,122,266,
192,114030,445,0,533,74,489,37,113956
192,114031,539,247,570,273,554,260,113957
192,114032,596,233,620,263,608,248,113958
192,114033,468,183,490,229,479,206,113959
192,114034,597,127,623,165,610,146,113960
192,114035,268,1,345,49,306,25,113961
192,114036,381,121,402,156,391,138,113962
192,114037,529,70,556,96,542,83,113963
192,114038,416,113,442,145,429,129,113964
192,114039,529,174,553,193,541,183,113965
192,114040,60,165,84,185,72,175,113966
192,114041,543,206,577,231,560,218,113967
192,114042,96,167,116,198,106,182,113968
192,114043,362,45,383,70,372,57,113969
192,114044,496,85,519,110,507,97,113970
192,114045,29,236,44,259,36,247,113971
192,114046,208,316,231,344,219,330,113972
192,114047,399,275,421,297,410,286,113973
192,114048,300,52,321,85,310,68,113974
192,114049,245,52,267,82,256,67,113975
192,114050,609,0,636,21,622,10,113976
192,114051,278,290,302,311,290,300,113977
192,114052,271,75,291,105,281,90,113978
192,114053,502,27,522,57,512,42,113979
192,114054,573,69,609,96,591,82,113980
192,114055,261,178,281,210,271,194,113981
192,114056,430,28,460,50,445,39,113982
192,114057,379,12,406,40,392,26,113983
192,114058,612,46,636,75,624,60,113984
192,114059,292,223,315,252,303,237,113985
192,114060,348,69,380,90,364,79,113986
192,114061,119,89,137,114,128,101,113987
192,114062,388,31,410,59,399,45,113988
192,114063,232,84,256,107,244,95,113989
192,114064,428,276,452,301,440,288,113990
192,114065,35,120,54,142,44,131,113991
192,114066,71,129,88,155,79,142,113992
192,114067,57,97,80,123,68,110,113993
192,114068,229,50,249,73,239,61,113994
192,114069,200,13,220,33,210,23,113995
192,114070,213,24,237,45,225,34,113996
192,114071,37,158,55,177,46,167,113997
192,114072,349,257,369,282,359,269,113998
192,114073,40,88,56,114,48,101,113999
192,114074,486,254,511,277,498,265,114000
192,114075,37,225,53,243,45,234,114001
192,114076,30,272,47,297,38,284,114002
192,114077,273,0,289,30,281,15,114003
192,114078,322,2,340,21,331,11,114004
192,114079,128,0,187,23,157,11,114005
192,114080,586,6,607,22,596,14,114006
192,114081,52,17,68,53,60,35,114007
192,114082,132,0,151,13,141,6,114008
192,114083,630,67,639,89,634,78,114009
192,114084,164,0,178,4,171,2,114010
192,114085,523,13,546,35,534,24,114011
192,114086,328,245,350,267,339,256,114012
192,114087,217,0,228,7,222,3,114013
192,114088,403,308,424,326,413,317,114014
192,114089,67,21,81,39,74,30,114015
192,114090,247,0,268,10,257,5,114016
192,114091,183,83,208,103,195,93,114017
192,114092,196,56,212,83,204,69,114018
192,114093,527,162,552,174,539,168,114019
192,114094,381,276,399,294,390,285,114020
192,114095,315,128,337,153,326,140,114021
192,114096,55,298,71,322,63,310,114022
192,114097,381,298,401,315,391,306,114023
192,114098,307,98,333,121,320,109,114024
192,114099,350,87,373,113,361,100,114025
192,114100,201,275,222,295,211,285,114026
192,114101,406,294,429,306,417,300,114027
192,114102,561,313,585,331,573,322,114028
192,114103,112,261,132,272,122,266,114029
192,114104,583,326,606,346,594,336,
193,114105,445,0,533,74,489,37,114030
193,114106,539,247,570,273,554,260,114031
193,114107,596,233,621,263,608,248,114032
193,114108,468,183,490,229,479,206,114033
193,114109,597,127,623,165,610,146,114034
193,114110,268,1,345,49,306,25,114035
193,114111,381,121,402,156,391,138,114036
193,114112,529,70,556,96,542,83,114037
193,114113,416,113,442,145,429,129,114038
193,114114,529,174,553,193,541,183,114039
193,114115,60,165,84,185,72,175,114040
193,114116,543,206,577,231,560,218,114041
193,114117,96,167,116,198,106,182,114042
193,114118,362,45,383,70,372,57,114043
193,114119,496,85,519,110,507,97,114044
193,114120,29,236,44,259,36,247,114045
193,114121,208,316,231,344,219,330,114046
193,114122,399,275,421,297,410,286,114047
193,114123,300,52,321,85,310,68,114048
193,114124,245,52,267,82,256,67,114049
193,114125,609,0,636,21,622,10,114050
193,114126,278,290,302,311,290,300,114051
193,114127,271,75,291,105,281,90,114052
193,114128,503,26,522,57,512,41,114053
193,114129,573,69,609,96,591,82,114054
193,114130,261,178,281,210,271,194,114055
193,114131,430,28,460,51,445,39,114056
193,114132,379,12,406,40,392,26,114057
193,114133,612,46,636,75,624,60,114058
193,114134,292,223,315,252,303,237,114059
193,114135,348,69,380,90,364,79,114060
193,114136,119,89,137,114,128,101,114061
193,114137,388,31,409,59,398,45,114062
193,114138,232,84,256,107,244,95,114063
193,114139,429,275,452,301,440,288,114064
193,114140,35,120,54,142,44,131,114065
193,114141,71,129,88,155,79,142,114066
193,114142,57,97,80,123,68,110,114067
193,114143,229,50,249,73,239,61,114068
193,114144,200,13,220,33,210,23,114069
193,114145,213,24,237,45,225,34,114070
193,114146,37,158,55,177,46,167,114071
193,114147,349,257,369,282,359,269,114072
193,114148,40,88,56,114,48,101,114073
193,114149,486,254,511,277,498,265,114074
193,114150,37,226,54,244,45,235,114075
193,114151,30,272,47,297,38,284,114076
193,114152,273,0,289,30,281,15,114077
193,114153,322,2,340,21,331,11,114078
193,114154,128,0,187,23,157,11,114079
193,114155,586,6,607,22,596,14,114080
193,114156,52,17,68,53,60,35,114081
193,114157,132,0,151,13,141,6,114082
193,114158,630,67,639,89,634,78,114083
193,114159,164,0,178,4,171,2,114084
193,114160,523,13,546,35,534,24,114085
193,114161,328,245,350,267,339,256,114086
193,114162,217,0,228,7,222,3,114087
193,114163,403,308,424,326,413,317,114088
193,114164,67,21,81,39,74,30,114089
193,114165,247,0,268,10,257,5,114090
193,114166,183,83,208,103,195,93,114091
193,114167,196,56,212,83,204,69,114092
193,114168,527,162,552,174,539,168,114093
193,114169,381,276,399,294,390,285,114094
193,114170,315,128,337,153,326,140,114095
193,114171,55,297,71,321,63,309,114096
193,114172,382,298,401,315,391,306,114097
193,114173,307,98,333,121,320,109,114098
193,114174,350,87,373,113,361,100,114099
193,114175,201,275,222,295,211,285,114100
193,114176,406,294,429,306,417,300,114101
193,114177,561,312,585,331,573,321,114102
193,114178,111,261,132,272,121,266,114103
193,114179,628,320,639,339,633,329,
193,114180,583,326,606,346,594,336,114104
194,114181,445,0,533,74,489,37,114105
194,114182,539,247,570,273,554,260,114106
194,114183,596,233,621,263,608,248,114107
194,114184,467,183,490,229,478,206,114108
194,114185,597,127,623,165,610,146,114109
194,114186,268,1,345,49,306,25,114110
194,114187,381,121,402,156,391,138,114111
194,114188,529,70,556,96,542,83,114112
194,114189,416,113,442,145,429,129,114113
194,114190,529,174,553,193,541,183,114114
194,114191,60,165,84,185,72,175,114115
194,114192,543,206,577,231,560,218,114116
194,114193,96,167,116,198,106,182,114117
194,114194,361,45,383,70,372,57,114118
194,114195,496,85,519,110,507,97,114119
194,114196,29,236,44,259,36,247,114120
194,114197,207,316,231,344,219,330,114121
194,114198,398,275,421,297,409,286,114122
194,114199,300,52,321,85,310,68,114123
194,114200,245,52,267,82,256,67,114124
194,114201,609,0,636,21,622,10,114125
194,114202,278,290,302,311,290,300,114126
194,114203,271,75,291,105,281,90,114127
194,114204,503,27,522,57,512,42,114128
194,114205,573,69,609,96,591,82,114129
194,114206,261,178,281,210,271,194,114130
194,114207,429,27,459,51,444,39,114131
194,114208,379,12,406,40,392,26,114132
194,114209,612,46,636,75,624,60,114133
194,114210,292,223,315,252,303,237,114134
194,114211,348,69,380,90,364,79,114135
194,114212,119,89,137,114,128,101,114136
194,114213,388,31,410,59,399,45,114137
194,114214,232,84,256,107,244,95,114138
194,114215,429,275,452,301,440,288,114139
194,114216,35,121,54,142,44,131,114140
194,114217,71,129,88,155,79,142,114141
194,114218,57,97,80,123,68,110,114142
194,114219,229,50,249,73,239,61,114143
194,114220,200,13,220,33,210,23,114144
194,114221,213,24,237,45,225,34,114145
194,114222,37,159,55,177,46,168,114146
194,114223,349,257,369,283,359,270,114147
194,114224,40,88,56,114,48,101,114148
194,114225,486,254,511,277,498,265,114149
194,114226,38,226,55,245,46,235,114150
194,114227,30,272,47,297,38,284,114151
194,114228,273,0,289,30,281,15,114152
194,114229,322,2,340,21,331,11,114153
194,114230,128,0,187,23,157,11,114154
194,114231,586,6,607,22,596,14,114155
194,114232,52,17,68,53,60,35,114156
194,114233,132,0,151,13,141,6,114157
194,114234,630,67,639,89,634,78,114158
194,114235,164,0,178,4,171,2,114159
194,114236,523,13,546,35,534,24,114160
194,114237,328,245,351,267,339,256,114161
194,114238,217,0,228,7,222,3,114162
194,114239,403,308,425,326,414,317,114163
194,114240,67,21,81,39,74,30,114164
194,114241,247,0,268,9,257,4,114165
194,114242,183,83,208,103,195,93,114166
194,114243,196,56,212,83,204,69,114167
194,114244,527,162,552,174,539,168,114168
194,114245,381,276,398,294,389,285,114169
194,114246,315,128,337,153,326,140,114170
194,114247,55,296,72,320,63,308,114171
194,114248,382,298,402,315,392,306,114172
194,114249,307,98,333,121,320,109,114173
194,114250,351,87,374,113,362,100,114174
194,114251,406,294,429,306,417,300,114176
194,114252,562,311,586,330,574,320,114177
194,114253,111,261,133,272,122,266,114178
194,114254,626,320,639,339,632,329,114179
194,114255,583,326,606,346,594,336,114180
195,114256,445,0,533,74,489,37,114181
195,114257,539,247,570,273,554,260,114182
195,114258,596,233,621,263,608,248,114183
195,114259,467,183,490,229,478,206,114184
195,114260,597,127,623,165,610,146,114185
195,114261,268,1,345,49,306,25,114186
195,114262,381,121,402,156,391,138,114187
195,114263,529,70,556,96,542,83,114188
195,114264,416,113,442,145,429,129,114189
195,114265,529,174,553,193,541,183,114190
195,114266,60,165,84,185,72,175,114191
195,114267,543,206,578,231,560,218,114192
195,114268,96,167,116,198,106,182,114193
195,114269,361,45,383,70,372,57,114194
195,114270,496,85,519,110,507,97,114195
195,114271,29,236,44,259,36,247,114196
195,114272,207,316,231,344,219,330,114197
195,114273,398,275,421,297,409,286,114198
195,114274,300,52,321,85,310,68,114199
195,114275,245,52,267,82,256,67,114200
195,114276,609,0,636,21,622,10,114201
195,114277,278,290,302,311,290,300,114202
195,114278,271,75,291,105,281,90,114203
195,114279,503,26,522,57,512,41,114204
195,114280,573,69,609,96,591,82,114205
195,114281,261,178,281,210,271,194,114206
195,114282,429,26,458,51,443,38,114207
195,114283,379,12,406,40,392,26,114208
195,114284,612,46,636,75,624,60,114209
195,114285,292,223,315,252,303,237,114210
195,114286,348,69,380,90,364,79,114211
195,114287,119,89,137,114,128,101,114212
195,114288,388,31,410,59,399,45,114213
195,114289,232,84,256,107,244,95,114214
195,114290,429,275,452,301,440,288,114215
195,114291,35,121,54,142,44,131,114216
195,114292,71,129,88,155,79,142,114217
195,114293,57,97,80,123,68,110,114218
195,114294,229,50,249,73,239,61,114219
195,114295,200,13,220,33,210,23,114220
195,114296,213,24,237,45,225,34,114221
195,114297,37,159,56,177,46,168,114222
195,114298,350,258,369,285,359,271,114223
195,114299,40,88,56,114,48,101,114224
195,114300,486,255,512,277,499,266,114225
195,114301,40,227,56,245,48,236,114226
195,114302,30,272,47,297,38,284,114227
195,114303,273,0,289,31,281,15,114228
195,114304,322,2,340,21,331,11,114229
195,114305,128,0,187,23,157,11,114230
195,114306,586,6,607,22,596,14,114231
195,114307,52,17,68,53,60,35,114232
195,114308,132,0,151,13,141,6,114233
195,114309,630,67,639,89,634,78,114234
195,114310,164,0,178,4,171,2,114235
195,114311,522,13,546,35,534,24,114236
195,114312,328,245,351,266,339,255,114237
195,114313,217,0,228,7,222,3,114238
195,114314,403,308,425,326,414,317,114239
195,114315,67,21,81,39,74,30,114240
195,114316,247,0,268,8,257,4,114241
195,114317,183,83,208,103,195,93,114242
195,114318,196,56,212,83,204,69,114243
195,114319,527,162,552,174,539,168,114244
195,114320,381,277,399,295,390,286,114245
195,114321,315,128,337,153,326,140,114246
195,114322,55,296,72,318,63,307,114247
195,114323,382,299,402,315,392,307,114248
195,114324,307,98,333,121,320,109,114249
195,114325,351,87,374,114,362,100,114250
195,114326,405,294,429,306,417,300,114251
195,114327,563,310,587,329,575,319,114252
195,114328,625,321,639,341,632,331,114254
195,114329,583,326,606,346,594,336,114255
196,114330,444,0,533,74,488,37,114256
196,114331,539,247,570,273,554,260,114257
196,114332,596,233,621,263,608,248,114258
196,114333,467,183,490,229,478,206,114259
196,114334,597,127,623,165,610,146,114260
196,114335,268,1,345,49,306,25,114261
196,114336,381,121,402,156,391,138,114262
196,114337,529,70,556,96,542,83,114263
196,114338,416,113,442,146,429,129,114264
196,114339,529,174,553,193,541,183,114265
196,114340,60,165,84,185,72,175,114266
196,114341,543,206,578,231,560,218,114267
196,114342,96,167,116,198,106,182,114268
196,114343,361,45,383,70,372,57,114269
196,114344,496,85,519,110,507,97,114270
196,114345,29,236,44,259,36,247,114271
196,114346,207,316,231,344,219,330,114272
196,114347,398,275,421,297,409,286,114273
196,114348,300,52,321,85,310,68,114274
196,114349,245,52,267,82,256,67,114275
196,114350,609,0,636,21,622,10,114276
196,114351,278,290,302,311,290,300,114277
196,114352,271,75,291,105,281,90,114278
196,114353,503,26,522,57,512,41,114279
196,114354,573,69,609,96,591,82,114280
196,114355,261,178,281,210,271,194,114281
196,114356,428,28,456,52,442,40,114282
196,114357,379,12,406,40,392,26,114283
196,114358,612,46,636,75,624,60,114284
196,114359,292,223,315,252,303,237,114285
196,114360,348,69,380,90,364,79,114286
196,114361,119,89,137,114,128,101,114287
196,114362,388,31,409,59,398,45,114288
196,114363,232,84,256,107,244,95,114289
196,114364,429,275,452,301,440,288,114290
196,114365,35,121,54,142,44,131,114291
196,114366,71,129,88,155,79,142,114292
196,114367,57,97,80,123,68,110,114293
196,114368,229,50,249,73,239,61,114294
196,114369,200,13,220,33,210,23,114295
196,114370,212,24,237,45,224,34,114296
196,114371,37,159,56,177,46,168,114297
196,114372,350,259,370,287,360,273,114298
196,114373,40,88,56,114,48,101,114299
196,114374,486,255,512,277,499,266,114300
196,114375,41,229,59,247,50,238,114301
196,114376,30,272,47,297,38,284,114302
196,114377,273,0,289,31,281,15,114303
196,114378,322,2,340,21,331,11,114304
196,114379,128,0,187,23,157,11,114305
196,114380,586,6,607,22,596,14,114306
196,114381,52,17,68,53,60,35,114307
196,114382,132,0,151,13,141,6,114308
196,114383,630,67,639,89,634,78,114309
196,114384,164,0,178,4,171,2,114310
196,114385,522,13,545,34,533,23,114311
196,114386,328,245,351,267,339,256,114312
196,114387,217,0,228,7,222,3,114313
196,114388,403,308,425,326,414,317,114314
196,114389,67,21,81,39,74,30,114315
196,114390,247,0,268,8,257,4,114316
196,114391,183,84,208,103,195,93,114317
196,114392,196,56,212,83,204,69,114318
196,114393,527,163,553,173,540,168,114319
196,114394,382,278,399,296,390,287,114320
196,114395,315,127,337,153,326,140,114321
196,114396,55,294,72,315,63,304,114322
196,114397,382,300,402,315,392,307,114323
196,114398,307,98,333,121,320,109,114324
196,114399,351,87,374,114,362,100,114325
196,114400,405,294,429,306,417,300,114326
196,114401,564,308,591,328,577,318,114327
196,114402,624,321,639,342,631,331,114328
196,114403,583,325,606,346,594,335,114329
196,114404,111,261,133,272,122,266,
197,114405,443,0,533,74,488,37,114330
197,114406,539,247,570,273,554,260,114331
197,114407,596,233,620,263,608,248,114332
197,114408,467,183,490,229,478,206,114333
197,114409,597,127,623,165,610,146,114334
197,114410,268,1,345,49,306,25,114335
197,114411,381,121,402,156,391,138,114336
197,114412,529,70,556,96,542,83,114337
197,114413,416,113,442,146,429,129,114338
197,114414,529,174,553,193,541,183,114339
197,114415,60,165,84,185,72,175,114340
197,114416,543,206,578,231,560,218,114341
197,114417,96,167,116,198,106,182,114342
197,114418,361,45,383,70,372,57,114343
197,114419,496,85,519,110,507,97,114344
197,114420,28,236,44,259,36,247,114345
197,114421,207,316,231,344,219,330,114346
197,114422,398,275,421,297,409,286,114347
197,114423,300,52,321,85,310,68,114348
197,114424,245,52,267,82,256,67,114349
197,114425,609,0,636,21,622,10,114350
197,114426,278,290,302,311,290,300,114351
197,114427,271,75,291,105,281,90,114352
197,114428,503,26,522,57,512,41,114353
197,114429,573,69,609,96,591,82,114354
197,114430,261,178,281,210,271,194,114355
197,114431,428,29,455,55,441,42,114356
197,114432,379,12,406,40,392,26,114357
197,114433,612,46,636,75,624,60,114358
197,114434,292,223,315,252,303,237,114359
197,114435,348,69,379,91,363,80,114360
197,114436,119,89,137,114,128,101,114361
197,114437,388,31,409,59,398,45,114362
197,114438,232,84,256,107,244,95,114363
197,114439,429,275,452,301,440,288,114364
197,114440,35,121,54,142,44,131,114365
197,114441,71,129,88,155,79,142,114366
197,114442,57,97,80,123,68,110,114367
197,114443,229,50,249,73,239,61,114368
197,114444,200,13,220,33,210,23,114369
197,114445,212,24,237,45,224,34,114370
197,114446,37,158,56,177,46,167,114371
197,114447,351,260,370,288,360,274,114372
197,114448,40,88,56,114,48,101,114373
197,114449,486,255,513,277,499,266,114374
197,114450,44,230,61,248,52,239,114375
197,114451,30,272,47,297,38,284,114376
197,114452,273,0,289,31,281,15,114377
197,114453,322,2,340,21,331,11,114378
197,114454,128,0,187,23,157,11,114379
197,114455,586,6,607,22,596,14,114380
197,114456,52,17,68,53,60,35,114381
197,114457,132,0,151,13,141,6,114382
197,114458,630,67,639,89,634,78,114383
197,114459,164,0,178,4,171,2,114384
197,114460,522,13,545,34,533,23,114385
197,114461,328,244,351,267,339,255,114386
197,114462,217,0,228,7,222,3,114387
197,114463,403,308,425,326,414,317,114388
197,114464,67,21,81,39,74,30,114389
197,114465,249,0,268,7,258,3,114390
197,114466,182,84,208,103,195,93,114391
197,114467,196,56,212,83,204,69,114392
197,114468,526,163,553,173,539,168,114393
197,114469,382,279,399,296,390,287,114394
197,114470,315,127,337,153,326,140,114395
197,114471,56,290,72,312,64,301,114396
197,114472,382,300,403,315,392,307,114397
197,114473,307,98,333,121,320,109,114398
197,114474,351,86,376,114,363,100,114399
197,114475,405,294,429,306,417,300,114400
197,114476,566,307,593,327,579,317,114401
197,114477,621,321,639,341,630,331,114402
197,114478,583,325,605,346,594,335,114403
198,114479,443,0,533,74,488,37,114405
198,114480,539,247,570,273,554,260,114406
198,114481,596,233,620,263,608,248,114407
198,114482,467,183,490,229,478,206,114408
198,114483,597,127,623,165,610,146,114409
198,114484,268,1,345,49,306,25,114410
198,114485,381,121,402,156,391,138,114411
198,114486,529,70,556,96,542,83,114412
198,114487,416,113,442,146,429,129,114413
198,114488,529,174,553,193,541,183,114414
198,114489,60,165,84,185,72,175,114415
198,114490,543,206,577,231,560,218,114416
198,114491,96,167,116,198,106,182,114417
198,114492,361,45,383,70,372,57,114418
198,114493,496,85,519,110,507,97,114419
198,114494,28,235,44,259,36,247,114420
198,114495,207,316,231,344,219,330,114421
198,114496,398,275,421,295,409,285,114422
198,114497,300,52,321,85,310,68,114423
198,114498,245,52,267,82,256,67,114424
198,114499,609,0,636,21,622,10,114425
198,114500,278,290,302,311,290,300,114426
198,114501,271,75,291,105,281,90,114427
198,114502,503,26,522,57,512,41,114428
198,114503,573,69,609,96,591,82,114429
198,114504,261,178,281,210,271,194,114430
198,114505,428,29,455,55,441,42,114431
198,114506,379,12,406,40,392,26,114432
198,114507,612,46,636,75,624,60,114433
198,114508,292,223,315,252,303,237,114434
198,114509,349,69,379,91,364,80,114435
198,114510,119,89,137,114,128,101,114436
198,114511,388,31,409,59,398,45,114437
198,114512,232,84,256,107,244,95,114438
198,114513,429,275,452,301,440,288,114439
198,114514,35,121,54,142,44,131,114440
198,114515,71,129,88,155,79,142,114441
198,114516,57,97,80,123,68,110,114442
198,114517,229,50,249,73,239,61,114443
198,114518,200,13,220,33,210,23,114444
198,114519,212,24,237,45,224,34,114445
198,114520,37,158,56,177,46,167,114446
198,114521,351,260,370,289,360,274,114447
198,114522,40,88,56,114,48,101,114448
198,114523,486,255,513,277,499,266,114449
198,114524,46,231,65,250,55,240,114450
198,114525,30,272,46,296,38,284,114451
198,114526,273,0,289,31,281,15,114452
198,114527,322,2,340,21,331,11,114453
198,114528,128,0,187,23,157,11,114454
198,114529,586,6,607,22,596,14,114455
198,114530,52,17,68,53,60,35,114456
198,114531,132,0,151,13,141,6,114457
198,114532,630,67,639,89,634,78,114458
198,114533,164,0,178,4,171,2,114459
198,114534,522,12,545,34,533,23,114460
198,114535,328,244,351,267,339,255,114461
198,114536,217,0,228,7,222,3,114462
198,114537,403,308,425,327,414,317,114463
198,114538,67,21,81,39,74,30,114464
198,114539,250,0,268,7,259,3,114465
198,114540,182,83,208,103,195,93,114466
198,114541,196,56,212,83,204,69,114467
198,114542,526,163,553,173,539,168,114468
198,114543,382,279,399,296,390,287,114469
198,114544,315,127,337,153,326,140,114470
198,114545,56,285,72,310,64,297,114471
198,114546,382,300,403,315,392,307,114472
198,114547,307,98,333,121,320,109,114473
198,114548,351,85,377,114,364,99,114474
198,114549,567,305,594,326,580,315,114476
198,114550,618,321,639,341,628,331,114477
198,114551,583,325,605,346,594,335,114478
198,114552,564,351,593,359,578,355,
199,114553,443,0,533,74,488,37,114479
199,114554,539,247,570,273,554,260,114480
199,114555,596,233,621,263,608,248,114481
199,114556,467,183,490,229,478,206,114482
199,114557,597,127,623,165,610,146,114483
199,114558,268,1,345,49,306,25,114484
199,114559,381,121,402,156,391,138,114485
199,114560,529,70,556,96,542,83,114486
199,114561,416,113,442,146,429,129,114487
199,114562,529,174,553,193,541,183,114488
199,114563,60,165,84,185,72,175,114489
199,114564,543,206,578,231,560,218,114490
199,114565,96,167,116,198,106,182,114491
199,114566,361,45,383,70,372,57,114492
199,114567,496,85,519,110,507,97,114493
199,114568,28,235,44,259,36,247,114494
199,114569,207,316,231,344,219,330,114495
199,114570,398,275,421,295,409,285,114496
199,114571,300,52,321,85,310,68,114497
199,114572,245,52,267,82,256,67,114498
199,114573,609,0,636,21,622,10,114499
199,114574,278,290,302,311,290,300,114500
199,114575,271,75,291,105,281,90,114501
199,114576,503,26,522,57,512,41,114502
199,114577,573,69,609,96,591,82,114503
199,114578,261,178,281,210,271,194,114504
199,114579,428,29,455,54,441,41,114505
199,114580,379,12,406,40,392,26,114506
199,114581,612,46,636,75,624,60,114507
199,114582,292,223,315,252,303,237,114508
199,114583,349,69,379,90,364,79,114509
199,114584,119,89,137,114,128,101,114510
199,114585,388,31,409,59,398,45,114511
199,114586,232,84,256,107,244,95,114512
199,114587,429,275,452,301,440,288,114513
199,114588,35,121,54,142,44,131,114514
199,114589,71,129,88,155,79,142,114515
199,114590,57,97,80,122,68,109,114516
199,114591,229,50,249,73,239,61,114517
199,114592,200,13,220,33,210,23,114518
199,114593,212,24,237,45,224,34,114519
199,114594,37,158,56,177,46,167,114520
199,114595,351,261,370,289,360,275,114521
199,114596,40,88,56,114,48,101,114522
199,114597,486,255,513,277,499,266,114523
199,114598,47,232,66,251,56,241,114524
199,114599,30,272,46,296,38,284,114525
199,114600,273,0,289,31,281,15,114526
199,114601,322,2,340,21,331,11,114527
199,114602,128,0,187,23,157,11,114528
199,114603,586,6,607,22,596,14,114529
199,114604,52,17,68,53,60,35,114530
199,114605,132,0,151,13,141,6,114531
199,114606,630,67,639,89,634,78,114532
199,114607,164,0,178,4,171,2,114533
199,114608,522,12,545,34,533,23,114534
199,114609,328,244,351,267,339,255,114535
199,114610,217,0,228,7,222,3,114536
199,114611,403,308,425,327,414,317,114537
199,114612,67,21,81,39,74,30,114538
199,114613,250,0,268,7,259,3,114539
199,114614,182,83,208,103,195,93,114540
199,114615,196,56,212,83,204,69,114541
199,114616,526,163,553,173,539,168,114542
199,114617,382,279,399,296,390,287,114543
199,114618,315,127,337,153,326,140,114544
199,114619,56,283,72,309,64,296,114545
199,114620,382,300,403,315,392,307,114546
199,114621,307,98,333,120,320,109,114547
199,114622,351,85,378,114,364,99,114548
199,114623,567,305,594,326,580,315,114549
199,114624,616,321,639,341,627,331,114550
199,114625,583,326,605,346,594,336,114551
199,114626,564,351,593,359,578,355,114552
200,114627,443,0,533,73,488,36,114553
200,114628,539,247,570,273,554,260,114554
200,114629,596,234,620,263,608,248,114555
200,114630,468,183,490,229,479,206,114556
200,114631,597,127,623,165,610,146,114557
200,114632,268,1,345,49,306,25,114558
200,114633,381,121,403,156,392,138,114559
200,114634,529,70,556,96,542,83,114560
200,114635,417,112,442,145,429,128,114561
200,114636,529,166,553,193,541,179,114562
200,114637,60,165,84,185,72,175,114563
200,114638,543,207,577,231,560,219,114564
200,114639,96,167,115,198,105,182,114565
200,114640,361,45,383,69,372,57,114566
200,114641,496,85,520,110,508,97,114567
200,114642,28,235,43,259,35,247,114568
200,114643,208,316,231,344,219,330,114569
200,114644,398,275,420,294,409,284,114570
200,114645,300,52,321,84,310,68,114571
200,114646,245,52,267,82,256,67,114572
200,114647,609,0,636,21,622,10,114573
200,114648,278,290,302,311,290,300,114574
200,114649,271,74,291,105,281,89,114575
200,114650,503,26,522,57,512,41,114576
200,114651,573,69,609,97,591,83,114577
200,114652,261,178,281,210,271,194,114578
200,114653,428,29,456,54,442,41,114579
200,114654,379,12,406,40,392,26,114580
200,114655,612,46,636,75,624,60,114581
200,114656,292,222,315,252,303,237,114582
200,114657,349,69,379,91,364,80,114583
200,114658,119,89,136,114,127,101,114584
200,114659,388,31,409,59,398,45,114585
200,114660,233,84,256,107,244,95,114586
200,114661,429,275,452,301,440,288,114587
200,114662,35,121,54,142,44,131,114588
200,114663,71,130,87,155,79,142,114589
200,114664,57,98,80,122,68,110,114590
200,114665,229,50,250,73,239,61,114591
200,114666,200,13,220,33,210,23,114592
200,114667,214,24,237,45,225,34,114593
200,114668,37,158,55,177,46,167,114594
200,114669,351,261,370,290,360,275,114595
200,114670,39,88,56,114,47,101,114596
200,114671,486,255,513,277,499,266,114597
200,114672,50,233,68,252,59,242,114598
200,114673,30,272,46,296,38,284,114599
200,114674,273,0,289,31,281,15,114600
200,114675,322,2,339,21,330,11,114601
200,114676,129,0,187,23,158,11,114602
200,114677,586,6,607,22,596,14,114603
200,114678,52,17,68,53,60,35,114604
200,114679,133,0,151,13,142,6,114605
200,114680,630,67,639,89,634,78,114606
200,114681,164,0,178,4,171,2,114607
200,114682,522,12,545,34,533,23,114608
200,114683,328,245,350,267,339,256,114609
200,114684,217,0,228,8,222,4,114610
200,114685,403,308,425,327,414,317,114611
200,114686,67,21,81,39,74,30,114612
200,114687,251,0,268,6,259,3,114613
200,114688,183,83,208,104,195,93,114614
200,114689,196,56,212,83,204,69,114615
200,114690,382,279,400,296,391,287,114617
200,114691,315,127,337,153,326,140,114618
200,114692,56,280,72,307,64,293,114619
200,114693,307,98,333,121,320,109,114621
200,114694,351,86,377,114,364,100,114622
200,114695,567,304,595,325,581,314,114623
200,114696,614,320,639,340,626,330,114624
200,114697,583,325,605,346,594,335,114625
200,114698,565,351,592,359,578,355,114626
200,114699,405,294,429,306,417,300,
201,114700,443,0,533,73,488,36,114627
201,114701,539,247,570,273,554,260,114628
201,114702,596,234,620,263,608,248,114629
201,114703,468,183,490,229,479,206,114630
201,114704,597,127,622,165,609,146,114631
201,114705,268,1,345,49,306,25,114632
201,114706,381,121,403,157,392,139,114633
201,114707,529,70,556,96,542,83,114634
201,114708,417,112,442,145,429,128,114635
201,114709,529,164,554,193,541,178,114636
201,114710,60,165,84,185,72,175,114637
201,114711,544,207,578,231,561,219,114638
201,114712,96,167,115,197,105,182,114639
201,114713,362,45,383,69,372,57,114640
201,114714,496,85,520,110,508,97,114641
201,114715,28,235,43,258,35,246,114642
201,114716,208,316,231,344,219,330,114643
201,114717,398,275,420,294,409,284,114644
201,114718,300,52,321,84,310,68,114645
201,114719,245,52,267,82,256,67,114646
201,114720,609,0,636,21,622,10,114647
201,114721,278,290,302,311,290,300,114648
201,114722,271,74,291,106,281,90,114649
201,114723,503,26,522,57,512,41,114650
201,114724,573,69,609,97,591,83,114651
201,114725,261,178,281,210,271,194,114652
201,114726,428,29,456,54,442,41,114653
201,114727,379,12,406,40,392,26,114654
201,114728,612,46,637,75,624,60,114655
201,114729,292,222,315,252,303,237,114656
201,114730,349,69,379,91,364,80,114657
201,114731,119,89,136,114,127,101,114658
201,114732,388,31,409,60,398,45,114659
201,114733,233,84,256,107,244,95,114660
201,114734,430,275,452,301,441,288,114661
201,114735,35,121,54,142,44,131,114662
201,114736,71,130,87,155,79,142,114663
201,114737,57,98,80,122,68,110,114664
201,114738,229,50,250,73,239,61,114665
201,114739,200,13,220,33,210,23,114666
201,114740,215,24,237,45,226,34,114667
201,114741,37,158,55,177,46,167,114668
201,114742,351,261,370,290,360,275,114669
201,114743,39,88,56,114,47,101,114670
201,114744,486,254,513,278,499,266,114671
201,114745,51,233,68,253,59,243,114672
201,114746,30,272,46,296,38,284,114673
201,114747,273,0,289,31,281,15,114674
201,114748,322,2,339,21,330,11,114675
201,114749,129,0,188,23,158,11,114676
201,114750,586,6,607,22,596,14,114677
201,114751,52,17,68,52,60,34,114678
201,114752,133,0,151,13,142,6,114679
201,114753,630,67,639,89,634,78,114680
201,114754,164,0,177,4,170,2,114681
201,114755,522,12,545,34,533,23,114682
201,114756,328,245,350,267,339,256,114683
201,114757,217,0,228,8,222,4,114684
201,114758,403,309,425,327,414,318,114685
201,114759,67,21,81,39,74,30,114686
201,114760,251,0,268,6,259,3,114687
201,114761,183,83,208,104,195,93,114688
201,114762,196,56,212,83,204,69,114689
201,114763,382,279,400,296,391,287,114690
201,114764,315,127,337,153,326,140,114691
201,114765,56,279,72,306,64,292,114692
201,114766,307,98,333,121,320,109,114693
201,114767,351,86,377,114,364,100,114694
201,114768,568,304,595,325,581,314,114695
201,114769,614,319,639,340,626,329,114696
201,114770,583,325,606,346,594,335,114697
201,114771,566,351,592,359,579,355,114698
201,114772,405,293,429,306,417,299,114699
202,114773,442,0,533,73,487,36,114700
202,114774,539,247,570,273,554,260,114701
202,114775,596,234,620,263,608,248,114702
202,114776,468,183,490,229,479,206,114703
202,114777,597,127,622,165,609,146,114704
202,114778,268,1,346,50,307,25,114705
202,114779,381,121,403,157,392,139,114706
202,114780,529,70,556,96,542,83,114707
202,114781,417,112,442,145,429,128,114708
202,114782,529,163,553,192,541,177,114709
202,114783,60,164,84,185,72,174,114710
202,114784,543,207,577,231,560,219,114711
202,114785,96,167,115,198,105,182,114712
202,114786,362,45,383,69,372,57,114713
202,114787,496,85,520,110,508,97,114714
202,114788,28,235,43,259,35,247,114715
202,114789,208,316,231,344,219,330,114716
202,114790,398,275,420,295,409,285,114717
202,114791,300,52,321,84,310,68,114718
202,114792,245,52,267,82,256,67,114719
202,114793,609,0,637,21,623,10,114720
202,114794,278,290,302,311,290,300,114721
202,114795,271,74,291,106,281,90,114722
202,114796,503,26,522,57,512,41,114723
202,114797,573,69,609,97,591,83,114724
202,114798,261,178,281,210,271,194,114725
202,114799,428,29,457,54,442,41,114726
202,114800,379,12,406,40,392,26,114727
202,114801,612,46,637,75,624,60,114728
202,114802,292,222,315,252,303,237,114729
202,114803,349,69,379,90,364,79,114730
202,114804,119,89,136,114,127,101,114731
202,114805,388,31,409,60,398,45,114732
202,114806,233,84,256,107,244,95,114733
202,114807,430,276,452,301,441,288,114734
202,114808,35,121,54,142,44,131,114735
202,114809,71,130,87,155,79,142,114736
202,114810,57,98,80,122,68,110,114737
202,114811,229,50,250,73,239,61,114738
202,114812,200,13,220,33,210,23,114739
202,114813,215,24,237,45,226,34,114740
202,114814,37,158,55,177,46,167,114741
202,114815,351,262,370,290,360,276,114742
202,114816,40,88,56,114,48,101,114743
202,114817,486,254,513,278,499,266,114744
202,114818,53,235,71,254,62,244,114745
202,114819,30,272,46,297,38,284,114746
202,114820,273,0,289,31,281,15,114747
202,114821,322,2,339,21,330,11,114748
202,114822,128,0,188,23,158,11,114749
202,114823,586,6,607,22,596,14,114750
202,114824,53,17,68,52,60,34,114751
202,114825,133,0,151,13,142,6,114752
202,114826,630,67,639,89,634,78,114753
202,114827,164,0,177,5,170,2,114754
202,114828,522,12,545,34,533,23,114755
202,114829,328,245,350,267,339,256,114756
202,114830,217,0,228,8,222,4,114757
202,114831,403,309,425,328,414,318,114758
202,114832,67,21,81,40,74,30,114759
202,114833,252,0,268,6,260,3,114760
202,114834,183,83,208,104,195,93,114761
202,114835,196,56,212,84,204,70,114762
202,114836,382,279,400,296,391,287,114763
202,114837,315,127,337,153,326,140,114764
202,114838,56,279,72,304,64,291,114765
202,114839,307,98,334,121,320,109,114766
202,114840,351,86,377,114,364,100,114767
202,114841,568,303,595,324,581,313,114768
202,114842,611,319,639,339,625,329,114769
202,114843,582,326,605,346,593,336,114770
202,114844,566,351,592,359,579,355,114771
202,114845,405,293,429,306,417,299,114772
203,114846,442,0,533,73,487,36,114773
203,114847,540,247,570,273,555,260,114774
203,114848,596,234,620,263,608,248,114775
203,114849,468,183,490,229,479,206,114776
203,114850,597,127,622,165,609,146,114777
203,114851,268,1,346,50,307,25,114778
203,114852,381,121,403,157,392,139,114779
203,114853,529,70,556,96,542,83,114780
203,114854,417,112,442,145,429,128,114781
203,114855,529,162,553,192,541,177,114782
203,114856,60,164,84,185,72,174,114783
203,114857,543,207,577,231,560,219,114784
203,114858,96,167,115,198,105,182,114785
203,114859,362,45,383,69,372,57,114786
203,114860,496,85,520,110,508,97,114787
203,114861,28,235,43,259,35,247,114788
203,114862,208,316,231,344,219,330,114789
203,114863,398,275,420,295,409,285,114790
203,114864,300,52,321,84,310,68,114791
203,114865,245,52,267,82,256,67,114792
203,114866,610,0,637,21,623,10,114793
203,114867,278,290,302,311,290,300,114794
203,114868,271,74,291,106,281,90,114795
203,114869,503,26,522,57,512,41,114796
203,114870,573,69,609,97,591,83,114797
203,114871,261,178,281,210,271,194,114798
203,114872,427,29,457,55,442,42,114799
203,114873,379,12,406,40,392,26,114800
203,114874,612,46,637,76,624,61,114801
203,114875,292,222,315,252,303,237,114802
203,114876,349,69,379,90,364,79,114803
203,114877,119,89,136,114,127,101,114804
203,114878,388,31,409,60,398,45,114805
203,114879,233,84,256,107,244,95,114806
203,114880,430,276,452,301,441,288,114807
203,114881,35,121,54,142,44,131,114808
203,114882,71,130,87,155,79,142,114809
203,114883,57,98,80,122,68,110,114810
203,114884,229,50,250,73,239,61,114811
203,114885,200,13,220,33,210,23,114812
203,114886,215,24,237,45,226,34,114813
203,114887,37,158,55,177,46,167,114814
203,114888,351,262,370,290,360,276,114815
203,114889,40,88,56,114,48,101,114816
203,114890,486,254,513,278,499,266,114817
203,114891,54,235,72,255,63,245,114818
203,114892,30,272,46,297,38,284,114819
203,114893,273,0,289,31,281,15,114820
203,114894,322,2,339,21,330,11,114821
203,114895,128,0,188,23,158,11,114822
203,114896,586,6,607,22,596,14,114823
203,114897,53,17,68,52,60,34,114824
203,114898,133,0,151,13,142,6,114825
203,114899,630,67,639,89,634,78,114826
203,114900,164,0,177,5,170,2,114827
203,114901,522,12,545,34,533,23,114828
203,114902,328,245,350,267,339,256,114829
203,114903,217,0,228,8,222,4,114830
203,114904,402,309,425,328,413,318,114831
203,114905,67,21,81,40,74,30,114832
203,114906,252,0,268,6,260,3,114833
203,114907,183,83,208,104,195,93,114834
203,114908,196,56,212,84,204,70,114835
203,114909,382,279,400,296,391,287,114836
203,114910,315,127,337,153,326,140,114837
203,114911,56,279,72,303,64,291,114838
203,114912,307,98,334,121,320,109,114839
203,114913,351,86,377,114,364,100,114840
203,114914,569,303,595,323,582,313,114841
203,114915,610,319,639,339,624,329,114842
203,114916,582,326,605,346,593,336,114843
203,114917,566,351,592,359,579,355,114844
203,114918,405,293,429,306,417,299,114845
204,114919,442,0,533,73,487,36,114846
204,114920,540,247,570,273,555,260,114847
204,114921,596,234,620,262,608,248,114848
204,114922,468,183,490,229,479,206,114849
204,114923,597,127,623,165,610,146,114850
204,114924,268,1,346,49,307,25,114851
204,114925,381,121,403,157,392,139,114852
204,114926,529,70,556,96,542,83,114853
204,114927,417,112,442,145,429,128,114854
204,114928,529,162,553,192,541,177,114855
204,114929,60,164,84,185,72,174,114856
204,114930,543,207,578,231,560,219,114857
204,114931,96,167,115,198,105,182,114858
204,114932,362,45,383,69,372,57,114859
204,114933,496,85,520,110,508,97,114860
204,114934,28,235,43,258,35,246,114861
204,114935,208,316,231,344,219,330,114862
204,114936,398,275,420,295,409,285,114863
204,114937,300,52,322,84,311,68,114864
204,114938,245,52,267,82,256,67,114865
204,114939,610,0,637,21,623,10,114866
204,114940,278,290,302,311,290,300,114867
204,114941,271,74,291,105,281,89,114868
204,114942,503,26,522,57,512,41,114869
204,114943,573,69,609,97,591,83,114870
204,114944,261,178,281,210,271,194,114871
204,114945,428,29,457,55,442,42,114872
204,114946,379,12,406,40,392,26,114873
204,114947,612,46,637,75,624,60,114874
204,114948,292,222,315,252,303,237,114875
204,114949,349,69,379,90,364,79,114876
204,114950,119,89,136,114,127,101,114877
204,114951,388,31,409,59,398,45,114878
204,114952,233,84,256,107,244,95,114879
204,114953,430,276,452,301,441,288,114880
204,114954,35,121,54,142,44,131,114881
204,114955,71,130,87,155,79,142,114882
204,114956,57,98,80,122,68,110,114883
204,114957,229,50,250,73,239,61,114884
204,114958,200,13,220,33,210,23,114885
204,114959,215,24,237,45,226,34,114886
204,114960,38,158,55,177,46,167,114887
204,114961,351,265,369,291,360,278,114888
204,114962,40,88,56,114,48,101,114889
204,114963,486,254,513,278,499,266,114890
204,114964,59,237,77,257,68,247,
204,114965,30,272,45,296,37,284,114892
204,114966,273,0,289,31,281,15,114893
204,114967,322,2,339,21,330,11,114894
204,114968,128,0,188,23,158,11,114895
204,114969,586,6,606,22,596,14,114896
204,114970,52,17,68,52,60,34,114897
204,114971,133,0,151,13,142,6,114898
204,114972,630,67,639,88,634,77,114899
204,114973,164,0,177,5,170,2,114900
204,114974,523,12,545,34,534,23,114901
204,114975,328,245,350,267,339,256,114902
204,114976,217,0,228,8,222,4,114903
204,114977,402,309,425,328,413,318,114904
204,114978,67,21,81,40,74,30,114905
204,114979,252,0,269,6,260,3,114906
204,114980,183,83,208,104,195,93,114907
204,114981,196,56,212,83,204,69,114908
204,114982,382,279,400,296,391,287,114909
204,114983,315,127,337,153,326,140,114910
204,114984,56,275,72,300,64,287,114911
204,114985,307,98,333,121,320,109,114912
204,114986,351,86,377,115,364,100,114913
204,114987,572,303,598,323,585,313,114914
204,114988,610,319,639,339,624,329,114915
204,114989,583,325,605,346,594,335,114916
204,114990,566,351,592,359,579,355,114917
204,114991,404,294,429,306,416,300,114918
205,114992,442,0,532,73,487,36,114919
205,114993,540,247,570,273,555,260,114920
205,114994,596,234,620,262,608,248,114921
205,114995,468,183,490,229,479,206,114922
205,114996,597,127,623,165,610,146,114923
205,114997,268,1,345,49,306,25,114924
205,114998,381,121,403,156,392,138,114925
205,114999,529,70,556,96,542,83,114926
205,115000,417,112,442,145,429,128,114927
205,115001,529,162,553,192,541,177,114928
205,115002,60,164,84,185,72,174,114929
205,115003,543,207,578,231,560,219,114930
205,115004,96,167,115,198,105,182,114931
205,115005,362,45,383,69,372,57,114932
205,115006,496,85,520,110,508,97,114933
205,115007,28,235,43,258,35,246,114934
205,115008,208,316,231,344,219,330,114935
205,115009,398,274,420,295,409,284,114936
205,115010,300,52,322,84,311,68,114937
205,115011,245,52,267,82,256,67,114938
205,115012,610,0,637,21,623,10,114939
205,115013,278,290,302,311,290,300,114940
205,115014,271,74,291,105,281,89,114941
205,115015,503,26,523,57,513,41,114942
205,115016,573,69,609,97,591,83,114943
205,115017,261,178,281,210,271,194,114944
205,115018,428,28,457,56,442,42,114945
205,115019,379,12,406,40,392,26,114946
205,115020,612,46,637,75,624,60,114947
205,115021,292,222,315,252,303,237,114948
205,115022,349,69,379,90,364,79,114949
205,115023,119,90,136,114,127,102,114950
205,115024,388,31,409,59,398,45,114951
205,115025,232,84,256,107,244,95,114952
205,115026,430,275,452,301,441,288,114953
205,115027,35,121,54,142,44,131,114954
205,115028,71,130,87,155,79,142,114955
205,115029,57,98,80,122,68,110,114956
205,115030,229,50,250,73,239,61,114957
205,115031,200,13,220,33,210,23,114958
205,115032,215,24,237,45,226,34,114959
205,115033,38,158,55,177,46,167,114960
205,115034,351,266,369,291,360,278,114961
205,115035,40,88,56,115,48,101,114962
205,115036,486,254,513,277,499,265,114963
205,115037,62,240,80,260,71,250,114964
205,115038,28,272,44,295,36,283,114965
205,115039,273,0,289,31,281,15,114966
205,115040,322,2,339,21,330,11,114967
205,115041,128,0,188,23,158,11,114968
205,115042,586,6,606,22,596,14,114969
205,115043,52,17,68,52,60,34,114970
205,115044,133,0,151,13,142,6,114971
205,115045,630,67,639,88,634,77,114972
205,115046,163,0,177,5,170,2,114973
205,115047,523,12,545,35,534,23,114974
205,115048,328,245,351,267,339,256,114975
205,115049,217,0,228,8,222,4,114976
205,115050,402,309,425,328,413,318,114977
205,115051,67,21,81,40,74,30,114978
205,115052,252,0,269,6,260,3,114979
205,115053,183,83,208,104,195,93,114980
205,115054,196,56,212,83,204,69,114981
205,115055,382,279,399,296,390,287,114982
205,115056,315,127,337,153,326,140,114983
205,115057,57,272,72,297,64,284,114984
205,115058,307,98,333,121,320,109,114985
205,115059,351,86,377,115,364,100,114986
205,115060,575,304,599,323,587,313,114987
205,115061,610,319,639,338,624,328,114988
205,115062,583,325,605,346,594,335,114989
205,115063,567,351,592,359,579,355,114990
205,115064,404,293,429,307,416,300,114991
205,115065,527,162,553,179,540,170,114928
206,115066,442,0,533,73,487,36,114992
206,115067,539,247,570,273,554,260,114993
206,115068,596,233,620,262,608,247,114994
206,115069,468,183,490,229,479,206,114995
206,115070,597,127,623,165,610,146,114996
206,115071,268,1,345,49,306,25,114997
206,115072,381,121,403,156,392,138,114998
206,115073,529,70,556,96,542,83,114999
206,115074,417,112,442,145,429,128,115000
206,115075,528,162,553,192,540,177,115001
206,115076,60,164,84,185,72,174,115002
206,115077,543,207,578,231,560,219,115003
206,115078,96,167,115,198,105,182,115004
206,115079,361,45,383,69,372,57,115005
206,115080,496,85,520,110,508,97,115006
206,115081,28,236,43,258,35,247,115007
206,115082,208,316,231,344,219,330,115008
206,115083,398,274,420,295,409,284,115009
206,115084,300,52,322,84,311,68,115010
206,115085,245,52,267,82,256,67,115011
206,115086,610,0,637,21,623,10,115012
206,115087,278,290,301,311,289,300,115013
206,115088,271,74,291,105,281,89,115014
206,115089,503,26,522,57,512,41,115015
206,115090,573,69,609,97,591,83,115016
206,115091,261,178,281,210,271,194,115017
206,115092,428,27,457,56,442,41,115018
206,115093,379,12,406,40,392,26,115019
206,115094,612,46,636,75,624,60,115020
206,115095,292,222,315,252,303,237,115021
206,115096,349,68,379,90,364,79,115022
206,115097,119,90,136,114,127,102,115023
206,115098,388,31,409,59,398,45,115024
206,115099,233,84,256,107,244,95,115025
206,115100,429,275,452,301,440,288,115026
206,115101,35,121,54,142,44,131,115027
206,115102,71,130,87,155,79,142,115028
206,115103,57,98,80,123,68,110,115029
206,115104,229,50,250,73,239,61,115030
206,115105,200,13,220,33,210,23,115031
206,115106,215,24,237,45,226,34,115032
206,115107,38,158,55,177,46,167,115033
206,115108,350,267,369,291,359,279,115034
206,115109,40,88,56,114,48,101,115035
206,115110,486,255,512,277,499,266,115036
206,115111,65,242,83,260,74,251,115037
206,115112,28,272,43,295,35,283,115038
206,115113,273,0,289,31,281,15,115039
206,115114,322,2,339,21,330,11,115040
206,115115,128,0,188,23,158,11,115041
206,115116,586,6,606,22,596,14,115042
206,115117,52,17,68,52,60,34,115043
206,115118,133,0,151,13,142,6,115044
206,115119,630,66,639,87,634,76,115045
206,115120,164,0,177,5,170,2,115046
206,115121,522,12,545,35,533,23,115047
206,115122,328,245,351,267,339,256,115048
206,115123,217,0,228,8,222,4,115049
206,115124,402,309,425,328,413,318,115050
206,115125,67,21,81,40,74,30,115051
206,115126,183,83,208,104,195,93,115053
206,115127,196,56,212,83,204,69,115054
206,115128,382,279,399,296,390,287,115055
206,115129,315,127,337,153,326,140,115056
206,115130,57,270,72,295,64,282,115057
206,115131,307,98,333,121,320,109,115058
206,115132,351,86,377,115,364,100,115059
206,115133,576,304,600,323,588,313,115060
206,115134,609,319,639,338,624,328,115061
206,115135,583,325,605,347,594,336,115062
206,115136,567,351,592,359,579,355,115063
206,115137,405,294,429,307,417,300,115064
206,115138,527,163,553,180,540,171,115001
207,115139,442,0,533,73,487,36,115066
207,115140,539,247,570,273,554,260,115067
207,115141,596,233,620,262,608,247,115068
207,115142,468,183,490,229,479,206,115069
207,115143,597,127,623,165,610,146,115070
207,115144,268,1,345,49,306,25,115071
207,115145,382,121,403,157,392,139,115072
207,115146,529,70,556,96,542,83,115073
207,115147,417,112,442,145,429,128,115074
207,115148,528,162,553,192,540,177,115075
207,115149,60,164,84,185,72,174,115076
207,115150,543,207,578,231,560,219,115077
207,115151,96,167,115,198,105,182,115078
207,115152,361,45,383,69,372,57,115079
207,115153,496,85,520,110,508,97,115080
207,115154,28,236,43,258,35,247,115081
207,115155,208,316,231,344,219,330,115082
207,115156,398,274,420,295,409,284,115083
207,115157,300,52,322,84,311,68,115084
207,115158,245,52,267,82,256,67,115085
207,115159,610,0,637,21,623,10,115086
207,115160,278,290,301,311,289,300,115087
207,115161,271,74,291,105,281,89,115088
207,115162,503,26,522,57,512,41,115089
207,115163,573,69,609,97,591,83,115090
207,115164,261,178,281,210,271,194,115091
207,115165,428,27,457,53,442,40,115092
207,115166,379,12,406,40,392,26,115093
207,115167,612,46,636,75,624,60,115094
207,115168,292,222,315,252,303,237,115095
207,115169,349,68,379,90,364,79,115096
207,115170,119,90,136,114,127,102,115097
207,115171,389,31,409,59,399,45,115098
207,115172,233,84,256,107,244,95,115099
207,115173,429,274,452,301,440,287,115100
207,115174,35,121,54,142,44,131,115101
207,115175,71,130,87,155,79,142,115102
207,115176,57,98,80,123,68,110,115103
207,115177,229,50,249,73,239,61,115104
207,115178,200,13,220,33,210,23,115105
207,115179,215,24,237,45,226,34,115106
207,115180,38,158,55,177,46,167,115107
207,115181,350,268,369,291,359,279,115108
207,115182,40,88,56,114,48,101,115109
207,115183,486,255,512,277,499,266,115110
207,115184,69,243,86,261,77,252,115111
207,115185,27,272,42,294,34,283,115112
207,115186,273,0,289,31,281,15,115113
207,115187,322,2,339,21,330,11,115114
207,115188,128,0,188,23,158,11,115115
207,115189,586,6,606,22,596,14,115116
207,115190,52,17,68,52,60,34,115117
207,115191,133,0,151,13,142,6,115118
207,115192,630,66,639,87,634,76,115119
207,115193,164,0,177,5,170,2,115120
207,115194,522,12,546,35,534,23,115121
207,115195,328,244,351,267,339,255,115122
207,115196,217,0,228,8,222,4,115123
207,115197,402,308,426,328,414,318,115124
207,115198,67,21,81,40,74,30,115125
207,115199,183,83,208,104,195,93,115126
207,115200,196,56,212,83,204,69,115127
207,115201,382,279,399,296,390,287,115128
207,115202,315,127,337,153,326,140,115129
207,115203,57,269,72,294,64,281,115130
207,115204,307,98,333,121,320,109,115131
207,115205,351,86,377,115,364,100,115132
207,115206,577,304,602,323,589,313,115133
207,115207,609,320,639,338,624,329,115134
207,115208,583,325,605,347,594,336,115135
207,115209,567,351,592,359,579,355,115136
207,115210,405,294,429,307,417,300,115137
207,115211,527,163,553,180,540,171,115075
208,115212,442,0,533,73,487,36,115139
208,115213,539,247,570,273,554,260,115140
208,115214,595,233,620,262,607,247,115141
208,115215,468,183,490,229,479,206,115142
208,115216,597,127,623,165,610,146,115143
208,115217,268,1,345,49,306,25,115144
208,115218,382,121,403,157,392,139,115145
208,115219,529,70,556,96,542,83,115146
208,115220,417,112,442,145,429,128,115147
208,115221,528,163,553,192,540,177,115148
208,115222,60,164,84,185,72,174,115149
208,115223,543,207,578,231,560,219,115150
208,115224,96,167,115,198,105,182,115151
208,115225,361,45,383,69,372,57,115152
208,115226,496,85,520,110,508,97,115153
208,115227,28,236,43,258,35,247,115154
208,115228,208,316,231,344,219,330,115155
208,115229,397,274,420,295,408,284,115156
208,115230,300,52,322,84,311,68,115157
208,115231,245,52,267,82,256,67,115158
208,115232,610,0,637,21,623,10,115159
208,115233,278,290,301,311,289,300,115160
208,115234,271,74,291,105,281,89,115161
208,115235,503,26,522,57,512,41,115162
208,115236,573,69,609,97,591,83,115163
208,115237,261,178,281,210,271,194,115164
208,115238,428,27,456,52,442,39,115165
208,115239,379,12,406,40,392,26,115166
208,115240,612,46,636,75,624,60,115167
208,115241,292,222,315,252,303,237,115168
208,115242,349,68,379,90,364,79,115169
208,115243,119,90,136,114,127,102,115170
208,115244,389,31,409,59,399,45,115171
208,115245,233,84,256,107,244,95,115172
208,115246,429,274,452,301,440,287,115173
208,115247,35,121,54,142,44,131,115174
208,115248,71,130,87,155,79,142,115175
208,115249,57,98,80,123,68,110,115176
208,115250,229,50,249,73,239,61,115177
208,115251,200,13,220,33,210,23,115178
208,115252,215,24,237,45,226,34,115179
208,115253,38,158,55,177,46,167,115180
208,115254,350,269,368,291,359,280,115181
208,115255,40,88,56,114,48,101,115182
208,115256,486,255,512,277,499,266,115183
208,115257,70,243,88,262,79,252,115184
208,115258,27,272,42,293,34,282,115185
208,115259,273,0,289,31,281,15,115186
208,115260,322,2,339,21,330,11,115187
208,115261,128,0,188,23,158,11,115188
208,115262,586,6,606,22,596,14,115189
208,115263,52,17,68,52,60,34,115190
208,115264,133,0,151,13,142,6,115191
208,115265,630,65,639,87,634,76,115192
208,115266,164,0,177,5,170,2,115193
208,115267,522,13,546,36,534,24,115194
208,115268,328,244,351,268,339,256,115195
208,115269,217,0,228,8,222,4,115196
208,115270,402,308,426,328,414,318,115197
208,115271,67,21,81,40,74,30,115198
208,115272,183,83,208,104,195,93,115199
208,115273,196,56,212,83,204,69,115200
208,115274,382,279,399,296,390,287,115201
208,115275,315,127,337,153,326,140,115202
208,115276,57,269,72,294,64,281,115203
208,115277,307,98,333,121,320,109,115204
208,115278,351,86,377,115,364,100,115205
208,115279,577,304,602,323,589,313,115206
208,115280,609,320,639,338,624,329,115207
208,115281,583,325,604,347,593,336,115208
208,115282,567,351,592,359,579,355,115209
208,115283,405,294,428,306,416,300,115210
208,115284,527,163,553,180,540,171,115148
209,115285,442,0,533,73,487,36,115212
209,115286,539,247,570,273,554,260,115213
209,115287,595,233,620,262,607,247,115214
209,115288,468,183,490,229,479,206,115215
209,115289,597,127,623,165,610,146,115216
209,115290,268,1,345,49,306,25,115217
209,115291,382,121,403,157,392,139,115218
209,115292,529,70,556,96,542,83,115219
209,115293,417,112,442,145,429,128,115220
209,115294,529,164,553,192,541,178,115221
209,115295,60,164,84,185,72,174,115222
209,115296,543,207,578,231,560,219,115223
209,115297,96,167,115,198,105,182,115224
209,115298,361,45,383,70,372,57,115225
209,115299,496,85,520,110,508,97,115226
209,115300,28,236,43,258,35,247,115227
209,115301,208,316,231,344,219,330,115228
209,115302,398,274,420,295,409,284,115229
209,115303,300,52,321,84,310,68,115230
209,115304,245,52,267,82,256,67,115231
209,115305,610,0,637,21,623,10,115232
209,115306,278,290,301,311,289,300,115233
209,115307,271,74,291,105,281,89,115234
209,115308,503,26,522,57,512,41,115235
209,115309,573,69,609,97,591,83,115236
209,115310,261,178,281,210,271,194,115237
209,115311,428,27,456,49,442,38,115238
209,115312,379,12,406,40,392,26,115239
209,115313,612,46,636,75,624,60,115240
209,115314,292,222,315,252,303,237,115241
209,115315,349,68,379,90,364,79,115242
209,115316,119,90,136,114,127,102,115243
209,115317,389,31,409,59,399,45,115244
209,115318,233,84,256,107,244,95,115245
209,115319,430,274,452,301,441,287,115246
209,115320,35,121,54,142,44,131,115247
209,115321,71,130,87,155,79,142,115248
209,115322,57,98,80,123,68,110,115249
209,115323,229,50,249,73,239,61,115250
209,115324,200,13,220,33,210,23,115251
209,115325,213,24,237,45,225,34,115252
209,115326,38,158,55,177,46,167,115253
209,115327,350,269,368,291,359,280,115254
209,115328,40,88,56,114,48,101,115255
209,115329,486,255,512,277,499,266,115256
209,115330,71,244,89,262,80,253,115257
209,115331,27,272,41,293,34,282,115258
209,115332,273,0,289,31,281,15,115259
209,115333,322,2,339,21,330,11,115260
209,115334,128,0,187,23,157,11,115261
209,115335,586,6,603,22,594,14,115262
209,115336,52,17,68,52,60,34,115263
209,115337,133,0,151,13,142,6,115264
209,115338,631,65,639,86,635,75,115265
209,115339,164,0,177,5,170,2,115266
209,115340,522,16,546,36,534,26,115267
209,115341,328,244,351,267,339,255,115268
209,115342,217,0,228,8,222,4,115269
209,115343,401,308,426,328,413,318,115270
209,115344,67,21,81,40,74,30,115271
209,115345,183,83,208,104,195,93,115272
209,115346,196,56,212,83,204,69,115273
209,115347,382,279,399,295,390,287,115274
209,115348,315,127,337,153,326,140,115275
209,115349,57,269,72,293,64,281,115276
209,115350,307,98,334,121,320,109,115277
209,115351,351,86,377,115,364,100,115278
209,115352,578,304,602,323,590,313,115279
209,115353,609,321,639,339,624,330,115280
209,115354,583,325,604,347,593,336,115281
209,115355,567,351,592,359,579,355,115282
209,115356,405,294,429,307,417,300,115283
209,115357,527,163,553,184,540,173,115221
210,115358,442,0,533,73,487,36,115285
210,115359,539,247,570,273,554,260,115286
210,115360,596,233,620,262,608,247,115287
210,115361,468,183,490,229,479,206,115288
210,115362,597,127,623,165,610,146,115289
210,115363,268,1,345,49,306,25,115290
210,115364,382,121,403,156,392,138,115291
210,115365,529,70,556,96,542,83,115292
210,115366,417,112,442,145,429,128,115293
210,115367,528,163,553,192,540,177,115294
210,115368,60,164,84,185,72,174,115295
210,115369,543,207,578,231,560,219,115296
210,115370,96,167,115,198,105,182,115297
210,115371,361,45,383,69,372,57,115298
210,115372,496,85,520,110,508,97,115299
210,115373,28,236,43,258,35,247,115300
210,115374,208,316,231,344,219,330,115301
210,115375,398,274,419,296,408,285,115302
210,115376,300,52,321,84,310,68,115303
210,115377,245,52,267,82,256,67,115304
210,115378,610,0,637,21,623,10,115305
210,115379,278,290,301,311,289,300,115306
210,115380,271,74,291,105,281,89,115307
210,115381,503,26,522,57,512,41,115308
210,115382,573,69,609,97,591,83,115309
210,115383,261,178,281,210,271,194,115310
210,115384,428,27,456,46,442,36,115311
210,115385,379,12,406,40,392,26,115312
210,115386,612,46,636,75,624,60,115313
210,115387,292,222,315,252,303,237,115314
210,115388,349,69,379,90,364,79,115315
210,115389,119,89,136,114,127,101,115316
210,115390,389,31,410,59,399,45,115317
210,115391,233,84,256,107,244,95,115318
210,115392,431,274,452,300,441,287,115319
210,115393,35,121,54,142,44,131,115320
210,115394,72,130,87,155,79,142,115321
210,115395,57,98,80,123,68,110,115322
210,115396,229,50,249,73,239,61,115323
210,115397,200,13,220,33,210,23,115324
210,115398,213,24,237,45,225,34,115325
210,115399,37,158,55,177,46,167,115326
210,115400,350,270,368,291,359,280,115327
210,115401,40,88,56,114,48,101,115328
210,115402,486,255,512,277,499,266,115329
210,115403,73,244,90,263,81,253,115330
210,115404,27,272,41,293,34,282,115331
210,115405,273,0,289,31,281,15,115332
210,115406,322,2,339,21,330,11,115333
210,115407,128,0,187,23,157,11,115334
210,115408,586,6,600,21,593,13,115335
210,115409,52,17,68,52,60,34,115336
210,115410,133,0,151,13,142,6,115337
210,115411,631,62,639,86,635,74,115338
210,115412,164,0,177,5,170,2,115339
210,115413,523,19,547,36,535,27,115340
210,115414,328,245,351,267,339,256,115341
210,115415,217,0,228,8,222,4,115342
210,115416,401,308,425,328,413,318,115343
210,115417,67,21,81,40,74,30,115344
210,115418,182,83,208,104,195,93,115345
210,115419,196,56,212,83,204,69,115346
210,115420,382,279,399,295,390,287,115347
210,115421,315,127,337,153,326,140,115348
210,115422,57,269,71,292,64,280,115349
210,115423,307,98,333,121,320,109,115350
210,115424,351,86,377,115,364,100,115351
210,115425,579,304,602,323,590,313,115352
210,115426,609,322,639,339,624,330,115353
210,115427,583,325,604,346,593,335,115354
210,115428,566,351,592,359,579,355,115355
210,115429,405,294,429,307,417,300,115356
210,115430,587,7,607,22,597,14,115335
210,115431,428,27,453,54,440,40,115311
211,115432,442,0,533,73,487,36,115358
211,115433,539,247,571,273,555,260,115359
211,115434,595,233,620,262,607,247,115360
211,115435,468,183,490,229,479,206,115361
211,115436,597,127,623,165,610,146,115362
211,115437,269,1,346,50,307,25,115363
211,115438,382,121,403,157,392,139,115364
211,115439,529,70,556,96,542,83,115365
211,115440,417,113,442,145,429,129,115366
211,115441,528,162,554,192,541,177,115367
211,115442,60,164,84,185,72,174,115368
211,115443,543,207,578,231,560,219,115369
211,115444,96,167,115,198,105,182,115370
211,115445,361,45,383,69,372,57,115371
211,115446,496,85,520,110,508,97,115372
211,115447,28,236,43,258,35,247,115373
211,115448,208,316,231,344,219,330,115374
211,115449,397,274,419,296,408,285,115375
211,115450,300,52,321,84,310,68,115376
211,115451,245,52,267,82,256,67,115377
211,115452,610,0,637,21,623,10,115378
211,115453,278,291,301,311,289,301,115379
211,115454,271,74,291,105,281,89,115380
211,115455,502,26,522,57,512,41,115381
211,115456,573,69,609,97,591,83,115382
211,115457,261,178,281,210,271,194,115383
211,115458,428,26,456,46,442,36,115384
211,115459,379,12,406,41,392,26,115385
211,115460,612,46,636,75,624,60,115386
211,115461,292,222,315,252,303,237,115387
211,115462,349,68,379,90,364,79,115388
211,115463,119,89,136,114,127,101,115389
211,115464,389,31,409,59,399,45,115390
211,115465,233,84,256,107,244,95,115391
211,115466,431,274,453,300,442,287,115392
211,115467,35,121,54,142,44,131,115393
211,115468,72,130,87,155,79,142,115394
211,115469,57,98,80,123,68,110,115395
211,115470,229,50,249,73,239,61,115396
211,115471,200,13,220,33,210,23,115397
211,115472,213,24,237,45,225,34,115398
211,115473,38,158,55,177,46,167,115399
211,115474,349,270,367,291,358,280,115400
211,115475,40,88,56,114,48,101,115401
211,115476,486,255,512,277,499,266,115402
211,115477,73,244,90,263,81,253,115403
211,115478,27,272,41,293,34,282,115404
211,115479,273,0,289,31,281,15,115405
211,115480,322,2,339,21,330,11,115406
211,115481,128,0,187,23,157,11,115407
211,115482,586,6,600,21,593,13,115408
211,115483,52,16,68,52,60,34,115409
211,115484,133,0,151,13,142,6,115410
211,115485,632,61,639,85,635,73,115411
211,115486,164,0,177,5,170,2,115412
211,115487,523,21,547,36,535,28,115413
211,115488,328,244,351,267,339,255,115414
211,115489,217,0,228,8,222,4,115415
211,115490,401,308,425,328,413,318,115416
211,115491,67,21,81,40,74,30,115417
211,115492,183,83,208,104,195,93,115418
211,115493,196,56,212,83,204,69,115419
211,115494,382,279,399,295,390,287,115420
211,115495,315,127,337,153,326,140,115421
211,115496,57,270,71,291,64,280,115422
211,115497,307,98,333,121,320,109,115423
211,115498,351,86,376,115,363,100,115424
211,115499,579,304,602,323,590,313,115425
211,115500,608,323,638,339,623,331,115426
211,115501,583,325,604,346,593,335,115427
211,115502,566,351,592,359,579,355,115428
211,115503,405,295,429,307,417,301,115429
211,115504,587,8,607,22,597,15,115430
211,115505,428,27,452,54,440,40,115384
211,115506,523,14,546,36,534,25,115413
212,115507,443,0,532,73,487,36,115432
212,115508,539,247,571,273,555,260,115433
212,115509,595,233,620,262,607,247,115434
212,115510,468,183,490,229,479,206,115435
212,115511,597,127,623,165,610,146,115436
212,115512,269,1,346,50,307,25,115437
212,115513,382,121,403,157,392,139,115438
212,115514,529,70,556,96,542,83,115439
212,115515,417,113,442,145,429,129,115440
212,115516,528,163,554,192,541,177,115441
212,115517,60,164,84,185,72,174,115442
212,115518,543,207,578,231,560,219,115443
212,115519,96,166,115,198,105,182,115444
212,115520,362,45,383,69,372,57,115445
212,115521,496,85,520,110,508,97,115446
212,115522,28,236,43,259,35,247,115447
212,115523,208,316,231,344,219,330,115448
212,115524,397,274,420,296,408,285,115449
212,115525,300,52,322,84,311,68,115450
212,115526,245,52,267,82,256,67,115451
212,115527,610,0,637,21,623,10,115452
212,115528,278,291,301,311,289,301,115453
212,115529,271,74,291,105,281,89,115454
212,115530,502,26,522,57,512,41,115455
212,115531,573,69,609,97,591,83,115456
212,115532,261,178,281,210,271,194,115457
212,115533,428,26,456,46,442,36,115458
212,115534,379,12,406,41,392,26,115459
212,115535,612,46,636,75,624,60,115460
212,115536,292,222,315,252,303,237,115461
212,115537,349,68,378,90,363,79,115462
212,115538,119,89,136,114,127,101,115463
212,115539,389,31,409,59,399,45,115464
212,115540,233,84,256,107,244,95,115465
212,115541,431,274,453,300,442,287,115466
212,115542,35,121,54,142,44,131,115467
212,115543,72,130,87,155,79,142,115468
212,115544,57,98,80,123,68,110,115469
212,115545,229,50,249,73,239,61,115470
212,115546,200,13,220,33,210,23,115471
212,115547,212,24,237,45,224,34,115472
212,115548,38,159,55,177,46,168,115473
212,115549,349,270,367,291,358,280,115474
212,115550,39,88,56,114,47,101,115475
212,115551,486,254,512,277,499,265,115476
212,115552,74,245,91,263,82,254,115477
212,115553,27,272,41,293,34,282,115478
212,115554,273,0,289,31,281,15,115479
212,115555,322,2,339,22,330,12,115480
212,115556,128,0,187,23,157,11,115481
212,115557,586,6,600,21,593,13,115482
212,115558,52,16,68,52,60,34,115483
212,115559,133,0,151,13,142,6,115484
212,115560,632,60,639,85,635,72,115485
212,115561,164,0,177,5,170,2,115486
212,115562,523,21,547,36,535,28,115487
212,115563,328,244,351,267,339,255,115488
212,115564,217,0,228,8,222,4,115489
212,115565,401,308,426,328,413,318,115490
212,115566,68,21,81,40,74,30,115491
212,115567,183,83,208,104,195,93,115492
212,115568,196,56,212,83,204,69,115493
212,115569,382,278,399,296,390,287,115494
212,115570,315,127,337,153,326,140,115495
212,115571,57,270,71,291,64,280,115496
212,115572,307,98,333,121,320,109,115497
212,115573,351,86,376,115,363,100,115498
212,115574,579,304,602,323,590,313,115499
212,115575,608,323,638,339,623,331,115500
212,115576,583,325,604,346,593,335,115501
212,115577,566,351,592,359,579,355,115502
212,115578,404,295,429,307,416,301,115503
212,115579,587,8,607,22,597,15,115504
212,115580,428,26,452,54,440,40,115458
212,115581,522,14,547,36,534,25,115487
212,115582,527,163,553,184,540,173,115441
213,115583,443,0,532,73,487,36,115507
213,115584,539,247,571,273,555,260,115508
213,115585,595,233,620,262,607,247,115509
213,115586,468,183,490,229,479,206,115510
213,115587,597,127,623,165,610,146,115511
213,115588,269,1,346,50,307,25,115512
213,115589,382,121,403,157,392,139,115513
213,115590,529,70,556,96,542,83,115514
213,115591,417,113,442,145,429,129,115515
213,115592,528,163,554,192,541,177,115516
213,115593,60,164,84,185,72,174,115517
213,115594,543,207,578,231,560,219,115518
213,115595,96,166,115,198,105,182,115519
213,115596,362,45,383,69,372,57,115520
213,115597,496,85,520,110,508,97,115521
213,115598,28,236,43,259,35,247,115522
213,115599,208,316,231,344,219,330,115523
213,115600,397,274,420,296,408,285,115524
213,115601,300,52,322,84,311,68,115525
213,115602,245,52,267,82,256,67,115526
213,115603,610,0,637,21,623,10,115527
213,115604,278,291,301,311,289,301,115528
213,115605,271,74,291,105,281,89,115529
213,115606,502,26,522,57,512,41,115530
213,115607,573,69,609,97,591,83,115531
213,115608,261,178,281,210,271,194,115532
213,115609,428,26,456,46,442,36,115533
213,115610,379,12,406,41,392,26,115534
213,115611,612,46,636,75,624,60,115535
213,115612,292,222,315,252,303,237,115536
213,115613,349,68,378,90,363,79,115537
213,115614,120,89,136,114,128,101,115538
213,115615,389,31,409,59,399,45,115539
213,115616,233,84,256,107,244,95,115540
213,115617,432,274,453,299,442,286,115541
213,115618,35,121,54,142,44,131,115542
213,115619,72,130,87,155,79,142,115543
213,115620,57,98,80,123,68,110,115544
213,115621,229,50,249,73,239,61,115545
213,115622,200,13,220,33,210,23,115546
213,115623,212,24,237,45,224,34,115547
213,115624,38,159,55,177,46,168,115548
213,115625,349,270,367,291,358,280,115549
213,115626,39,88,56,114,47,101,115550
213,115627,486,254,512,277,499,265,115551
213,115628,74,246,91,263,82,254,115552
213,115629,27,272,41,293,34,282,115553
213,115630,273,0,289,31,281,15,115554
213,115631,322,2,339,22,330,12,115555
213,115632,128,0,187,23,157,11,115556
213,115633,586,6,600,21,593,13,115557
213,115634,52,16,68,52,60,34,115558
213,115635,133,0,151,13,142,6,115559
213,115636,632,59,639,84,635,71,115560
213,115637,164,0,177,5,170,2,115561
213,115638,523,21,547,36,535,28,115562
213,115639,328,244,351,267,339,255,115563
213,115640,217,0,228,8,222,4,115564
213,115641,401,308,426,328,413,318,115565
213,115642,68,21,81,40,74,30,115566
213,115643,183,83,208,104,195,93,115567
213,115644,196,56,212,83,204,69,115568
213,115645,382,278,399,296,390,287,115569
213,115646,315,127,337,153,326,140,115570
213,115647,57,270,71,291,64,280,115571
213,115648,307,98,333,121,320,109,115572
213,115649,351,86,376,115,363,100,115573
213,115650,579,304,602,323,590,313,115574
213,115651,608,323,638,339,623,331,115575
213,115652,583,325,604,346,593,335,115576
213,115653,566,351,592,359,579,355,115577
213,115654,404,295,429,306,416,300,115578
213,115655,587,8,607,22,597,15,115579
213,115656,428,26,452,54,440,40,115533
213,115657,522,14,547,36,534,25,115562
213,115658,527,162,553,178,540,170,115516
213,115659,79,272,107,287,93,279,
213,115660,527,162,553,184,540,173,115516
213,115661,380,302,398,314,389,308,
214,115662,443,0,532,73,487,36,115583
214,115663,539,247,571,273,555,260,115584
214,115664,595,233,620,262,607,247,115585
214,115665,468,183,490,229,479,206,115586
214,115666,597,127,623,165,610,146,115587
214,115667,269,1,346,50,307,25,115588
214,115668,382,121,403,157,392,139,115589
214,115669,529,70,556,96,542,83,115590
214,115670,417,113,442,145,429,129,115591
214,115671,529,165,554,192,541,178,115592
214,115672,60,164,84,185,72,174,115593
214,115673,543,207,578,231,560,219,115594
214,115674,96,166,115,198,105,182,115595
214,115675,362,45,383,69,372,57,115596
214,115676,496,85,521,110,508,97,115597
214,115677,28,236,43,259,35,247,115598
214,115678,208,316,231,344,219,330,115599
214,115679,398,274,420,296,409,285,115600
214,115680,300,52,322,84,311,68,115601
214,115681,245,52,267,82,256,67,115602
214,115682,610,0,638,21,624,10,115603
214,115683,278,291,301,311,289,301,115604
214,115684,271,74,291,105,281,89,115605
214,115685,503,26,523,57,513,41,115606
214,115686,573,69,609,97,591,83,115607
214,115687,261,178,281,210,271,194,115608
214,115688,428,25,456,47,442,36,115609
214,115689,379,12,406,40,392,26,115610
214,115690,612,46,636,76,624,61,115611
214,115691,292,222,315,252,303,237,115612
214,115692,349,68,378,90,363,79,115613
214,115693,119,89,136,114,127,101,115614
214,115694,389,31,409,59,399,45,115615
214,115695,233,84,256,106,244,95,115616
214,115696,431,274,453,298,442,286,115617
214,115697,35,121,54,142,44,131,115618
214,115698,71,130,87,155,79,142,115619
214,115699,57,98,80,123,68,110,115620
214,115700,229,50,249,73,239,61,115621
214,115701,200,13,220,33,210,23,115622
214,115702,212,24,237,45,224,34,115623
214,115703,38,159,55,177,46,168,115624
214,115704,349,270,367,291,358,280,115625
214,115705,40,88,56,114,48,101,115626
214,115706,486,254,512,277,499,265,115627
214,115707,74,245,91,263,82,254,115628
214,115708,27,272,41,293,34,282,115629
214,115709,273,0,289,31,281,15,115630
214,115710,322,2,339,22,330,12,115631
214,115711,128,0,187,23,157,11,115632
214,115712,586,6,598,21,592,13,115633
214,115713,52,16,68,52,60,34,115634
214,115714,133,0,151,13,142,6,115635
214,115715,632,58,639,84,635,71,115636
214,115716,164,0,177,5,170,2,115637
214,115717,523,23,547,36,535,29,115638
214,115718,328,244,351,267,339,255,115639
214,115719,217,0,228,8,222,4,115640
214,115720,401,308,426,328,413,318,115641
214,115721,68,21,81,40,74,30,115642
214,115722,183,83,208,104,195,93,115643
214,115723,196,56,212,83,204,69,115644
214,115724,381,278,399,295,390,286,115645
214,115725,315,127,337,153,326,140,115646
214,115726,57,270,71,290,64,280,115647
214,115727,307,98,333,121,320,109,115648
214,115728,351,86,376,115,363,100,115649
214,115729,579,304,602,323,590,313,115650
214,115730,608,324,638,340,623,332,115651
214,115731,583,325,604,346,593,335,115652
214,115732,566,351,592,359,579,355,115653
214,115733,404,295,429,306,416,300,115654
214,115734,587,8,607,22,597,15,115655
214,115735,527,162,553,174,540,168,115658
214,115736,79,272,107,287,93,279,115659
214,115737,527,162,553,182,540,172,115592
214,115738,380,302,398,314,389,308,115661
215,115739,444,0,533,73,488,36,115662
215,115740,539,247,571,273,555,260,115663
215,115741,595,233,620,262,607,247,115664
215,115742,468,183,490,229,479,206,115665
215,115743,597,127,623,165,610,146,115666
215,115744,268,1,346,50,307,25,115667
215,115745,382,121,403,157,392,139,115668
215,115746,529,70,556,96,542,83,115669
215,115747,417,113,442,145,429,129,115670
215,115748,529,171,554,192,541,181,115671
215,115749,60,164,84,185,72,174,115672
215,115750,543,207,578,231,560,219,115673
215,115751,96,166,115,198,105,182,115674
215,115752,362,45,383,69,372,57,115675
215,115753,496,85,521,110,508,97,115676
215,115754,28,236,43,258,35,247,115677
215,115755,208,316,231,344,219,330,115678
215,115756,398,274,420,296,409,285,115679
215,115757,300,52,322,84,311,68,115680
215,115758,244,52,267,81,255,66,115681
215,115759,610,0,638,21,624,10,115682
215,115760,278,291,301,311,289,301,115683
215,115761,271,74,291,105,281,89,115684
215,115762,502,26,522,57,512,41,115685
215,115763,573,69,609,97,591,83,115686
215,115764,261,178,281,210,271,194,115687
215,115765,428,24,456,50,442,37,115688
215,115766,379,12,406,40,392,26,115689
215,115767,612,46,636,76,624,61,115690
215,115768,292,222,315,252,303,237,115691
215,115769,349,68,379,90,364,79,115692
215,115770,119,90,136,114,127,102,115693
215,115771,389,31,409,59,399,45,115694
215,115772,233,84,256,107,244,95,115695
215,115773,432,273,453,297,442,285,115696
215,115774,35,121,54,142,44,131,115697
215,115775,71,130,87,155,79,142,115698
215,115776,57,98,80,122,68,110,115699
215,115777,229,50,249,74,239,62,115700
215,115778,200,13,220,33,210,23,115701
215,115779,212,24,237,45,224,34,115702
215,115780,38,159,55,177,46,168,115703
215,115781,349,270,367,291,358,280,115704
215,115782,40,88,56,114,48,101,115705
215,115783,486,255,512,277,499,266,115706
215,115784,74,246,91,263,82,254,115707
215,115785,27,272,42,293,34,282,115708
215,115786,273,0,289,31,281,15,115709
215,115787,322,2,339,22,330,12,115710
215,115788,128,0,187,23,157,11,115711
215,115789,586,7,596,21,591,14,115712
215,115790,52,15,68,52,60,33,115713
215,115791,133,0,151,13,142,6,115714
215,115792,634,59,639,84,636,71,115715
215,115793,164,0,177,4,170,2,115716
215,115794,525,25,548,36,536,30,115717
215,115795,328,244,351,267,339,255,115718
215,115796,217,0,228,8,222,4,115719
215,115797,401,308,426,328,413,318,115720
215,115798,68,21,81,40,74,30,115721
215,115799,183,83,208,104,195,93,115722
215,115800,196,56,212,83,204,69,115723
215,115801,381,277,399,295,390,286,115724
215,115802,315,127,337,153,326,140,115725
215,115803,57,270,71,288,64,279,115726
215,115804,307,98,333,121,320,109,115727
215,115805,351,86,375,114,363,100,115728
215,115806,579,304,603,322,591,313,115729
215,115807,607,324,637,340,622,332,115730
215,115808,583,325,604,347,593,336,115731
215,115809,566,351,592,359,579,355,115732
215,115810,588,8,607,22,597,15,115734
215,115811,526,163,553,174,539,168,115735
215,115812,78,272,103,287,90,279,115736
215,115813,380,301,398,314,389,307,115738
216,115814,445,0,533,73,489,36,115739
216,115815,539,247,571,273,555,260,115740
216,115816,595,233,620,262,607,247,115741
216,115817,468,183,490,229,479,206,115742
216,115818,597,127,623,165,610,146,115743
216,115819,268,1,346,50,307,25,115744
216,115820,382,121,403,157,392,139,115745
216,115821,529,70,556,95,542,82,115746
216,115822,417,113,442,145,429,129,115747
216,115823,529,174,554,192,541,183,115748
216,115824,60,164,84,185,72,174,115749
216,115825,543,207,578,231,560,219,115750
216,115826,96,166,115,198,105,182,115751
216,115827,361,45,383,69,372,57,115752
216,115828,496,85,521,110,508,97,115753
216,115829,28,236,43,258,35,247,115754
216,115830,208,316,231,344,219,330,115755
216,115831,398,274,420,296,409,285,115756
216,115832,300,52,322,84,311,68,115757
216,115833,245,52,267,81,256,66,115758
216,115834,610,0,638,21,624,10,115759
216,115835,278,291,301,311,289,301,115760
216,115836,271,74,291,105,281,89,115761
216,115837,502,26,522,57,512,41,115762
216,115838,573,69,609,97,591,83,115763
216,115839,261,178,281,210,271,194,115764
216,115840,427,23,456,50,441,36,115765
216,115841,379,12,406,40,392,26,115766
216,115842,612,46,637,76,624,61,115767
216,115843,292,222,315,252,303,237,115768
216,115844,349,68,379,90,364,79,115769
216,115845,119,89,136,114,127,101,115770
216,115846,389,31,409,59,399,45,115771
216,115847,233,84,256,107,244,95,115772
216,115848,432,272,453,297,442,284,115773
216,115849,35,121,54,142,44,131,115774
216,115850,71,130,87,155,79,142,115775
216,115851,57,98,80,122,68,110,115776
216,115852,229,50,249,74,239,62,115777
216,115853,200,13,220,33,210,23,115778
216,115854,212,24,237,45,224,34,115779
216,115855,38,159,55,177,46,168,115780
216,115856,349,270,368,291,358,280,115781
216,115857,39,88,56,114,47,101,115782
216,115858,486,255,512,277,499,266,115783
216,115859,74,246,91,263,82,254,115784
216,115860,27,272,42,293,34,282,115785
216,115861,273,0,289,31,281,15,115786
216,115862,322,2,339,22,330,12,115787
216,115863,128,0,187,23,157,11,115788
216,115864,586,7,595,21,590,14,115789
216,115865,52,15,68,52,60,33,115790
216,115866,133,0,151,13,142,6,115791
216,115867,164,0,177,4,170,2,115793
216,115868,526,25,549,36,537,30,115794
216,115869,328,244,352,266,340,255,115795
216,115870,217,0,228,8,222,4,115796
216,115871,400,308,427,328,413,318,115797
216,115872,68,21,81,40,74,30,115798
216,115873,183,83,208,104,195,93,115799
216,115874,196,56,212,83,204,69,115800
216,115875,381,277,399,295,390,286,115801
216,115876,315,127,337,153,326,140,115802
216,115877,56,270,71,286,63,278,115803
216,115878,307,98,333,121,320,109,115804
216,115879,351,86,374,114,362,100,115805
216,115880,580,304,605,322,592,313,115806
216,115881,607,324,637,340,622,332,115807
216,115882,583,326,604,347,593,336,115808
216,115883,566,351,593,359,579,355,115809
216,115884,588,7,607,22,597,14,115810
216,115885,526,162,552,174,539,168,115811
216,115886,76,272,102,286,89,279,115812
216,115887,380,301,398,314,389,307,115813
217,115888,445,0,533,73,489,36,115814
217,115889,539,247,571,273,555,260,115815
217,115890,595,233,620,262,607,247,115816
217,115891,468,183,490,229,479,206,115817
217,115892,597,127,623,165,610,146,115818
217,115893,268,1,346,50,307,25,115819
217,115894,382,121,403,157,392,139,115820
217,115895,529,70,556,95,542,82,115821
217,115896,417,113,442,145,429,129,115822
217,115897,529,174,553,192,541,183,115823
217,115898,60,164,84,185,72,174,115824
217,115899,543,207,578,231,560,219,115825
217,115900,96,166,115,198,105,182,115826
217,115901,361,45,383,69,372,57,115827
217,115902,496,85,521,110,508,97,115828
217,115903,28,236,43,258,35,247,115829
217,115904,208,316,231,344,219,330,115830
217,115905,398,274,420,296,409,285,115831
217,115906,300,52,322,84,311,68,115832
217,115907,245,52,267,80,256,66,115833
217,115908,610,0,638,21,624,10,115834
217,115909,278,291,301,311,289,301,115835
217,115910,271,74,291,105,281,89,115836
217,115911,502,26,522,57,512,41,115837
217,115912,573,69,609,97,591,83,115838
217,115913,261,178,281,210,271,194,115839
217,115914,427,23,456,51,441,37,115840
217,115915,379,12,406,40,392,26,115841
217,115916,612,46,637,76,624,61,115842
217,115917,292,222,315,252,303,237,115843
217,115918,349,68,379,90,364,79,115844
217,115919,119,89,136,114,127,101,115845
217,115920,389,31,409,59,399,45,115846
217,115921,233,84,256,107,244,95,115847
217,115922,432,271,453,297,442,284,115848
217,115923,35,121,54,142,44,131,115849
217,115924,71,130,87,155,79,142,115850
217,115925,57,98,80,122,68,110,115851
217,115926,229,50,249,74,239,62,115852
217,115927,200,13,220,33,210,23,115853
217,115928,212,24,237,45,224,34,115854
217,115929,38,159,55,177,46,168,115855
217,115930,350,270,368,291,359,280,115856
217,115931,40,88,56,114,48,101,115857
217,115932,486,255,512,277,499,266,115858
217,115933,74,246,91,263,82,254,115859
217,115934,27,272,42,294,34,283,115860
217,115935,273,0,289,31,281,15,115861
217,115936,322,2,339,22,330,12,115862
217,115937,128,0,187,23,157,11,115863
217,115938,586,7,595,21,590,14,115864
217,115939,52,15,68,52,60,33,115865
217,115940,133,0,151,13,142,6,115866
217,115941,164,0,177,4,170,2,115867
217,115942,526,26,549,36,537,31,115868
217,115943,328,245,352,266,340,255,115869
217,115944,217,0,228,8,222,4,115870
217,115945,400,308,427,328,413,318,115871
217,115946,68,21,81,40,74,30,115872
217,115947,183,83,208,104,195,93,115873
217,115948,196,56,212,83,204,69,115874
217,115949,381,277,399,295,390,286,115875
217,115950,315,127,337,153,326,140,115876
217,115951,56,270,71,285,63,277,115877
217,115952,307,98,333,121,320,109,115878
217,115953,352,86,374,114,363,100,115879
217,115954,580,304,605,322,592,313,115880
217,115955,607,324,637,340,622,332,115881
217,115956,583,326,604,347,593,336,115882
217,115957,566,351,592,359,579,355,115883
217,115958,588,7,607,22,597,14,115884
217,115959,526,162,552,174,539,168,115885
217,115960,76,272,101,286,88,279,115886
217,115961,380,300,398,315,389,307,115887
218,115962,445,0,533,73,489,36,115888
218,115963,539,247,571,273,555,260,115889
218,115964,595,233,620,262,607,247,115890
218,115965,468,183,490,229,479,206,115891
218,115966,597,127,623,165,610,146,115892
218,115967,268,1,346,50,307,25,115893
218,115968,382,121,403,157,392,139,115894
218,115969,529,70,556,95,542,82,115895
218,115970,417,113,442,145,429,129,115896
218,115971,529,175,553,192,541,183,115897
218,115972,60,164,84,185,72,174,115898
218,115973,543,207,578,231,560,219,115899
218,115974,96,166,115,198,105,182,115900
218,115975,361,46,383,69,372,57,115901
218,115976,496,85,520,110,508,97,115902
218,115977,28,236,43,258,35,247,115903
218,115978,208,316,231,344,219,330,115904
218,115979,398,274,420,295,409,284,115905
218,115980,300,52,322,84,311,68,115906
218,115981,245,52,267,80,256,66,115907
218,115982,610,0,638,21,624,10,115908
218,115983,278,291,301,311,289,301,115909
218,115984,271,74,291,105,281,89,115910
218,115985,502,26,522,57,512,41,115911
218,115986,573,69,610,97,591,83,115912
218,115987,261,178,281,210,271,194,115913
218,115988,427,22,456,50,441,36,115914
218,115989,379,12,406,40,392,26,115915
218,115990,612,46,637,76,624,61,115916
218,115991,292,222,315,252,303,237,115917
218,115992,349,68,379,90,364,79,115918
218,115993,119,89,136,114,127,101,115919
218,115994,389,31,409,59,399,45,115920
218,115995,233,84,256,107,244,95,115921
218,115996,432,271,454,295,443,283,115922
218,115997,35,121,54,142,44,131,115923
218,115998,71,130,87,155,79,142,115924
218,115999,57,98,80,122,68,110,115925
218,116000,229,50,249,74,239,62,115926
218,116001,200,13,220,33,210,23,115927
218,116002,213,24,237,45,225,34,115928
218,116003,38,159,55,177,46,168,115929
218,116004,350,270,369,291,359,280,115930
218,116005,40,88,56,114,48,101,115931
218,116006,486,255,512,278,499,266,115932
218,116007,74,246,91,263,82,254,115933
218,116008,27,272,42,294,34,283,115934
218,116009,273,0,289,31,281,15,115935
218,116010,322,2,339,22,330,12,115936
218,116011,128,0,187,23,157,11,115937
218,116012,586,7,596,21,591,14,115938
218,116013,52,15,68,52,60,33,115939
218,116014,133,0,151,13,142,6,115940
218,116015,164,0,177,4,170,2,115941
218,116016,526,26,550,36,538,31,115942
218,116017,328,245,353,266,340,255,115943
218,116018,217,0,228,8,222,4,115944
218,116019,399,308,427,328,413,318,115945
218,116020,68,21,81,40,74,30,115946
218,116021,183,83,208,104,195,93,115947
218,116022,196,56,212,83,204,69,115948
218,116023,380,277,399,295,389,286,115949
218,116024,315,127,337,153,326,140,115950
218,116025,56,269,71,284,63,276,115951
218,116026,307,98,333,121,320,109,115952
218,116027,352,86,374,114,363,100,115953
218,116028,581,303,607,322,594,312,115954
218,116029,607,324,637,340,622,332,115955
218,116030,583,326,604,347,593,336,115956
218,116031,566,351,593,359,579,355,115957
218,116032,588,8,607,22,597,15,115958
218,116033,526,162,552,174,539,168,115959
218,116034,380,301,398,315,389,308,115961
219,116035,445,0,533,73,489,36,115962
219,116036,539,247,571,273,555,260,115963
219,116037,595,233,620,262,607,247,115964
219,116038,468,183,490,229,479,206,115965
219,116039,597,127,623,165,610,146,115966
219,116040,268,1,346,50,307,25,115967
219,116041,382,121,403,157,392,139,115968
219,116042,529,70,556,95,542,82,115969
219,116043,417,113,442,145,429,129,115970
219,116044,529,175,553,192,541,183,115971
219,116045,60,164,84,185,72,174,115972
219,116046,543,207,578,231,560,219,115973
219,116047,96,166,115,198,105,182,115974
219,116048,361,46,383,69,372,57,115975
219,116049,496,85,520,110,508,97,115976
219,116050,28,236,43,258,35,247,115977
219,116051,208,316,231,344,219,330,115978
219,116052,398,274,420,296,409,285,115979
219,116053,300,52,322,84,311,68,115980
219,116054,245,52,267,80,256,66,115981
219,116055,610,0,638,21,624,10,115982
219,116056,278,291,302,311,290,301,115983
219,116057,271,74,291,105,281,89,115984
219,116058,502,26,522,57,512,41,115985
219,116059,573,69,609,97,591,83,115986
219,116060,261,178,281,210,271,194,115987
219,116061,427,22,456,51,441,36,115988
219,116062,379,12,406,40,392,26,115989
219,116063,612,46,637,76,624,61,115990
219,116064,292,222,315,252,303,237,115991
219,116065,349,69,379,90,364,79,115992
219,116066,119,89,136,114,127,101,115993
219,116067,389,31,409,59,399,45,115994
219,116068,233,84,256,107,244,95,115995
219,116069,432,270,455,293,443,281,115996
219,116070,35,121,54,142,44,131,115997
219,116071,71,130,87,155,79,142,115998
219,116072,57,98,80,122,68,110,115999
219,116073,229,50,249,74,239,62,116000
219,116074,200,13,220,33,210,23,116001
219,116075,213,24,237,45,225,34,116002
219,116076,38,159,55,177,46,168,116003
219,116077,351,271,370,291,360,281,116004
219,116078,40,88,56,114,48,101,116005
219,116079,486,255,512,278,499,266,116006
219,116080,74,246,91,263,82,254,116007
219,116081,27,273,42,295,34,284,116008
219,116082,273,0,289,31,281,15,116009
219,116083,322,2,339,22,330,12,116010
219,116084,128,0,187,23,157,11,116011
219,116085,586,7,596,21,591,14,116012
219,116086,52,15,68,52,60,33,116013
219,116087,133,0,151,13,142,6,116014
219,116088,164,0,177,4,170,2,116015
219,116089,526,26,550,36,538,31,116016
219,116090,328,245,354,266,341,255,116017
219,116091,217,0,228,8,222,4,116018
219,116092,399,309,427,327,413,318,116019
219,116093,68,21,81,40,74,30,116020
219,116094,182,83,208,104,195,93,116021
219,116095,196,56,212,83,204,69,116022
219,116096,380,277,399,295,389,286,116023
219,116097,315,127,337,153,326,140,116024
219,116098,56,269,71,283,63,276,116025
219,116099,307,98,333,121,320,109,116026
219,116100,352,86,375,114,363,100,116027
219,116101,581,304,608,323,594,313,116028
219,116102,607,324,637,340,622,332,116029
219,116103,583,326,604,347,593,336,116030
219,116104,566,351,593,359,579,355,116031
219,116105,588,8,607,22,597,15,116032
219,116106,526,162,552,174,539,168,116033
219,116107,380,301,398,315,389,308,116034
220,116108,445,0,533,73,489,36,116035
220,116109,539,247,571,273,555,260,116036
220,116110,595,233,620,262,607,247,116037
220,116111,468,183,490,229,479,206,116038
220,116112,597,127,623,165,610,146,116039
220,116113,268,1,346,50,307,25,116040
220,116114,382,121,403,157,392,139,116041
220,116115,529,70,556,95,542,82,116042
220,116116,417,113,442,145,429,129,116043
220,116117,529,175,553,192,541,183,116044
220,116118,60,164,84,185,72,174,116045
220,116119,543,207,578,231,560,219,116046
220,116120,96,167,115,198,105,182,116047
220,116121,361,46,383,69,372,57,116048
220,116122,496,85,520,110,508,97,116049
220,116123,28,236,43,258,35,247,116050
220,116124,208,316,231,344,219,330,116051
220,116125,398,274,420,296,409,285,116052
220,116126,300,52,322,84,311,68,116053
220,116127,245,52,267,80,256,66,116054
220,116128,610,0,638,21,624,10,116055
220,116129,278,291,302,311,290,301,116056
220,116130,271,74,291,105,281,89,116057
220,116131,502,26,523,57,512,41,116058
220,116132,573,69,609,97,591,83,116059
220,116133,261,178,281,210,271,194,116060
220,116134,427,22,456,51,441,36,116061
220,116135,379,12,406,40,392,26,116062
220,116136,612,46,637,76,624,61,116063
220,116137,292,222,315,252,303,237,116064
220,116138,349,69,379,90,364,79,116065
220,116139,119,89,136,114,127,101,116066
220,116140,389,31,409,59,399,45,116067
220,116141,233,84,256,107,244,95,116068
220,116142,433,270,456,292,444,281,116069
220,116143,35,121,54,142,44,131,116070
220,116144,71,130,87,155,79,142,116071
220,116145,57,98,80,122,68,110,116072
220,116146,229,50,249,74,239,62,116073
220,116147,200,13,220,33,210,23,116074
220,116148,213,24,237,45,225,34,116075
220,116149,38,159,55,177,46,168,116076
220,116150,352,271,372,292,362,281,116077
220,116151,40,88,56,114,48,101,116078
220,116152,486,255,512,278,499,266,116079
220,116153,74,246,91,263,82,254,116080
220,116154,26,273,43,295,34,284,116081
220,116155,273,0,289,31,281,15,116082
220,116156,322,2,339,22,330,12,116083
220,116157,128,0,187,23,157,11,116084
220,116158,586,7,596,21,591,14,116085
220,116159,52,15,68,52,60,33,116086
220,116160,133,0,151,13,142,6,116087
220,116161,164,0,177,4,170,2,116088
220,116162,527,26,550,37,538,31,116089
220,116163,328,245,354,266,341,255,116090
220,116164,217,0,228,8,222,4,116091
220,116165,399,309,428,327,413,318,116092
220,116166,68,21,81,40,74,30,116093
220,116167,182,83,208,104,195,93,116094
220,116168,196,56,212,83,204,69,116095
220,116169,380,277,399,295,389,286,116096
220,116170,315,127,337,153,326,140,116097
220,116171,56,269,71,283,63,276,116098
220,116172,307,98,333,121,320,109,116099
220,116173,353,86,375,114,364,100,116100
220,116174,584,305,610,324,597,314,116101
220,116175,607,324,637,339,622,331,116102
220,116176,583,326,604,347,593,336,116103
220,116177,566,351,593,359,579,355,116104
220,116178,588,8,607,22,597,15,116105
220,116179,526,162,552,174,539,168,116106
220,116180,380,301,398,315,389,308,116107
221,116181,444,0,533,73,488,36,116108
221,116182,540,247,571,273,555,260,116109
221,116183,595,233,620,262,607,247,116110
221,116184,468,183,490,229,479,206,116111
221,116185,597,127,623,165,610,146,116112
221,116186,268,1,346,50,307,25,116113
221,116187,382,121,403,157,392,139,116114
221,116188,529,70,556,95,542,82,116115
221,116189,417,113,442,145,429,129,116116
221,116190,529,174,553,192,541,183,116117
221,116191,60,164,84,185,72,174,116118
221,116192,543,207,578,231,560,219,116119
221,116193,96,167,115,198,105,182,116120
221,116194,361,46,383,69,372,57,116121
221,116195,496,85,520,110,508,97,116122
221,116196,28,236,43,258,35,247,116123
221,116197,208,316,231,344,219,330,116124
221,116198,398,274,420,295,409,284,116125
221,116199,300,52,322,84,311,68,116126
221,116200,245,52,267,80,256,66,116127
221,116201,610,0,638,21,624,10,116128
221,116202,278,291,302,311,290,301,116129
221,116203,271,74,291,105,281,89,116130
221,116204,502,27,523,57,512,42,116131
221,116205,573,69,609,97,591,83,116132
221,116206,261,178,281,210,271,194,116133
221,116207,426,22,455,49,440,35,116134
221,116208,379,12,406,40,392,26,116135
221,116209,612,46,637,76,624,61,116136
221,116210,292,222,315,252,303,237,116137
221,116211,349,69,379,90,364,79,116138
221,116212,119,89,136,114,127,101,116139
221,116213,389,31,409,59,399,45,116140
221,116214,233,84,256,107,244,95,116141
221,116215,434,271,458,291,446,281,116142
221,116216,35,121,54,142,44,131,116143
221,116217,71,130,87,155,79,142,116144
221,116218,57,98,80,122,68,110,116145
221,116219,229,50,249,74,239,62,116146
221,116220,200,13,220,34,210,23,116147
221,116221,213,24,237,45,225,34,116148
221,116222,38,159,55,177,46,168,116149
221,116223,353,271,373,292,363,281,116150
221,116224,40,88,56,114,48,101,116151
221,116225,486,254,512,278,499,266,116152
221,116226,74,246,91,263,82,254,116153
221,116227,26,273,43,296,34,284,116154
221,116228,273,0,289,31,281,15,116155
221,116229,322,2,339,22,330,12,116156
221,116230,128,0,187,23,157,11,116157
221,116231,586,7,597,21,591,14,116158
221,116232,52,16,68,52,60,34,116159
221,116233,133,0,151,13,142,6,116160
221,116234,164,0,177,4,170,2,116161
221,116235,528,26,550,37,539,31,116162
221,116236,328,245,354,266,341,255,116163
221,116237,217,0,228,8,222,4,116164
221,116238,399,307,428,327,413,317,116165
221,116239,68,21,81,40,74,30,116166
221,116240,182,83,208,104,195,93,116167
221,116241,196,56,212,83,204,69,116168
221,116242,380,277,399,295,389,286,116169
221,116243,315,127,337,153,326,140,116170
221,116244,56,269,71,282,63,275,116171
221,116245,307,98,334,121,320,109,116172
221,116246,353,85,376,114,364,99,116173
221,116247,586,306,610,326,598,316,116174
221,116248,607,323,637,339,622,331,116175
221,116249,583,326,604,347,593,336,116176
221,116250,566,351,593,359,579,355,116177
221,116251,588,7,607,21,597,14,116178
221,116252,526,162,552,174,539,168,116179
221,116253,380,301,398,316,389,308,116180
222,116254,444,0,532,73,488,36,116181
222,116255,540,247,571,273,555,260,116182
222,116256,595,233,620,262,607,247,116183
222,116257,468,183,490,229,479,206,116184
222,116258,597,127,623,165,610,146,116185
222,116259,268,1,346,50,307,25,116186
222,116260,382,121,403,157,392,139,116187
222,116261,529,70,556,95,542,82,116188
222,116262,417,113,442,145,429,129,116189
222,116263,529,174,553,192,541,183,116190
222,116264,60,164,84,185,72,174,116191
222,116265,543,207,578,231,560,219,116192
222,116266,96,167,115,198,105,182,116193
222,116267,361,45,383,69,372,57,116194
222,116268,496,85,519,110,507,97,116195
222,116269,28,236,43,258,35,247,116196
222,116270,208,316,231,344,219,330,116197
222,116271,398,273,420,295,409,284,116198
222,116272,300,52,322,84,311,68,116199
222,116273,245,52,267,80,256,66,116200
222,116274,610,0,638,21,624,10,116201
222,116275,278,291,302,311,290,301,116202
222,116276,271,74,291,105,281,89,116203
222,116277,502,27,523,57,512,42,116204
222,116278,573,69,610,97,591,83,116205
222,116279,261,178,281,210,271,194,116206
222,116280,424,21,454,47,439,34,116207
222,116281,379,12,406,40,392,26,116208
222,116282,612,46,637,76,624,61,116209
222,116283,292,222,315,252,303,237,116210
222,116284,349,69,379,90,364,79,116211
222,116285,119,89,136,114,127,101,116212
222,116286,389,31,409,59,399,45,116213
222,116287,233,84,256,107,244,95,116214
222,116288,436,272,460,292,448,282,116215
222,116289,35,121,54,142,44,131,116216
222,116290,71,130,87,155,79,142,116217
222,116291,57,98,80,122,68,110,116218
222,116292,229,50,249,74,239,62,116219
222,116293,200,13,220,34,210,23,116220
222,116294,213,24,237,45,225,34,116221
222,116295,38,159,55,177,46,168,116222
222,116296,355,272,374,291,364,281,116223
222,116297,40,88,56,114,48,101,116224
222,116298,486,254,512,278,499,266,116225
222,116299,74,246,91,263,82,254,116226
222,116300,26,274,43,297,34,285,116227
222,116301,273,0,289,31,281,15,116228
222,116302,322,3,339,22,330,12,116229
222,116303,128,0,187,23,157,11,116230
222,116304,586,6,599,21,592,13,116231
222,116305,52,16,68,52,60,34,116232
222,116306,133,0,151,13,142,6,116233
222,116307,164,0,177,4,170,2,116234
222,116308,528,26,551,37,539,31,116235
222,116309,328,245,355,266,341,255,116236
222,116310,217,0,228,8,222,4,116237
222,116311,400,302,429,327,414,314,116238
222,116312,68,21,81,40,74,30,116239
222,116313,182,83,208,104,195,93,116240
222,116314,196,56,212,83,204,69,116241
222,116315,380,278,399,295,389,286,116242
222,116316,315,127,337,153,326,140,116243
222,116317,57,269,71,281,64,275,116244
222,116318,307,98,334,121,320,109,116245
222,116319,353,85,376,115,364,100,116246
222,116320,588,307,611,327,599,317,116247
222,116321,606,323,637,339,621,331,116248
222,116322,583,326,604,347,593,336,116249
222,116323,566,351,593,359,579,355,116250
222,116324,587,7,607,21,597,14,116251
222,116325,526,162,552,174,539,168,116252
222,116326,380,300,398,316,389,308,116253
223,116327,445,0,532,73,488,36,116254
223,116328,539,247,571,273,555,260,116255
223,116329,595,233,620,262,607,247,116256
223,116330,468,183,490,229,479,206,116257
223,116331,597,127,623,165,610,146,116258
223,116332,268,1,346,50,307,25,116259
223,116333,382,121,403,157,392,139,116260
223,116334,529,70,556,95,542,82,116261
223,116335,417,113,442,145,429,129,116262
223,116336,529,174,553,192,541,183,116263
223,116337,60,164,84,185,72,174,116264
223,116338,543,207,578,231,560,219,116265
223,116339,96,167,115,198,105,182,116266
223,116340,361,45,383,69,372,57,116267
223,116341,496,85,519,110,507,97,116268
223,116342,28,236,43,258,35,247,116269
223,116343,208,316,231,343,219,329,116270
223,116344,398,273,420,295,409,284,116271
223,116345,300,52,322,84,311,68,116272
223,116346,244,52,267,80,255,66,116273
223,116347,610,0,638,21,624,10,116274
223,116348,278,290,302,311,290,300,116275
223,116349,271,74,291,105,281,89,116276
223,116350,502,27,523,57,512,42,116277
223,116351,573,69,610,97,591,83,116278
223,116352,261,178,281,210,271,194,116279
223,116353,423,21,454,46,438,33,116280
223,116354,379,12,406,40,392,26,116281
223,116355,612,46,637,76,624,61,116282
223,116356,292,222,314,252,303,237,116283
223,116357,349,69,379,90,364,79,116284
223,116358,119,89,136,114,127,101,116285
223,116359,389,31,409,59,399,45,116286
223,116360,233,84,256,107,244,95,116287
223,116361,437,272,461,293,449,282,116288
223,116362,35,121,54,142,44,131,116289
223,116363,71,130,87,155,79,142,116290
223,116364,57,98,80,122,68,110,116291
223,116365,229,50,249,74,239,62,116292
223,116366,200,13,220,34,210,23,116293
223,116367,214,24,237,45,225,34,116294
223,116368,38,159,55,177,46,168,116295
223,116369,355,272,375,291,365,281,116296
223,116370,40,88,56,114,48,101,116297
223,116371,486,254,512,278,499,266,116298
223,116372,74,246,91,263,82,254,116299
223,116373,26,274,43,297,34,285,116300
223,116374,273,0,289,31,281,15,116301
223,116375,322,3,339,22,330,12,116302
223,116376,128,0,187,23,157,11,116303
223,116377,586,6,600,21,593,13,116304
223,116378,52,16,68,52,60,34,116305
223,116379,133,0,151,13,142,6,116306
223,116380,164,0,177,4,170,2,116307
223,116381,528,26,551,37,539,31,116308
223,116382,328,245,355,266,341,255,116309
223,116383,217,0,228,8,222,4,116310
223,116384,400,300,429,327,414,313,116311
223,116385,68,21,81,40,74,30,116312
223,116386,182,83,208,104,195,93,116313
223,116387,196,56,212,83,204,69,116314
223,116388,380,278,399,294,389,286,116315
223,116389,315,127,337,153,326,140,116316
223,116390,57,269,72,281,64,275,116317
223,116391,307,98,334,121,320,109,116318
223,116392,354,85,376,115,365,100,116319
223,116393,589,307,612,327,600,317,116320
223,116394,606,323,637,339,621,331,116321
223,116395,583,326,604,347,593,336,116322
223,116396,566,351,593,359,579,355,116323
223,116397,587,7,607,21,597,14,116324
223,116398,526,162,552,174,539,168,116325
223,116399,380,300,398,316,389,308,116326
223,116400,212,26,227,46,219,36,116294
223,116401,84,208,105,222,94,215,
224,116402,444,0,532,73,488,36,116327
224,116403,540,247,571,273,555,260,116328
224,116404,595,233,620,262,607,247,116329
224,116405,468,183,490,229,479,206,116330
224,116406,597,127,623,165,610,146,116331
224,116407,268,1,346,50,307,25,116332
224,116408,382,121,403,157,392,139,116333
224,116409,529,70,556,95,542,82,116334
224,116410,417,113,442,145,429,129,116335
224,116411,529,174,553,192,541,183,116336
224,116412,60,164,84,185,72,174,116337
224,116413,543,207,578,231,560,219,116338
224,116414,96,167,115,198,105,182,116339
224,116415,361,45,383,69,372,57,116340
224,116416,497,85,519,111,508,98,116341
224,116417,28,236,43,258,35,247,116342
224,116418,208,316,231,343,219,329,116343
224,116419,398,273,420,295,409,284,116344
224,116420,300,52,322,84,311,68,116345
224,116421,245,52,267,80,256,66,116346
224,116422,610,0,638,21,624,10,116347
224,116423,278,291,302,311,290,301,116348
224,116424,271,74,291,105,281,89,116349
224,116425,502,27,523,57,512,42,116350
224,116426,573,69,610,97,591,83,116351
224,116427,261,178,281,210,271,194,116352
224,116428,421,18,452,47,436,32,116353
224,116429,379,12,406,40,392,26,116354
224,116430,612,46,637,75,624,60,116355
224,116431,292,222,315,252,303,237,116356
224,116432,349,69,379,90,364,79,116357
224,116433,119,89,136,114,127,101,116358
224,116434,389,31,409,59,399,45,116359
224,116435,233,84,256,107,244,95,116360
224,116436,439,273,464,294,451,283,116361
224,116437,35,121,54,142,44,131,116362
224,116438,71,130,87,155,79,142,116363
224,116439,57,98,80,122,68,110,116364
224,116440,229,50,249,74,239,62,116365
224,116441,200,13,220,34,210,23,116366
224,116442,215,24,237,45,226,34,116367
224,116443,38,159,55,177,46,168,116368
224,116444,356,272,375,291,365,281,116369
224,116445,40,88,56,114,48,101,116370
224,116446,486,254,512,278,499,266,116371
224,116447,74,246,91,263,82,254,116372
224,116448,26,274,44,297,35,285,116373
224,116449,273,0,289,31,281,15,116374
224,116450,322,3,339,22,330,12,116375
224,116451,128,0,187,23,157,11,116376
224,116452,586,6,599,21,592,13,116377
224,116453,52,16,68,52,60,34,116378
224,116454,133,0,151,13,142,6,116379
224,116455,164,0,177,4,170,2,116380
224,116456,528,26,551,37,539,31,116381
224,116457,328,245,355,266,341,255,116382
224,116458,217,0,228,8,222,4,116383
224,116459,400,299,429,327,414,313,116384
224,116460,68,21,81,40,74,30,116385
224,116461,182,83,208,104,195,93,116386
224,116462,196,56,212,83,204,69,116387
224,116463,380,278,400,295,390,286,116388
224,116464,315,127,337,153,326,140,116389
224,116465,58,269,72,281,65,275,116390
224,116466,307,98,334,121,320,109,116391
224,116467,354,85,376,115,365,100,116392
224,116468,590,307,612,328,601,317,116393
224,116469,606,323,637,339,621,331,116394
224,116470,583,326,604,347,593,336,116395
224,116471,566,351,593,359,579,355,116396
224,116472,587,7,607,21,597,14,116397
224,116473,526,162,553,174,539,168,116398
224,116474,380,301,398,316,389,308,116399
224,116475,212,25,223,46,217,35,116400
225,116476,444,0,532,73,488,36,116402
225,116477,540,247,571,273,555,260,116403
225,116478,595,233,620,262,607,247,116404
225,116479,468,183,490,229,479,206,116405
225,116480,597,127,623,165,610,146,116406
225,116481,268,1,346,50,307,25,116407
225,116482,382,121,403,157,392,139,116408
225,116483,529,70,556,95,542,82,116409
225,116484,417,113,442,145,429,129,116410
225,116485,529,174,553,192,541,183,116411
225,116486,60,164,84,185,72,174,116412
225,116487,543,207,578,231,560,219,116413
225,116488,96,167,115,198,105,182,116414
225,116489,361,45,383,69,372,57,116415
225,116490,497,84,519,112,508,98,116416
225,116491,28,236,43,258,35,247,116417
225,116492,208,316,231,343,219,329,116418
225,116493,398,273,420,295,409,284,116419
225,116494,300,52,322,84,311,68,116420
225,116495,244,52,267,80,255,66,116421
225,116496,610,0,638,21,624,10,116422
225,116497,278,291,302,311,290,301,116423
225,116498,271,74,291,105,281,89,116424
225,116499,502,27,523,57,512,42,116425
225,116500,573,69,610,97,591,83,116426
225,116501,261,178,281,210,271,194,116427
225,116502,417,16,449,45,433,30,116428
225,116503,379,12,406,40,392,26,116429
225,116504,612,46,637,75,624,60,116430
225,116505,292,222,315,252,303,237,116431
225,116506,349,68,379,90,364,79,116432
225,116507,119,89,136,114,127,101,116433
225,116508,389,31,409,59,399,45,116434
225,116509,233,84,256,107,244,95,116435
225,116510,441,274,466,293,453,283,116436
225,116511,35,121,54,142,44,131,116437
225,116512,71,130,87,155,79,142,116438
225,116513,57,98,80,122,68,110,116439
225,116514,229,50,249,74,239,62,116440
225,116515,200,13,220,34,210,23,116441
225,116516,215,24,237,45,226,34,116442
225,116517,38,159,55,177,46,168,116443
225,116518,356,272,376,291,366,281,116444
225,116519,40,88,56,114,48,101,116445
225,116520,486,254,512,278,499,266,116446
225,116521,74,246,91,263,82,254,116447
225,116522,26,274,44,298,35,286,116448
225,116523,273,0,289,31,281,15,116449
225,116524,322,3,339,22,330,12,116450
225,116525,128,0,187,23,157,11,116451
225,116526,586,7,598,21,592,14,116452
225,116527,52,16,68,52,60,34,116453
225,116528,133,0,151,13,142,6,116454
225,116529,164,0,177,4,170,2,116455
225,116530,528,25,552,38,540,31,116456
225,116531,328,245,355,266,341,255,116457
225,116532,217,0,228,8,222,4,116458
225,116533,400,304,429,327,414,315,116459
225,116534,68,21,81,40,74,30,116460
225,116535,182,83,208,104,195,93,116461
225,116536,196,56,212,83,204,69,116462
225,116537,380,278,400,295,390,286,116463
225,116538,315,127,337,153,326,140,116464
225,116539,59,269,73,280,66,274,116465
225,116540,307,98,334,121,320,109,116466
225,116541,354,85,377,115,365,100,116467
225,116542,591,307,613,329,602,318,116468
225,116543,606,323,637,339,621,331,116469
225,116544,583,326,604,347,593,336,116470
225,116545,566,351,593,359,579,355,116471
225,116546,587,8,607,21,597,14,116472
225,116547,526,162,552,174,539,168,116473
225,116548,380,301,399,316,389,308,116474
225,116549,212,25,229,46,220,35,116442
225,116550,84,208,105,222,94,215,
226,116551,444,0,532,73,488,36,116476
226,116552,540,247,571,273,555,260,116477
226,116553,595,233,620,262,607,247,116478
226,116554,468,183,490,229,479,206,116479
226,116555,597,127,623,165,610,146,116480
226,116556,268,1,346,50,307,25,116481
226,116557,382,121,403,157,392,139,116482
226,116558,529,70,556,96,542,83,116483
226,116559,417,113,442,145,429,129,116484
226,116560,529,174,553,192,541,183,116485
226,116561,60,164,84,185,72,174,116486
226,116562,543,207,578,231,560,219,116487
226,116563,96,167,115,198,105,182,116488
226,116564,361,46,383,69,372,57,116489
226,116565,497,84,520,112,508,98,116490
226,116566,28,236,43,258,35,247,116491
226,116567,208,316,231,343,219,329,116492
226,116568,398,273,420,296,409,284,116493
226,116569,300,52,322,84,311,68,116494
226,116570,244,52,267,80,255,66,116495
226,116571,610,0,638,21,624,10,116496
226,116572,278,291,302,311,290,301,116497
226,116573,271,75,291,105,281,90,116498
226,116574,502,27,523,57,512,42,116499
226,116575,573,69,610,97,591,83,116500
226,116576,261,178,281,210,271,194,116501
226,116577,414,15,445,43,429,29,116502
226,116578,379,12,405,40,392,26,116503
226,116579,612,46,637,75,624,60,116504
226,116580,292,222,314,252,303,237,116505
226,116581,349,68,379,90,364,79,116506
226,116582,119,89,136,114,127,101,116507
226,116583,389,31,409,59,399,45,116508
226,116584,233,84,256,107,244,95,116509
226,116585,442,274,470,294,456,284,116510
226,116586,35,121,54,142,44,131,116511
226,116587,71,130,87,155,79,142,116512
226,116588,57,98,80,122,68,110,116513
226,116589,229,50,249,74,239,62,116514
226,116590,200,13,220,34,210,23,116515
226,116591,215,24,237,45,226,34,116516
226,116592,38,159,55,177,46,168,116517
226,116593,357,273,376,292,366,282,116518
226,116594,40,88,56,114,48,101,116519
226,116595,486,254,512,278,499,266,116520
226,116596,74,246,91,263,82,254,116521
226,116597,26,274,44,298,35,286,116522
226,116598,273,0,289,31,281,15,116523
226,116599,322,3,338,22,330,12,116524
226,116600,128,0,187,23,157,11,116525
226,116601,586,6,596,21,591,13,116526
226,116602,52,15,68,52,60,33,116527
226,116603,133,0,151,13,142,6,116528
226,116604,164,0,177,4,170,2,116529
226,116605,529,26,552,37,540,31,116530
226,116606,328,245,355,266,341,255,116531
226,116607,217,0,228,8,222,4,116532
226,116608,400,303,429,327,414,315,116533
226,116609,68,21,81,40,74,30,116534
226,116610,182,83,208,104,195,93,116535
226,116611,196,56,212,83,204,69,116536
226,116612,380,278,400,295,390,286,116537
226,116613,315,127,337,153,326,140,116538
226,116614,60,269,73,279,66,274,116539
226,116615,307,98,334,121,320,109,116540
226,116616,354,85,377,115,365,100,116541
226,116617,591,308,613,330,602,319,116542
226,116618,606,323,637,339,621,331,116543
226,116619,584,326,604,347,594,336,116544
226,116620,566,351,593,359,579,355,116545
226,116621,588,8,607,22,597,15,116546
226,116622,526,162,552,174,539,168,116547
226,116623,381,301,399,316,390,308,116548
226,116624,212,25,227,46,219,35,116549
226,116625,84,208,105,222,94,215,116550
226,116626,75,272,99,285,87,278,
227,116627,445,0,532,73,488,36,116551
227,116628,540,247,571,273,555,260,116552
227,116629,595,233,620,262,607,247,116553
227,116630,468,183,490,229,479,206,116554
227,116631,597,127,623,165,610,146,116555
227,116632,268,1,346,50,307,25,116556
227,116633,381,121,403,157,392,139,116557
227,116634,529,70,556,96,542,83,116558
227,116635,417,113,442,145,429,129,116559
227,116636,529,174,553,192,541,183,116560
227,116637,60,164,84,185,72,174,116561
227,116638,543,207,578,231,560,219,116562
227,116639,96,167,115,197,105,182,116563
227,116640,361,46,383,69,372,57,116564
227,116641,497,84,520,112,508,98,116565
227,116642,28,236,43,258,35,247,116566
227,116643,208,316,231,343,219,329,116567
227,116644,399,273,420,296,409,284,116568
227,116645,300,52,322,84,311,68,116569
227,116646,244,52,267,80,255,66,116570
227,116647,610,0,638,21,624,10,116571
227,116648,278,291,302,311,290,301,116572
227,116649,271,75,291,105,281,90,116573
227,116650,502,26,523,57,512,41,116574
227,116651,573,69,610,97,591,83,116575
227,116652,261,178,281,210,271,194,116576
227,116653,412,14,440,40,426,27,116577
227,116654,379,12,405,40,392,26,116578
227,116655,611,46,637,75,624,60,116579
227,116656,292,222,314,252,303,237,116580
227,116657,349,68,379,90,364,79,116581
227,116658,119,89,136,114,127,101,116582
227,116659,389,31,409,59,399,45,116583
227,116660,233,84,256,107,244,95,116584
227,116661,443,275,472,294,457,284,116585
227,116662,35,121,54,142,44,131,116586
227,116663,71,130,87,155,79,142,116587
227,116664,57,98,80,122,68,110,116588
227,116665,229,50,249,74,239,62,116589
227,116666,200,13,220,33,210,23,116590
227,116667,215,24,237,45,226,34,116591
227,116668,38,159,55,177,46,168,116592
227,116669,358,274,376,292,367,283,116593
227,116670,40,88,56,114,48,101,116594
227,116671,486,254,512,278,499,266,116595
227,116672,74,245,90,263,82,254,116596
227,116673,27,274,44,298,35,286,116597
227,116674,273,0,289,31,281,15,116598
227,116675,322,3,338,22,330,12,116599
227,116676,128,0,187,23,157,11,116600
227,116677,586,6,596,21,591,13,116601
227,116678,52,15,68,52,60,33,116602
227,116679,133,0,151,13,142,6,116603
227,116680,164,0,177,4,170,2,116604
227,116681,529,26,552,37,540,31,116605
227,116682,328,245,355,266,341,255,116606
227,116683,217,0,228,8,222,4,116607
227,116684,401,299,429,327,415,313,116608
227,116685,68,21,81,40,74,30,116609
227,116686,182,83,208,104,195,93,116610
227,116687,196,56,212,83,204,69,116611
227,116688,379,278,400,295,389,286,116612
227,116689,315,127,337,153,326,140,116613
227,116690,60,269,73,279,66,274,116614
227,116691,307,98,334,121,320,109,116615
227,116692,354,86,377,115,365,100,116616
227,116693,591,308,612,330,601,319,116617
227,116694,607,323,637,339,622,331,116618
227,116695,584,326,603,347,593,336,116619
227,116696,566,351,593,359,579,355,116620
227,116697,588,8,607,22,597,15,116621
227,116698,526,162,552,174,539,168,116622
227,116699,381,301,399,317,390,309,116623
227,116700,212,25,224,46,218,35,116624
227,116701,84,208,105,222,94,215,116625
227,116702,62,255,72,266,67,260,
227,116703,75,272,98,285,86,278,116626
228,116704,445,0,532,73,488,36,116627
228,116705,539,247,571,273,555,260,116628
228,116706,595,233,620,262,607,247,116629
228,116707,468,183,490,229,479,206,116630
228,116708,597,127,623,165,610,146,116631
228,116709,268,1,346,50,307,25,116632
228,116710,381,121,403,157,392,139,116633
228,116711,529,70,556,96,542,83,116634
228,116712,417,113,442,145,429,129,116635
228,116713,529,174,553,192,541,183,116636
228,116714,60,164,84,185,72,174,116637
228,116715,543,207,578,231,560,219,116638
228,116716,96,167,115,198,105,182,116639
228,116717,361,46,383,69,372,57,116640
228,116718,497,84,520,113,508,98,116641
228,116719,28,236,43,258,35,247,116642
228,116720,208,316,231,343,219,329,116643
228,116721,399,274,420,297,409,285,116644
228,116722,300,52,322,84,311,68,116645
228,116723,244,52,267,80,255,66,116646
228,116724,610,0,638,21,624,10,116647
228,116725,278,291,302,311,290,301,116648
228,116726,271,75,291,105,281,90,116649
228,116727,502,26,523,57,512,41,116650
228,116728,573,69,610,97,591,83,116651
228,116729,261,178,281,210,271,194,116652
228,116730,410,14,436,39,423,26,116653
228,116731,379,12,404,40,391,26,116654
228,116732,611,46,636,75,623,60,116655
228,116733,292,221,315,252,303,236,116656
228,116734,349,68,379,91,364,79,116657
228,116735,119,89,136,114,127,101,116658
228,116736,389,31,409,59,399,45,116659
228,116737,233,84,256,107,244,95,116660
228,116738,444,276,472,295,458,285,116661
228,116739,35,121,54,142,44,131,116662
228,116740,71,130,87,155,79,142,116663
228,116741,57,98,80,122,68,110,116664
228,116742,229,50,249,74,239,62,116665
228,116743,200,13,220,33,210,23,116666
228,116744,216,24,237,45,226,34,116667
228,116745,38,159,55,177,46,168,116668
228,116746,358,274,377,292,367,283,116669
228,116747,40,88,56,114,48,101,116670
228,116748,486,254,512,278,499,266,116671
228,116749,74,245,90,263,82,254,116672
228,116750,27,274,44,298,35,286,116673
228,116751,273,0,289,31,281,15,116674
228,116752,322,3,338,22,330,12,116675
228,116753,128,0,187,23,157,11,116676
228,116754,586,6,595,21,590,13,116677
228,116755,52,15,67,52,59,33,116678
228,116756,133,0,151,13,142,6,116679
228,116757,164,0,177,4,170,2,116680
228,116758,530,26,553,37,541,31,116681
228,116759,328,245,355,266,341,255,116682
228,116760,217,0,228,8,222,4,116683
228,116761,400,297,430,327,415,312,116684
228,116762,68,21,81,40,74,30,116685
228,116763,182,83,208,104,195,93,116686
228,116764,196,56,212,83,204,69,116687
228,116765,379,277,401,295,390,286,116688
228,116766,315,127,337,153,326,140,116689
228,116767,60,269,73,278,66,273,116690
228,116768,307,98,334,121,320,109,116691
228,116769,355,86,377,115,366,100,116692
228,116770,591,308,612,330,601,319,116693
228,116771,608,323,638,339,623,331,116694
228,116772,584,326,603,347,593,336,116695
228,116773,566,351,593,359,579,355,116696
228,116774,588,8,607,22,597,15,116697
228,116775,526,162,552,174,539,168,116698
228,116776,381,301,400,318,390,309,116699
228,116777,212,25,221,46,216,35,116700
228,116778,84,208,105,222,94,215,116701
228,116779,62,254,72,266,67,260,116702
228,116780,75,272,99,285,87,278,116703
228,116781,528,165,553,192,540,178,116636
229,116782,445,0,533,73,489,36,116704
229,116783,539,247,571,273,555,260,116705
229,116784,595,233,620,262,607,247,116706
229,116785,468,183,490,229,479,206,116707
229,116786,597,127,623,165,610,146,116708
229,116787,268,1,346,50,307,25,116709
229,116788,381,121,403,157,392,139,116710
229,116789,529,71,556,96,542,83,116711
229,116790,417,113,442,145,429,129,116712
229,116791,529,173,553,192,541,182,116713
229,116792,60,164,84,185,72,174,116714
229,116793,543,207,578,231,560,219,116715
229,116794,96,167,115,198,105,182,116716
229,116795,361,46,383,69,372,57,116717
229,116796,497,84,520,113,508,98,116718
229,116797,28,236,43,258,35,247,116719
229,116798,208,316,231,343,219,329,116720
229,116799,400,274,420,297,410,285,116721
229,116800,300,52,322,84,311,68,116722
229,116801,244,52,267,80,255,66,116723
229,116802,610,0,638,21,624,10,116724
229,116803,278,291,302,311,290,301,116725
229,116804,271,75,291,105,281,90,116726
229,116805,502,26,523,57,512,41,116727
229,116806,573,69,610,97,591,83,116728
229,116807,261,178,281,210,271,194,116729
229,116808,409,14,435,38,422,26,116730
229,116809,379,12,404,40,391,26,116731
229,116810,612,46,636,75,624,60,116732
229,116811,292,221,315,252,303,236,116733
229,116812,349,68,379,91,364,79,116734
229,116813,119,89,136,114,127,101,116735
229,116814,389,31,409,59,399,45,116736
229,116815,233,84,256,107,244,95,116737
229,116816,444,276,473,295,458,285,116738
229,116817,35,121,54,142,44,131,116739
229,116818,71,130,87,155,79,142,116740
229,116819,57,98,80,122,68,110,116741
229,116820,229,50,249,74,239,62,116742
229,116821,200,13,220,33,210,23,116743
229,116822,216,24,237,45,226,34,116744
229,116823,38,159,55,177,46,168,116745
229,116824,358,274,377,292,367,283,116746
229,116825,40,88,56,114,48,101,116747
229,116826,486,254,512,278,499,266,116748
229,116827,74,245,90,263,82,254,116749
229,116828,27,274,44,298,35,286,116750
229,116829,273,0,289,31,281,15,116751
229,116830,322,3,338,22,330,12,116752
229,116831,128,0,187,23,157,11,116753
229,116832,586,7,595,21,590,14,116754
229,116833,52,15,67,52,59,33,116755
229,116834,133,0,151,13,142,6,116756
229,116835,164,0,177,4,170,2,116757
229,116836,530,26,553,37,541,31,116758
229,116837,328,245,355,266,341,255,116759
229,116838,217,0,228,8,222,4,116760
229,116839,400,296,430,327,415,311,116761
229,116840,68,21,81,40,74,30,116762
229,116841,182,83,208,104,195,93,116763
229,116842,196,56,212,83,204,69,116764
229,116843,379,276,401,294,390,285,116765
229,116844,315,127,337,153,326,140,116766
229,116845,60,269,73,278,66,273,116767
229,116846,307,98,334,121,320,109,116768
229,116847,355,86,377,115,366,100,116769
229,116848,591,309,612,331,601,320,116770
229,116849,609,323,638,339,623,331,116771
229,116850,584,326,603,347,593,336,116772
229,116851,566,351,593,359,579,355,116773
229,116852,588,8,607,22,597,15,116774
229,116853,526,162,553,174,539,168,116775
229,116854,381,302,400,318,390,310,116776
229,116855,212,26,221,46,216,36,116777
229,116856,84,208,105,222,94,215,116778
229,116857,62,254,72,266,67,260,116779
229,116858,75,272,99,285,87,278,116780
229,116859,406,15,431,36,418,25,116730
229,116860,529,165,553,192,541,178,116713
230,116861,445,0,532,73,488,36,116782
230,116862,539,247,571,273,555,260,116783
230,116863,595,233,620,262,607,247,116784
230,116864,468,183,490,229,479,206,116785
230,116865,597,127,623,165,610,146,116786
230,116866,268,1,346,50,307,25,116787
230,116867,381,121,403,157,392,139,116788
230,116868,529,71,556,96,542,83,116789
230,116869,417,113,442,145,429,129,116790
230,116870,529,173,553,192,541,182,116791
230,116871,60,164,84,185,72,174,116792
230,116872,543,207,578,231,560,219,116793
230,116873,96,167,115,198,105,182,116794
230,116874,361,46,383,69,372,57,116795
230,116875,497,84,520,113,508,98,116796
230,116876,28,236,43,258,35,247,116797
230,116877,208,316,231,343,219,329,116798
230,116878,400,274,421,297,410,285,116799
230,116879,300,52,322,84,311,68,116800
230,116880,244,52,267,80,255,66,116801
230,116881,610,0,638,21,624,10,116802
230,116882,278,291,302,311,290,301,116803
230,116883,271,75,291,105,281,90,116804
230,116884,502,26,523,57,512,41,116805
230,116885,573,69,610,97,591,83,116806
230,116886,261,178,281,210,271,194,116807
230,116887,408,14,433,37,420,25,116808
230,116888,379,12,404,40,391,26,116809
230,116889,611,46,636,75,623,60,116810
230,116890,292,220,315,252,303,236,116811
230,116891,349,68,379,91,364,79,116812
230,116892,119,89,136,114,127,101,116813
230,116893,389,31,409,59,399,45,116814
230,116894,233,84,256,107,244,95,116815
230,116895,445,277,473,295,459,286,116816
230,116896,35,121,54,142,44,131,116817
230,116897,71,130,87,155,79,142,116818
230,116898,57,98,80,122,68,110,116819
230,116899,229,50,249,74,239,62,116820
230,116900,200,13,220,33,210,23,116821
230,116901,216,24,237,45,226,34,116822
230,116902,37,159,55,177,46,168,116823
230,116903,358,275,377,292,367,283,116824
230,116904,40,88,56,114,48,101,116825
230,116905,486,254,512,278,499,266,116826
230,116906,74,245,90,263,82,254,116827
230,116907,27,274,44,298,35,286,116828
230,116908,273,0,290,31,281,15,116829
230,116909,322,3,338,22,330,12,116830
230,116910,128,0,187,23,157,11,116831
230,116911,586,6,596,21,591,13,116832
230,116912,52,15,67,52,59,33,116833
230,116913,133,0,151,13,142,6,116834
230,116914,164,0,177,4,170,2,116835
230,116915,530,26,554,38,542,32,116836
230,116916,328,245,355,266,341,255,116837
230,116917,217,0,228,8,222,4,116838
230,116918,400,301,429,327,414,314,116839
230,116919,68,21,81,40,74,30,116840
230,116920,182,83,208,104,195,93,116841
230,116921,196,56,212,83,204,69,116842
230,116922,380,274,401,294,390,284,116843
230,116923,315,127,337,153,326,140,116844
230,116924,60,269,73,278,66,273,116845
230,116925,307,98,334,121,320,109,116846
230,116926,355,86,377,115,366,100,116847
230,116927,591,308,612,331,601,319,116848
230,116928,609,323,638,339,623,331,116849
230,116929,583,326,603,347,593,336,116850
230,116930,566,351,593,359,579,355,116851
230,116931,588,8,607,22,597,15,116852
230,116932,526,162,553,174,539,168,116853
230,116933,382,302,400,319,391,310,116854
230,116934,212,26,220,46,216,36,116855
230,116935,84,208,105,222,94,215,116856
230,116936,62,254,72,266,67,260,116857
230,116937,75,271,99,285,87,278,116858
230,116938,529,165,553,192,541,178,116791
231,116939,444,0,532,73,488,36,116861
231,116940,539,247,571,273,555,260,116862
231,116941,595,233,620,262,607,247,116863
231,116942,468,183,490,229,479,206,116864
231,116943,597,127,623,165,610,146,116865
231,116944,268,1,346,50,307,25,116866
231,116945,381,121,403,157,392,139,116867
231,116946,529,71,556,96,542,83,116868
231,116947,417,113,442,145,429,129,116869
231,116948,529,173,553,192,541,182,116870
231,116949,60,164,84,185,72,174,116871
231,116950,543,207,578,231,560,219,116872
231,116951,96,167,115,198,105,182,116873
231,116952,361,46,383,69,372,57,116874
231,116953,497,84,520,113,508,98,116875
231,116954,28,236,43,258,35,247,116876
231,116955,208,316,231,343,219,329,116877
231,116956,399,274,421,298,410,286,116878
231,116957,300,52,322,84,311,68,116879
231,116958,245,52,267,80,256,66,116880
231,116959,610,0,638,20,624,10,116881
231,116960,278,291,302,311,290,301,116882
231,116961,271,74,291,105,281,89,116883
231,116962,502,26,523,57,512,41,116884
231,116963,573,69,610,97,591,83,116885
231,116964,261,178,281,210,271,194,116886
231,116965,407,13,431,35,419,24,116887
231,116966,379,12,404,40,391,26,116888
231,116967,611,46,636,75,623,60,116889
231,116968,292,220,315,252,303,236,116890
231,116969,349,68,379,91,364,79,116891
231,116970,119,89,136,114,127,101,116892
231,116971,389,31,409,59,399,45,116893
231,116972,233,84,256,107,244,95,116894
231,116973,447,278,473,296,460,287,116895
231,116974,35,121,54,142,44,131,116896
231,116975,71,130,87,155,79,142,116897
231,116976,57,98,80,122,68,110,116898
231,116977,229,50,249,74,239,62,116899
231,116978,200,13,220,33,210,23,116900
231,116979,218,24,237,45,227,34,116901
231,116980,37,159,55,177,46,168,116902
231,116981,358,275,377,292,367,283,116903
231,116982,40,88,56,114,48,101,116904
231,116983,486,254,513,278,499,266,116905
231,116984,74,245,90,263,82,254,116906
231,116985,27,274,44,298,35,286,116907
231,116986,273,0,290,31,281,15,116908
231,116987,322,3,338,21,330,12,116909
231,116988,128,0,187,23,157,11,116910
231,116989,586,6,595,21,590,13,116911
231,116990,52,15,67,52,59,33,116912
231,116991,133,0,151,13,142,6,116913
231,116992,164,0,177,4,170,2,116914
231,116993,531,26,554,38,542,32,116915
231,116994,328,245,355,266,341,255,116916
231,116995,217,0,228,8,222,4,116917
231,116996,400,301,429,328,414,314,116918
231,116997,68,21,81,40,74,30,116919
231,116998,182,83,208,104,195,93,116920
231,116999,196,56,212,83,204,69,116921
231,117000,380,272,401,293,390,282,116922
231,117001,315,127,337,153,326,140,116923
231,117002,60,269,73,277,66,273,116924
231,117003,307,98,334,121,320,109,116925
231,117004,355,86,377,115,366,100,116926
231,117005,591,308,612,331,601,319,116927
231,117006,609,323,638,339,623,331,116928
231,117007,583,326,603,347,593,336,116929
231,117008,566,351,593,359,579,355,116930
231,117009,589,8,607,22,598,15,116931
231,117010,526,162,553,174,539,168,116932
231,117011,382,302,400,320,391,311,116933
231,117012,211,29,220,46,215,37,116934
231,117013,84,208,105,222,94,215,116935
231,117014,62,254,72,266,67,260,116936
231,117015,76,271,98,285,87,278,116937
231,117016,528,165,553,192,540,178,116870
231,117017,202,275,222,294,212,284,
232,117018,444,0,532,73,488,36,116939
232,117019,539,247,571,273,555,260,116940
232,117020,595,233,620,262,607,247,116941
232,117021,468,183,490,229,479,206,116942
232,117022,597,127,623,165,610,146,116943
232,117023,268,1,346,50,307,25,116944
232,117024,381,121,403,157,392,139,116945
232,117025,529,71,556,96,542,83,116946
232,117026,417,113,442,145,429,129,116947
232,117027,529,173,553,192,541,182,116948
232,117028,60,164,84,185,72,174,116949
232,117029,543,207,578,231,560,219,116950
232,117030,96,167,115,198,105,182,116951
232,117031,361,46,383,69,372,57,116952
232,117032,497,84,520,113,508,98,116953
232,117033,28,236,43,258,35,247,116954
232,117034,208,316,231,344,219,330,116955
232,117035,399,274,421,298,410,286,116956
232,117036,300,52,322,84,311,68,116957
232,117037,245,52,267,80,256,66,116958
232,117038,610,0,638,20,624,10,116959
232,117039,278,291,302,311,290,301,116960
232,117040,271,74,291,105,281,89,116961
232,117041,503,26,523,57,513,41,116962
232,117042,573,69,610,97,591,83,116963
232,117043,261,178,281,210,271,194,116964
232,117044,409,14,430,33,419,23,116965
232,117045,379,13,403,40,391,26,116966
232,117046,611,46,636,75,623,60,116967
232,117047,293,220,315,252,304,236,116968
232,117048,349,68,379,91,364,79,116969
232,117049,119,89,136,114,127,101,116970
232,117050,390,32,409,59,399,45,116971
232,117051,233,84,256,107,244,95,116972
232,117052,449,278,475,296,462,287,116973
232,117053,35,121,54,142,44,131,116974
232,117054,71,130,87,155,79,142,116975
232,117055,57,98,80,122,68,110,116976
232,117056,229,50,249,74,239,62,116977
232,117057,200,13,220,33,210,23,116978
232,117058,219,24,237,45,228,34,116979
232,117059,37,159,55,177,46,168,116980
232,117060,358,275,377,292,367,283,116981
232,117061,40,88,56,114,48,101,116982
232,117062,486,254,513,278,499,266,116983
232,117063,75,245,90,263,82,254,116984
232,117064,27,274,44,298,35,286,116985
232,117065,273,0,290,31,281,15,116986
232,117066,322,3,338,21,330,12,116987
232,117067,128,0,187,23,157,11,116988
232,117068,586,7,595,21,590,14,116989
232,117069,52,15,67,52,59,33,116990
232,117070,133,0,151,13,142,6,116991
232,117071,164,0,177,4,170,2,116992
232,117072,531,26,555,39,543,32,116993
232,117073,328,245,355,266,341,255,116994
232,117074,217,0,228,8,222,4,116995
232,117075,400,303,429,328,414,315,116996
232,117076,68,21,81,40,74,30,116997
232,117077,182,83,208,104,195,93,116998
232,117078,196,56,212,83,204,69,116999
232,117079,380,270,401,292,390,281,117000
232,117080,315,127,337,153,326,140,117001
232,117081,307,98,334,121,320,109,117003
232,117082,355,86,377,115,366,100,117004
232,117083,591,308,612,331,601,319,117005
232,117084,609,323,638,339,623,331,117006
232,117085,583,326,603,347,593,336,117007
232,117086,566,351,593,359,579,355,117008
232,117087,589,8,607,22,598,15,117009
232,117088,526,162,553,174,539,168,117010
232,117089,382,302,400,321,391,311,117011
232,117090,211,31,220,46,215,38,117012
232,117091,84,208,105,222,94,215,117013
232,117092,62,254,72,265,67,259,117014
232,117093,529,165,553,192,541,178,116948
232,117094,202,275,222,294,212,284,117017
233,117095,444,0,532,73,488,36,117018
233,117096,539,247,571,273,555,260,117019
233,117097,595,233,620,262,607,247,117020
233,117098,468,183,490,229,479,206,117021
233,117099,597,127,623,165,610,146,117022
233,117100,268,1,345,50,306,25,117023
233,117101,381,121,403,157,392,139,117024
233,117102,529,71,556,96,542,83,117025
233,117103,417,113,442,145,429,129,117026
233,117104,60,164,84,185,72,174,117028
233,117105,543,207,578,231,560,219,117029
233,117106,96,167,115,197,105,182,117030
233,117107,361,46,383,69,372,57,117031
233,117108,497,84,520,113,508,98,117032
233,117109,28,236,43,258,35,247,117033
233,117110,208,316,231,344,219,330,117034
233,117111,400,274,421,298,410,286,117035
233,117112,300,52,322,84,311,68,117036
233,117113,245,52,267,80,256,66,117037
233,117114,610,0,638,20,624,10,117038
233,117115,278,291,302,311,290,301,117039
233,117116,271,74,291,105,281,89,117040
233,117117,503,26,524,57,513,41,117041
233,117118,573,69,610,96,591,82,117042
233,117119,261,178,281,210,271,194,117043
233,117120,408,13,430,32,419,22,117044
233,117121,379,12,404,40,391,26,117045
233,117122,611,46,637,75,624,60,117046
233,117123,293,220,315,252,304,236,117047
233,117124,349,68,379,91,364,79,117048
233,117125,119,89,136,114,127,101,117049
233,117126,389,32,409,59,399,45,117050
233,117127,233,84,256,107,244,95,117051
233,117128,452,278,478,297,465,287,117052
233,117129,35,121,54,142,44,131,117053
233,117130,71,130,87,155,79,142,117054
233,117131,57,98,80,122,68,110,117055
233,117132,229,50,249,74,239,62,117056
233,117133,200,13,220,33,210,23,117057
233,117134,219,24,237,45,228,34,117058
233,117135,37,159,55,177,46,168,117059
233,117136,358,276,377,293,367,284,117060
233,117137,40,88,56,114,48,101,117061
233,117138,486,254,513,278,499,266,117062
233,117139,75,245,90,263,82,254,117063
233,117140,27,274,43,298,35,286,117064
233,117141,273,0,289,31,281,15,117065
233,117142,322,3,338,21,330,12,117066
233,117143,128,0,187,23,157,11,117067
233,117144,586,6,595,21,590,13,117068
233,117145,52,15,67,52,59,33,117069
233,117146,133,0,151,13,142,6,117070
233,117147,164,0,177,4,170,2,117071
233,117148,532,26,555,40,543,33,117072
233,117149,328,245,355,266,341,255,117073
233,117150,217,0,228,8,222,4,117074
233,117151,400,305,428,328,414,316,117075
233,117152,68,21,81,40,74,30,117076
233,117153,182,83,208,104,195,93,117077
233,117154,196,56,212,83,204,69,117078
233,117155,380,269,401,292,390,280,117079
233,117156,315,127,337,153,326,140,117080
233,117157,307,98,333,121,320,109,117081
233,117158,354,86,377,115,365,100,117082
233,117159,591,308,612,331,601,319,117083
233,117160,609,323,638,339,623,331,117084
233,117161,583,326,603,347,593,336,117085
233,117162,566,351,593,359,579,355,117086
233,117163,527,162,553,174,540,168,117088
233,117164,381,301,400,321,390,311,117089
233,117165,211,31,220,46,215,38,117090
233,117166,84,208,105,222,94,215,117091
233,117167,61,254,72,265,66,259,117092
233,117168,529,165,553,192,541,178,117027
233,117169,202,275,222,294,212,284,117094
234,117170,444,0,532,73,488,36,117095
234,117171,539,247,571,273,555,260,117096
234,117172,595,233,620,262,607,247,117097
234,117173,468,183,490,229,479,206,117098
234,117174,597,127,623,165,610,146,117099
234,117175,268,1,345,50,306,25,117100
234,117176,381,121,403,157,392,139,117101
234,117177,529,71,556,96,542,83,117102
234,117178,417,113,442,145,429,129,117103
234,117179,60,164,84,185,72,174,117104
234,117180,543,207,578,231,560,219,117105
234,117181,96,167,115,197,105,182,117106
234,117182,361,46,383,69,372,57,117107
234,117183,497,84,520,113,508,98,117108
234,117184,28,236,43,258,35,247,117109
234,117185,208,316,231,343,219,329,117110
234,117186,400,274,421,297,410,285,117111
234,117187,300,52,322,84,311,68,117112
234,117188,245,52,267,79,256,65,117113
234,117189,609,0,638,20,623,10,117114
234,117190,278,291,302,311,290,301,117115
234,117191,271,74,291,105,281,89,117116
234,117192,503,26,524,57,513,41,117117
234,117193,573,69,610,96,591,82,117118
234,117194,261,178,281,210,271,194,117119
234,117195,406,12,429,31,417,21,117120
234,117196,379,12,404,40,391,26,117121
234,117197,611,46,637,75,624,60,117122
234,117198,293,220,315,252,304,236,117123
234,117199,348,69,379,90,363,79,117124
234,117200,119,89,136,114,127,101,117125
234,117201,389,32,408,59,398,45,117126
234,117202,233,84,256,107,244,95,117127
234,117203,455,277,481,298,468,287,117128
234,117204,35,121,54,142,44,131,117129
234,117205,71,130,87,155,79,142,117130
234,117206,57,98,80,122,68,110,117131
234,117207,229,50,249,74,239,62,117132
234,117208,200,13,220,33,210,23,117133
234,117209,218,24,237,45,227,34,117134
234,117210,37,159,55,177,46,168,117135
234,117211,358,278,377,293,367,285,117136
234,117212,40,88,56,114,48,101,117137
234,117213,486,254,513,278,499,266,117138
234,117214,75,245,90,263,82,254,117139
234,117215,27,274,43,298,35,286,117140
234,117216,273,0,289,31,281,15,117141
234,117217,322,3,338,21,330,12,117142
234,117218,128,0,187,23,157,11,117143
234,117219,586,6,594,21,590,13,117144
234,117220,52,15,67,52,59,33,117145
234,117221,133,0,151,13,142,6,117146
234,117222,164,0,177,4,170,2,117147
234,117223,532,26,555,40,543,33,117148
234,117224,328,245,355,266,341,255,117149
234,117225,217,0,228,8,222,4,117150
234,117226,399,305,429,327,414,316,117151
234,117227,68,21,81,40,74,30,117152
234,117228,182,83,208,104,195,93,117153
234,117229,196,56,212,83,204,69,117154
234,117230,380,269,401,292,390,280,117155
234,117231,315,127,337,153,326,140,117156
234,117232,307,98,333,121,320,109,117157
234,117233,353,86,376,115,364,100,117158
234,117234,591,308,612,331,601,319,117159
234,117235,610,324,638,339,624,331,117160
234,117236,583,326,601,347,592,336,117161
234,117237,566,351,593,359,579,355,117162
234,117238,527,162,553,174,540,168,117163
234,117239,380,301,399,320,389,310,117164
234,117240,211,29,220,46,215,37,117165
234,117241,84,208,105,222,94,215,117166
234,117242,61,254,75,266,68,260,117167
234,117243,529,164,553,192,541,178,117168
235,117244,444,0,533,73,488,36,117170
235,117245,539,247,571,273,555,260,117171
235,117246,595,233,620,262,607,247,117172
235,117247,468,183,490,229,479,206,117173
235,117248,597,127,623,165,610,146,117174
235,117249,268,1,345,50,306,25,117175
235,117250,381,121,403,157,392,139,117176
235,117251,529,71,556,96,542,83,117177
235,117252,417,113,442,145,429,129,117178
235,117253,60,164,84,185,72,174,117179
235,117254,543,207,578,231,560,219,117180
235,117255,96,167,115,197,105,182,117181
235,117256,361,46,383,69,372,57,117182
235,117257,497,84,520,113,508,98,117183
235,117258,28,236,43,258,35,247,117184
235,117259,208,316,231,343,219,329,117185
235,117260,399,274,421,297,410,285,117186
235,117261,300,52,322,84,311,68,117187
235,117262,245,52,267,79,256,65,117188
235,117263,609,0,638,21,623,10,117189
235,117264,278,291,302,311,290,301,117190
235,117265,271,75,291,105,281,90,117191
235,117266,503,26,524,57,513,41,117192
235,117267,573,69,610,96,591,82,117193
235,117268,261,178,281,210,271,194,117194
235,117269,406,12,429,31,417,21,117195
235,117270,379,12,404,40,391,26,117196
235,117271,611,47,637,75,624,61,117197
235,117272,293,220,315,252,304,236,117198
235,117273,348,69,379,90,363,79,117199
235,117274,119,89,136,114,127,101,117200
235,117275,388,32,408,59,398,45,117201
235,117276,233,84,256,107,244,95,117202
235,117277,456,277,482,299,469,288,117203
235,117278,35,121,54,142,44,131,117204
235,117279,71,130,87,155,79,142,117205
235,117280,57,98,80,122,68,110,117206
235,117281,229,50,249,74,239,62,117207
235,117282,200,13,220,33,210,23,117208
235,117283,218,24,237,45,227,34,117209
235,117284,37,159,55,177,46,168,117210
235,117285,358,278,377,293,367,285,117211
235,117286,40,88,56,114,48,101,117212
235,117287,486,254,513,278,499,266,117213
235,117288,75,245,90,263,82,254,117214
235,117289,27,274,43,298,35,286,117215
235,117290,273,0,289,31,281,15,117216
235,117291,322,3,338,21,330,12,117217
235,117292,128,0,187,23,157,11,117218
235,117293,586,6,594,21,590,13,117219
235,117294,52,15,67,52,59,33,117220
235,117295,133,0,151,13,142,6,117221
235,117296,164,0,177,4,170,2,117222
235,117297,532,26,555,40,543,33,117223
235,117298,328,245,355,266,341,255,117224
235,117299,217,0,228,8,222,4,117225
235,117300,399,306,429,327,414,316,117226
235,117301,68,21,81,40,74,30,117227
235,117302,182,83,208,104,195,93,117228
235,117303,196,56,212,83,204,69,117229
235,117304,380,269,401,291,390,280,117230
235,117305,315,127,337,153,326,140,117231
235,117306,307,98,333,121,320,109,117232
235,117307,352,86,376,115,364,100,117233
235,117308,591,308,612,331,601,319,117234
235,117309,610,324,638,339,624,331,117235
235,117310,583,326,601,347,592,336,117236
235,117311,566,351,593,359,579,355,117237
235,117312,527,162,553,174,540,168,117238
235,117313,379,301,399,320,389,310,117239
235,117314,211,29,220,46,215,37,117240
235,117315,84,208,105,222,94,215,117241
235,117316,61,254,76,266,68,260,117242
235,117317,529,164,553,192,541,178,117243
236,117318,444,0,533,73,488,36,117244
236,117319,539,247,571,273,555,260,117245
236,117320,595,233,620,262,607,247,117246
236,117321,468,183,490,229,479,206,117247
236,117322,597,127,623,165,610,146,117248
236,117323,268,1,345,50,306,25,117249
236,117324,381,121,403,157,392,139,117250
236,117325,529,71,556,96,542,83,117251
236,117326,417,113,442,145,429,129,117252
236,117327,60,164,84,185,72,174,117253
236,117328,543,207,578,231,560,219,117254
236,117329,96,167,115,197,105,182,117255
236,117330,361,46,383,69,372,57,117256
236,117331,497,84,520,113,508,98,117257
236,117332,28,236,43,258,35,247,117258
236,117333,208,316,231,343,219,329,117259
236,117334,399,274,421,297,410,285,117260
236,117335,300,52,322,84,311,68,117261
236,117336,245,52,267,79,256,65,117262
236,117337,609,0,638,20,623,10,117263
236,117338,278,290,301,311,289,300,117264
236,117339,271,75,291,105,281,90,117265
236,117340,503,26,524,57,513,41,117266
236,117341,573,69,610,96,591,82,117267
236,117342,261,178,281,210,271,194,117268
236,117343,406,12,429,31,417,21,117269
236,117344,379,12,404,40,391,26,117270
236,117345,611,47,637,75,624,61,117271
236,117346,293,220,315,252,304,236,117272
236,117347,348,69,379,90,363,79,117273
236,117348,119,89,136,114,127,101,117274
236,117349,388,32,408,59,398,45,117275
236,117350,233,84,256,107,244,95,117276
236,117351,458,278,484,299,471,288,117277
236,117352,35,121,54,142,44,131,117278
236,117353,71,130,87,155,79,142,117279
236,117354,57,98,80,122,68,110,117280
236,117355,229,50,249,74,239,62,117281
236,117356,200,13,220,33,210,23,117282
236,117357,218,24,237,45,227,34,117283
236,117358,37,159,55,177,46,168,117284
236,117359,358,279,376,293,367,286,117285
236,117360,40,88,56,114,48,101,117286
236,117361,486,254,513,278,499,266,117287
236,117362,76,245,89,263,82,254,117288
236,117363,27,273,43,298,35,285,117289
236,117364,273,0,289,31,281,15,117290
236,117365,322,3,338,21,330,12,117291
236,117366,128,0,187,23,157,11,117292
236,117367,586,6,594,21,590,13,117293
236,117368,52,15,67,52,59,33,117294
236,117369,133,0,151,13,142,6,117295
236,117370,164,0,177,4,170,2,117296
236,117371,532,26,555,41,543,33,117297
236,117372,328,245,355,266,341,255,117298
236,117373,217,0,228,8,222,4,117299
236,117374,399,305,429,327,414,316,117300
236,117375,68,21,81,40,74,30,117301
236,117376,182,83,208,104,195,93,117302
236,117377,196,56,212,83,204,69,117303
236,117378,380,269,401,291,390,280,117304
236,117379,315,127,337,153,326,140,117305
236,117380,307,98,333,121,320,109,117306
236,117381,352,86,375,115,363,100,117307
236,117382,591,308,612,331,601,319,117308
236,117383,610,324,638,339,624,331,117309
236,117384,583,326,600,347,591,336,117310
236,117385,566,351,593,359,579,355,117311
236,117386,527,162,553,173,540,167,117312
236,117387,379,301,399,319,389,310,117313
236,117388,211,27,221,45,216,36,117314
236,117389,84,208,105,222,94,215,117315
236,117390,61,254,80,267,70,260,117316
236,117391,529,165,553,192,541,178,117317
237,117392,444,0,533,73,488,36,117318
237,117393,539,247,571,273,555,260,117319
237,117394,595,233,620,262,607,247,117320
237,117395,468,183,490,229,479,206,117321
237,117396,597,127,623,165,610,146,117322
237,117397,268,1,345,50,306,25,117323
237,117398,381,121,403,157,392,139,117324
237,117399,529,71,556,96,542,83,117325
237,117400,417,113,442,145,429,129,117326
237,117401,60,164,84,185,72,174,117327
237,117402,543,207,578,231,560,219,117328
237,117403,96,167,115,197,105,182,117329
237,117404,361,46,383,69,372,57,117330
237,117405,497,84,520,113,508,98,117331
237,117406,28,236,43,258,35,247,117332
237,117407,208,316,231,343,219,329,117333
237,117408,399,274,421,298,410,286,117334
237,117409,300,52,322,84,311,68,117335
237,117410,245,52,267,78,256,65,117336
237,117411,609,0,638,20,623,10,117337
237,117412,278,290,301,311,289,300,117338
237,117413,271,75,291,105,281,90,117339
237,117414,503,26,524,57,513,41,117340
237,117415,573,69,610,97,591,83,117341
237,117416,261,178,281,210,271,194,117342
237,117417,406,12,429,32,417,22,117343
237,117418,379,12,404,40,391,26,117344
237,117419,611,47,637,75,624,61,117345
237,117420,293,220,315,252,304,236,117346
237,117421,348,69,379,90,363,79,117347
237,117422,119,89,136,114,127,101,117348
237,117423,389,32,408,59,398,45,117349
237,117424,233,84,256,107,244,95,117350
237,117425,460,279,485,300,472,289,117351
237,117426,35,121,54,142,44,131,117352
237,117427,71,130,87,155,79,142,117353
237,117428,57,98,80,122,68,110,117354
237,117429,229,50,249,74,239,62,117355
237,117430,200,13,220,33,210,23,117356
237,117431,218,24,237,45,227,34,117357
237,117432,37,159,55,177,46,168,117358
237,117433,357,280,376,292,366,286,117359
237,117434,40,88,56,114,48,101,117360
237,117435,486,255,513,278,499,266,117361
237,117436,76,246,89,263,82,254,117362
237,117437,27,273,43,298,35,285,117363
237,117438,273,1,289,30,281,15,117364
237,117439,322,3,338,21,330,12,117365
237,117440,128,0,187,23,157,11,117366
237,117441,586,6,594,21,590,13,117367
237,117442,52,15,68,52,60,33,117368
237,117443,133,0,151,13,142,6,117369
237,117444,164,0,177,4,170,2,117370
237,117445,532,26,555,41,543,33,117371
237,117446,328,245,355,266,341,255,117372
237,117447,217,0,228,8,222,4,117373
237,117448,399,302,430,328,414,315,117374
237,117449,68,21,81,40,74,30,117375
237,117450,182,83,208,104,195,93,117376
237,117451,196,56,212,83,204,69,117377
237,117452,380,268,401,291,390,279,117378
237,117453,315,127,337,154,326,140,117379
237,117454,307,98,333,121,320,109,117380
237,117455,351,86,375,115,363,100,117381
237,117456,591,308,612,331,601,319,117382
237,117457,610,324,638,339,624,331,117383
237,117458,583,326,600,347,591,336,117384
237,117459,566,351,593,359,579,355,117385
237,117460,378,301,399,319,388,310,117387
237,117461,211,29,221,45,216,37,117388
237,117462,84,208,105,222,94,215,117389
237,117463,61,250,81,267,71,258,117390
237,117464,528,163,553,192,540,177,117391
238,117465,444,0,532,73,488,36,117392
238,117466,539,247,571,273,555,260,117393
238,117467,595,233,620,262,607,247,117394
238,117468,468,183,490,229,479,206,117395
238,117469,597,127,622,165,609,146,117396
238,117470,268,1,345,50,306,25,117397
238,117471,381,121,403,157,392,139,117398
238,117472,529,71,556,96,542,83,117399
238,117473,417,113,442,145,429,129,117400
238,117474,60,164,84,185,72,174,117401
238,117475,543,207,578,231,560,219,117402
238,117476,96,167,115,197,105,182,117403
238,117477,361,46,383,69,372,57,117404
238,117478,497,84,520,113,508,98,117405
238,117479,28,236,43,258,35,247,117406
238,117480,208,316,231,343,219,329,117407
238,117481,399,274,421,298,410,286,117408
238,117482,300,52,322,84,311,68,117409
238,117483,246,52,267,78,256,65,117410
238,117484,610,0,638,20,624,10,117411
238,117485,278,290,301,311,289,300,117412
238,117486,271,75,291,105,281,90,117413
238,117487,503,26,524,57,513,41,117414
238,117488,574,69,610,97,592,83,117415
238,117489,261,178,281,210,271,194,117416
238,117490,406,12,429,33,417,22,117417
238,117491,379,12,404,40,391,26,117418
238,117492,611,47,637,75,624,61,117419
238,117493,293,220,315,252,304,236,117420
238,117494,348,69,379,90,363,79,117421
238,117495,119,89,136,114,127,101,117422
238,117496,389,32,408,59,398,45,117423
238,117497,233,84,256,107,244,95,117424
238,117498,462,280,488,301,475,290,117425
238,117499,35,121,54,142,44,131,117426
238,117500,71,130,87,155,79,142,117427
238,117501,57,98,80,122,68,110,117428
238,117502,229,50,249,74,239,62,117429
238,117503,200,13,220,33,210,23,117430
238,117504,217,24,237,45,227,34,117431
238,117505,37,159,55,177,46,168,117432
238,117506,40,88,56,114,48,101,117434
238,117507,486,255,513,278,499,266,117435
238,117508,76,246,90,263,83,254,117436
238,117509,27,273,43,298,35,285,117437
238,117510,273,1,289,30,281,15,117438
238,117511,322,3,338,21,330,12,117439
238,117512,128,0,187,23,157,11,117440
238,117513,586,6,594,21,590,13,117441
238,117514,52,15,68,52,60,33,117442
238,117515,133,0,151,13,142,6,117443
238,117516,164,0,177,4,170,2,117444
238,117517,532,26,555,41,543,33,117445
238,117518,328,245,355,266,341,255,117446
238,117519,217,0,228,8,222,4,117447
238,117520,68,21,81,40,74,30,117449
238,117521,182,83,208,104,195,93,117450
238,117522,196,56,212,83,204,69,117451
238,117523,380,269,401,291,390,280,117452
238,117524,315,127,337,153,326,140,117453
238,117525,307,98,333,121,320,109,117454
238,117526,351,85,374,115,362,100,117455
238,117527,591,308,612,331,601,319,117456
238,117528,610,324,638,338,624,331,117457
238,117529,583,326,600,347,591,336,117458
238,117530,566,351,593,359,579,355,117459
238,117531,378,301,399,317,388,309,117460
238,117532,211,29,221,45,216,37,117461
238,117533,84,208,105,222,94,215,117462
238,117534,60,244,80,267,70,255,117463
238,117535,528,162,553,192,540,177,117464
238,117536,9,199,26,217,17,208,
239,117537,444,0,533,73,488,36,117465
239,117538,539,247,571,273,555,260,117466
239,117539,596,233,620,262,608,247,117467
239,117540,468,183,490,229,479,206,117468
239,117541,597,127,622,165,609,146,117469
239,117542,268,1,345,50,306,25,117470
239,117543,381,121,403,157,392,139,117471
239,117544,529,71,556,96,542,83,117472
239,117545,417,113,442,145,429,129,117473
239,117546,60,164,84,185,72,174,117474
239,117547,543,207,578,231,560,219,117475
239,117548,96,167,115,197,105,182,117476
239,117549,361,46,383,69,372,57,117477
239,117550,497,84,520,113,508,98,117478
239,117551,28,236,43,258,35,247,117479
239,117552,208,316,231,343,219,329,117480
239,117553,399,275,421,297,410,286,117481
239,117554,300,52,322,84,311,68,117482
239,117555,246,52,267,78,256,65,117483
239,117556,610,0,638,20,624,10,117484
239,117557,278,291,301,311,289,301,117485
239,117558,271,75,291,105,281,90,117486
239,117559,503,26,524,57,513,41,117487
239,117560,573,69,610,97,591,83,117488
239,117561,261,178,281,210,271,194,117489
239,117562,406,13,429,33,417,23,117490
239,117563,379,12,404,40,391,26,117491
239,117564,611,47,637,75,624,61,117492
239,117565,292,220,315,252,303,236,117493
239,117566,348,69,379,90,363,79,117494
239,117567,119,89,136,114,127,101,117495
239,117568,389,32,408,59,398,45,117496
239,117569,233,84,256,107,244,95,117497
239,117570,465,282,491,303,478,292,117498
239,117571,35,121,54,142,44,131,117499
239,117572,71,130,87,155,79,142,117500
239,117573,57,98,80,122,68,110,117501
239,117574,229,50,249,74,239,62,117502
239,117575,200,13,220,33,210,23,117503
239,117576,217,24,237,45,227,34,117504
239,117577,37,159,56,177,46,168,117505
239,117578,40,88,56,114,48,101,117506
239,117579,486,255,513,277,499,266,117507
239,117580,75,246,90,263,82,254,117508
239,117581,27,273,43,298,35,285,117509
239,117582,273,1,289,30,281,15,117510
239,117583,322,3,338,21,330,12,117511
239,117584,128,0,187,23,157,11,117512
239,117585,586,6,595,21,590,13,117513
239,117586,52,15,68,52,60,33,117514
239,117587,133,0,151,13,142,6,117515
239,117588,164,0,177,4,170,2,117516
239,117589,532,26,555,41,543,33,117517
239,117590,328,245,355,266,341,255,117518
239,117591,217,0,228,8,222,4,117519
239,117592,68,21,81,40,74,30,117520
239,117593,182,83,208,104,195,93,117521
239,117594,196,56,212,83,204,69,117522
239,117595,381,268,401,291,391,279,117523
239,117596,315,127,337,153,326,140,117524
239,117597,307,98,333,121,320,109,117525
239,117598,351,86,374,116,362,101,117526
239,117599,591,308,612,331,601,319,117527
239,117600,610,324,638,338,624,331,117528
239,117601,583,326,600,347,591,336,117529
239,117602,566,351,593,359,579,355,117530
239,117603,211,29,221,45,216,37,117532
239,117604,84,208,105,222,94,215,117533
239,117605,59,241,77,266,68,253,117534
239,117606,528,162,553,192,540,177,117535
239,117607,11,200,29,219,20,209,117536
239,117608,593,0,618,5,605,2,
239,117609,527,162,553,182,540,172,117535
240,117610,444,0,533,73,488,36,117537
240,117611,539,247,571,273,555,260,117538
240,117612,596,233,620,262,608,247,117539
240,117613,468,183,490,229,479,206,117540
240,117614,597,127,622,165,609,146,117541
240,117615,268,1,345,50,306,25,117542
240,117616,381,121,403,157,392,139,117543
240,117617,529,71,556,96,542,83,117544
240,117618,417,112,442,145,429,128,117545
240,117619,60,164,84,185,72,174,117546
240,117620,543,207,578,231,560,219,117547
240,117621,96,167,115,197,105,182,117548
240,117622,361,46,383,69,372,57,117549
240,117623,497,84,520,112,508,98,117550
240,117624,28,236,43,258,35,247,117551
240,117625,208,316,231,343,219,329,117552
240,117626,399,275,421,296,410,285,117553
240,117627,300,52,322,84,311,68,117554
240,117628,246,52,267,78,256,65,117555
240,117629,606,0,638,20,622,10,117556
240,117630,278,291,301,311,289,301,117557
240,117631,271,75,291,105,281,90,117558
240,117632,503,26,524,57,513,41,117559
240,117633,573,69,610,97,591,83,117560
240,117634,261,178,281,210,271,194,117561
240,117635,406,13,429,33,417,23,117562
240,117636,379,12,404,40,391,26,117563
240,117637,611,47,637,75,624,61,117564
240,117638,292,219,315,252,303,235,117565
240,117639,348,69,379,90,363,79,117566
240,117640,119,89,136,114,127,101,117567
240,117641,389,32,408,59,398,45,117568
240,117642,233,84,256,107,244,95,117569
240,117643,468,284,493,305,480,294,117570
240,117644,35,121,54,142,44,131,117571
240,117645,71,130,87,155,79,142,117572
240,117646,57,98,80,122,68,110,117573
240,117647,229,50,249,74,239,62,117574
240,117648,200,13,220,33,210,23,117575
240,117649,215,24,237,45,226,34,117576
240,117650,37,159,56,177,46,168,117577
240,117651,40,88,56,114,48,101,117578
240,117652,486,255,513,277,499,266,117579
240,117653,75,246,90,263,82,254,117580
240,117654,27,273,43,298,35,285,117581
240,117655,273,1,289,30,281,15,117582
240,117656,322,3,338,21,330,12,117583
240,117657,128,0,187,23,157,11,117584
240,117658,586,6,595,21,590,13,117585
240,117659,52,16,68,52,60,34,117586
240,117660,133,0,151,13,142,6,117587
240,117661,164,0,177,4,170,2,117588
240,117662,532,26,555,41,543,33,117589
240,117663,328,245,355,266,341,255,117590
240,117664,217,0,228,8,222,4,117591
240,117665,68,21,81,40,74,30,117592
240,117666,182,83,208,104,195,93,117593
240,117667,196,56,212,83,204,69,117594
240,117668,382,269,401,291,391,280,117595
240,117669,315,127,337,153,326,140,117596
240,117670,307,98,333,121,320,109,117597
240,117671,351,86,373,115,362,100,117598
240,117672,591,308,612,331,601,319,117599
240,117673,610,324,638,338,624,331,117600
240,117674,583,326,600,347,591,336,117601
240,117675,566,351,592,359,579,355,117602
240,117676,57,236,77,265,67,250,117605
240,117677,14,202,31,220,22,211,117607
240,117678,527,162,553,177,540,169,117606
240,117679,529,169,553,192,541,180,117606
241,117680,444,0,533,73,488,36,117610
241,117681,539,247,571,273,555,260,117611
241,117682,596,233,620,262,608,247,117612
241,117683,468,183,490,229,479,206,117613
241,117684,597,127,622,165,609,146,117614
241,117685,268,1,345,50,306,25,117615
241,117686,381,121,403,157,392,139,117616
241,117687,529,71,556,96,542,83,117617
241,117688,417,113,442,145,429,129,117618
241,117689,60,164,84,185,72,174,117619
241,117690,543,207,578,231,560,219,117620
241,117691,96,167,115,197,105,182,117621
241,117692,361,46,383,69,372,57,117622
241,117693,497,85,520,112,508,98,117623
241,117694,28,235,43,258,35,246,117624
241,117695,208,316,231,343,219,329,117625
241,117696,399,275,421,297,410,286,117626
241,117697,300,52,321,84,310,68,117627
241,117698,246,52,267,78,256,65,117628
241,117699,605,0,638,20,621,10,117629
241,117700,278,290,301,311,289,300,117630
241,117701,271,75,291,105,281,90,117631
241,117702,503,26,524,57,513,41,117632
241,117703,573,69,610,97,591,83,117633
241,117704,261,178,281,210,271,194,117634
241,117705,405,13,429,33,417,23,117635
241,117706,379,12,404,40,391,26,117636
241,117707,611,48,637,75,624,61,117637
241,117708,292,219,315,252,303,235,117638
241,117709,348,69,379,90,363,79,117639
241,117710,119,89,136,114,127,101,117640
241,117711,389,32,408,59,398,45,117641
241,117712,233,84,256,107,244,95,117642
241,117713,469,285,494,306,481,295,117643
241,117714,35,121,54,142,44,131,117644
241,117715,72,130,87,155,79,142,117645
241,117716,57,98,80,122,68,110,117646
241,117717,229,50,249,74,239,62,117647
241,117718,200,13,220,33,210,23,117648
241,117719,214,24,237,45,225,34,117649
241,117720,37,159,55,177,46,168,117650
241,117721,40,88,56,114,48,101,117651
241,117722,486,255,512,277,499,266,117652
241,117723,75,246,90,263,82,254,117653
241,117724,27,273,43,298,35,285,117654
241,117725,273,1,289,30,281,15,117655
241,117726,322,2,339,21,330,11,117656
241,117727,128,0,187,23,157,11,117657
241,117728,586,6,595,21,590,13,117658
241,117729,52,15,68,52,60,33,117659
241,117730,133,0,151,13,142,6,117660
241,117731,164,0,177,4,170,2,117661
241,117732,532,26,555,41,543,33,117662
241,117733,328,245,355,266,341,255,117663
241,117734,217,0,228,8,222,4,117664
241,117735,68,21,81,40,74,30,117665
241,117736,182,83,208,104,195,93,117666
241,117737,196,56,212,83,204,69,117667
241,117738,382,269,401,291,391,280,117668
241,117739,315,127,337,153,326,140,117669
241,117740,307,98,333,121,320,109,117670
241,117741,351,86,373,115,362,100,117671
241,117742,591,308,612,331,601,319,117672
241,117743,610,323,638,338,624,330,117673
241,117744,583,326,600,347,591,336,117674
241,117745,566,351,592,359,579,355,117675
241,117746,56,234,77,265,66,249,117676
241,117747,14,202,32,221,23,211,117677
241,117748,527,162,552,175,539,168,117678
241,117749,529,169,553,192,541,180,117679
241,117750,593,8,608,22,600,15,
241,117751,400,296,431,328,415,312,
242,117752,445,0,533,73,489,36,117680
242,117753,539,247,571,273,555,260,117681
242,117754,596,233,620,262,608,247,117682
242,117755,468,183,490,229,479,206,117683
242,117756,597,127,622,165,609,146,117684
242,117757,268,1,345,50,306,25,117685
242,117758,381,121,403,157,392,139,117686
242,117759,529,71,556,96,542,83,117687
242,117760,417,113,442,145,429,129,117688
242,117761,60,164,84,185,72,174,117689
242,117762,543,207,578,231,560,219,117690
242,117763,96,166,115,197,105,181,117691
242,117764,362,46,383,69,372,57,117692
242,117765,497,85,520,112,508,98,117693
242,117766,28,235,43,258,35,246,117694
242,117767,208,316,231,343,219,329,117695
242,117768,399,275,421,297,410,286,117696
242,117769,300,52,321,84,310,68,117697
242,117770,246,52,267,78,256,65,117698
242,117771,604,0,638,20,621,10,117699
242,117772,278,290,301,311,289,300,117700
242,117773,271,75,291,105,281,90,117701
242,117774,503,26,524,57,513,41,117702
242,117775,574,69,609,97,591,83,117703
242,117776,261,178,281,210,271,194,117704
242,117777,405,13,429,32,417,22,117705
242,117778,379,12,404,40,391,26,117706
242,117779,611,48,637,75,624,61,117707
242,117780,292,219,315,252,303,235,117708
242,117781,348,69,379,90,363,79,117709
242,117782,119,89,136,114,127,101,117710
242,117783,389,32,408,59,398,45,117711
242,117784,233,84,256,107,244,95,117712
242,117785,470,286,495,309,482,297,117713
242,117786,35,121,54,142,44,131,117714
242,117787,72,130,87,155,79,142,117715
242,117788,57,98,80,122,68,110,117716
242,117789,229,50,249,74,239,62,117717
242,117790,200,13,220,33,210,23,117718
242,117791,217,24,237,45,227,34,117719
242,117792,37,159,55,177,46,168,117720
242,117793,40,88,56,114,48,101,117721
242,117794,486,255,512,277,499,266,117722
242,117795,75,246,90,263,82,254,117723
242,117796,27,273,43,298,35,285,117724
242,117797,273,1,289,30,281,15,117725
242,117798,322,2,339,21,330,11,117726
242,117799,128,0,187,23,157,11,117727
242,117800,586,6,596,21,591,13,117728
242,117801,52,15,68,52,60,33,117729
242,117802,133,0,151,13,142,6,117730
242,117803,164,0,177,4,170,2,117731
242,117804,532,26,555,41,543,33,117732
242,117805,328,245,355,266,341,255,117733
242,117806,217,0,228,8,222,4,117734
242,117807,68,21,81,39,74,30,117735
242,117808,182,83,208,104,195,93,117736
242,117809,196,56,212,83,204,69,117737
242,117810,382,269,401,291,391,280,117738
242,117811,314,127,337,153,325,140,117739
242,117812,307,98,333,121,320,109,117740
242,117813,351,86,373,115,362,100,117741
242,117814,591,308,612,331,601,319,117742
242,117815,610,323,638,338,624,330,117743
242,117816,566,351,592,359,579,355,117745
242,117817,53,230,76,256,64,243,117746
242,117818,16,203,33,221,24,212,117747
242,117819,527,162,552,174,539,168,117748
242,117820,529,171,553,192,541,181,117749
242,117821,593,8,607,21,600,14,117750
242,117822,401,296,431,328,416,312,117751
242,117823,211,30,221,45,216,37,
243,117824,445,0,533,73,489,36,117752
243,117825,539,247,571,273,555,260,117753
243,117826,596,233,620,262,608,247,117754
243,117827,468,183,490,229,479,206,117755
243,117828,597,127,622,165,609,146,117756
243,117829,268,1,345,50,306,25,117757
243,117830,381,121,403,157,392,139,117758
243,117831,529,71,556,96,542,83,117759
243,117832,417,113,442,145,429,129,117760
243,117833,60,164,84,185,72,174,117761
243,117834,544,207,578,231,561,219,117762
243,117835,96,166,115,197,105,181,117763
243,117836,362,46,383,69,372,57,117764
243,117837,498,85,521,112,509,98,117765
243,117838,28,235,43,258,35,246,117766
243,117839,208,316,231,344,219,330,117767
243,117840,399,275,421,297,410,286,117768
243,117841,300,52,321,84,310,68,117769
243,117842,246,52,267,78,256,65,117770
243,117843,605,0,638,20,621,10,117771
243,117844,278,290,301,311,289,300,117772
243,117845,271,75,291,105,281,90,117773
243,117846,503,26,524,57,513,41,117774
243,117847,574,69,610,97,592,83,117775
243,117848,261,178,281,210,271,194,117776
243,117849,405,12,429,32,417,22,117777
243,117850,379,12,404,40,391,26,117778
243,117851,612,48,637,75,624,61,117779
243,117852,292,219,315,252,303,235,117780
243,117853,348,69,379,90,363,79,117781
243,117854,119,89,136,114,127,101,117782
243,117855,389,32,409,59,399,45,117783
243,117856,233,84,256,107,244,95,117784
243,117857,471,287,496,310,483,298,117785
243,117858,35,121,54,142,44,131,117786
243,117859,72,130,87,155,79,142,117787
243,117860,57,98,80,122,68,110,117788
243,117861,229,50,249,74,239,62,117789
243,117862,200,13,220,33,210,23,117790
243,117863,218,24,237,45,227,34,117791
243,117864,37,158,55,177,46,167,117792
243,117865,40,88,56,114,48,101,117793
243,117866,486,255,512,277,499,266,117794
243,117867,75,246,90,263,82,254,117795
243,117868,27,273,43,299,35,286,117796
243,117869,273,1,290,30,281,15,117797
243,117870,322,2,339,21,330,11,117798
243,117871,128,0,187,23,157,11,117799
243,117872,586,6,596,21,591,13,117800
243,117873,52,15,68,52,60,33,117801
243,117874,133,0,151,13,142,6,117802
243,117875,164,0,177,4,170,2,117803
243,117876,532,26,555,42,543,34,117804
243,117877,328,245,355,266,341,255,117805
243,117878,217,0,228,8,222,4,117806
243,117879,68,21,81,39,74,30,117807
243,117880,182,83,208,104,195,93,117808
243,117881,196,56,212,83,204,69,117809
243,117882,383,269,402,291,392,280,117810
243,117883,314,127,337,153,325,140,117811
243,117884,307,98,333,121,320,109,117812
243,117885,350,86,373,115,361,100,117813
243,117886,591,308,612,331,601,319,117814
243,117887,610,323,638,338,624,330,117815
243,117888,566,351,592,359,579,355,117816
243,117889,51,226,75,249,63,237,117817
243,117890,17,204,35,222,26,213,117818
243,117891,527,162,552,174,539,168,117819
243,117892,529,172,553,192,541,182,117820
243,117893,593,8,608,21,600,14,117821
243,117894,401,295,431,328,416,311,117822
243,117895,56,247,73,266,64,256,
243,117896,211,30,220,45,215,37,117823
243,117897,594,0,617,4,605,2,
244,117898,445,0,532,73,488,36,117824
244,117899,539,247,571,273,555,260,117825
244,117900,596,233,620,262,608,247,117826
244,117901,468,183,490,229,479,206,117827
244,117902,597,127,622,165,609,146,117828
244,117903,267,1,345,50,306,25,117829
244,117904,381,121,403,157,392,139,117830
244,117905,529,71,556,96,542,83,117831
244,117906,417,113,442,145,429,129,117832
244,117907,60,164,84,185,72,174,117833
244,117908,543,207,578,231,560,219,117834
244,117909,96,166,115,197,105,181,117835
244,117910,362,46,383,69,372,57,117836
244,117911,498,85,521,112,509,98,117837
244,117912,28,235,43,258,35,246,117838
244,117913,208,316,231,344,219,330,117839
244,117914,399,274,421,297,410,285,117840
244,117915,300,52,321,84,310,68,117841
244,117916,246,52,267,78,256,65,117842
244,117917,606,0,638,20,622,10,117843
244,117918,278,290,301,311,289,300,117844
244,117919,271,75,291,105,281,90,117845
244,117920,503,26,524,57,513,41,117846
244,117921,574,69,610,97,592,83,117847
244,117922,261,178,281,210,271,194,117848
244,117923,405,12,429,33,417,22,117849
244,117924,379,12,404,40,391,26,117850
244,117925,612,48,637,75,624,61,117851
244,117926,292,219,315,252,303,235,117852
244,117927,348,68,379,90,363,79,117853
244,117928,119,89,136,114,127,101,117854
244,117929,389,32,409,59,399,45,117855
244,117930,233,84,256,107,244,95,117856
244,117931,473,289,497,311,485,300,117857
244,117932,35,121,54,142,44,131,117858
244,117933,72,130,87,155,79,142,117859
244,117934,57,98,80,122,68,110,117860
244,117935,229,50,249,74,239,62,117861
244,117936,200,13,220,33,210,23,117862
244,117937,218,24,237,45,227,34,117863
244,117938,37,158,55,177,46,167,117864
244,117939,40,88,56,114,48,101,117865
244,117940,486,255,512,277,499,266,117866
244,117941,75,246,90,263,82,254,117867
244,117942,27,273,43,299,35,286,117868
244,117943,273,1,290,30,281,15,117869
244,117944,322,2,339,21,330,11,117870
244,117945,128,0,187,23,157,11,117871
244,117946,586,6,596,21,591,13,117872
244,117947,52,15,68,52,60,33,117873
244,117948,133,0,151,13,142,6,117874
244,117949,164,0,177,4,170,2,117875
244,117950,532,26,555,42,543,34,117876
244,117951,328,245,354,266,341,255,117877
244,117952,217,0,228,8,222,4,117878
244,117953,67,21,81,39,74,30,117879
244,117954,182,83,208,104,195,93,117880
244,117955,196,56,212,83,204,69,117881
244,117956,383,269,402,291,392,280,117882
244,117957,314,127,337,153,325,140,117883
244,117958,307,98,333,121,320,109,117884
244,117959,350,86,373,115,361,100,117885
244,117960,591,308,612,331,601,319,117886
244,117961,610,323,638,337,624,330,117887
244,117962,566,351,592,359,579,355,117888
244,117963,49,223,74,244,61,233,117889
244,117964,19,205,37,222,28,213,117890
244,117965,527,162,552,174,539,168,117891
244,117966,529,171,553,192,541,181,117892
244,117967,594,8,607,22,600,15,117893
244,117968,402,295,430,328,416,311,117894
244,117969,55,247,72,265,63,256,117895
244,117970,211,30,220,45,215,37,117896
244,117971,595,0,617,5,606,2,117897
245,117972,444,0,533,73,488,36,117898
245,117973,539,247,571,273,555,260,117899
245,117974,596,233,620,262,608,247,117900
245,117975,468,183,490,229,479,206,117901
245,117976,597,127,622,165,609,146,117902
245,117977,268,1,345,50,306,25,117903
245,117978,381,121,403,157,392,139,117904
245,117979,529,71,557,96,543,83,117905
245,117980,417,113,442,145,429,129,117906
245,117981,60,164,84,185,72,174,117907
245,117982,543,207,578,231,560,219,117908
245,117983,96,166,115,197,105,181,117909
245,117984,362,46,383,69,372,57,117910
245,117985,497,85,520,112,508,98,117911
245,117986,28,236,43,258,35,247,117912
245,117987,208,316,231,344,219,330,117913
245,117988,399,274,421,297,410,285,117914
245,117989,300,52,321,84,310,68,117915
245,117990,246,52,267,78,256,65,117916
245,117991,607,0,638,20,622,10,117917
245,117992,278,290,301,311,289,300,117918
245,117993,271,75,291,105,281,90,117919
245,117994,503,26,524,57,513,41,117920
245,117995,574,69,610,97,592,83,117921
245,117996,261,178,281,210,271,194,117922
245,117997,405,12,429,33,417,22,117923
245,117998,379,12,404,40,391,26,117924
245,117999,611,48,637,76,624,62,117925
245,118000,292,219,315,252,303,235,117926
245,118001,349,68,379,90,364,79,117927
245,118002,119,89,136,114,127,101,117928
245,118003,389,32,409,59,399,45,117929
245,118004,232,84,256,107,244,95,117930
245,118005,475,290,498,311,486,300,117931
245,118006,35,121,54,142,44,131,117932
245,118007,72,130,87,155,79,142,117933
245,118008,57,98,80,122,68,110,117934
245,118009,229,50,249,74,239,62,117935
245,118010,200,13,220,33,210,23,117936
245,118011,218,24,237,45,227,34,117937
245,118012,37,158,55,177,46,167,117938
245,118013,40,88,56,114,48,101,117939
245,118014,486,255,512,277,499,266,117940
245,118015,75,245,90,263,82,254,117941
245,118016,27,273,43,299,35,286,117942
245,118017,273,0,290,31,281,15,117943
245,118018,322,2,339,21,330,11,117944
245,118019,129,0,187,23,158,11,117945
245,118020,586,6,596,21,591,13,117946
245,118021,52,15,67,52,59,33,117947
245,118022,133,0,151,13,142,6,117948
245,118023,164,0,177,4,170,2,117949
245,118024,532,26,554,42,543,34,117950
245,118025,328,245,353,266,340,255,117951
245,118026,217,0,228,8,222,4,117952
245,118027,67,21,81,39,74,30,117953
245,118028,182,83,208,104,195,93,117954
245,118029,196,56,212,83,204,69,117955
245,118030,383,269,402,291,392,280,117956
245,118031,314,127,337,153,325,140,117957
245,118032,307,98,333,121,320,109,117958
245,118033,351,86,372,115,361,100,117959
245,118034,591,308,612,331,601,319,117960
245,118035,610,323,638,337,624,330,117961
245,118036,566,351,592,359,579,355,117962
245,118037,46,221,72,241,59,231,117963
245,118038,21,206,38,223,29,214,117964
245,118039,527,162,552,173,539,167,117965
245,118040,529,171,553,192,541,181,117966
245,118041,402,295,430,328,416,311,117968
245,118042,55,245,71,265,63,255,117969
245,118043,211,30,220,45,215,37,117970
245,118044,595,0,617,5,606,2,117971
246,118045,444,0,533,73,488,36,117972
246,118046,539,247,571,273,555,260,117973
246,118047,596,233,620,262,608,247,117974
246,118048,468,183,490,229,479,206,117975
246,118049,597,127,622,165,609,146,117976
246,118050,268,1,345,50,306,25,117977
246,118051,381,121,403,157,392,139,117978
246,118052,529,71,557,96,543,83,117979
246,118053,417,113,442,145,429,129,117980
246,118054,60,164,84,185,72,174,117981
246,118055,543,207,578,231,560,219,117982
246,118056,96,166,115,197,105,181,117983
246,118057,362,46,383,69,372,57,117984
246,118058,496,85,520,113,508,99,117985
246,118059,28,236,43,258,35,247,117986
246,118060,208,316,231,344,219,330,117987
246,118061,398,274,421,297,409,285,117988
246,118062,300,52,321,84,310,68,117989
246,118063,246,52,267,78,256,65,117990
246,118064,607,0,638,20,622,10,117991
246,118065,278,290,301,311,289,300,117992
246,118066,271,75,291,105,281,90,117993
246,118067,503,26,524,57,513,41,117994
246,118068,573,69,610,97,591,83,117995
246,118069,261,178,281,210,271,194,117996
246,118070,405,13,429,33,417,23,117997
246,118071,379,12,404,40,391,26,117998
246,118072,611,48,637,76,624,62,117999
246,118073,292,219,315,252,303,235,118000
246,118074,348,68,379,90,363,79,118001
246,118075,119,89,136,114,127,101,118002
246,118076,389,32,409,59,399,45,118003
246,118077,232,84,256,107,244,95,118004
246,118078,478,290,501,312,489,301,118005
246,118079,35,121,54,142,44,131,118006
246,118080,72,130,87,155,79,142,118007
246,118081,57,98,80,122,68,110,118008
246,118082,229,50,249,74,239,62,118009
246,118083,200,13,220,33,210,23,118010
246,118084,218,24,237,45,227,34,118011
246,118085,37,158,55,177,46,167,118012
246,118086,40,88,56,114,48,101,118013
246,118087,486,254,512,277,499,265,118014
246,118088,75,245,90,263,82,254,118015
246,118089,27,273,43,299,35,286,118016
246,118090,272,0,290,31,281,15,118017
246,118091,322,2,339,21,330,11,118018
246,118092,129,0,187,23,158,11,118019
246,118093,586,6,596,21,591,13,118020
246,118094,52,15,67,52,59,33,118021
246,118095,133,0,151,13,142,6,118022
246,118096,164,0,177,4,170,2,118023
246,118097,532,26,554,42,543,34,118024
246,118098,328,245,351,266,339,255,118025
246,118099,217,0,228,8,222,4,118026
246,118100,67,21,81,39,74,30,118027
246,118101,182,83,208,104,195,93,118028
246,118102,196,56,212,83,204,69,118029
246,118103,383,268,402,291,392,279,118030
246,118104,314,127,337,153,325,140,118031
246,118105,307,98,333,121,320,109,118032
246,118106,350,86,372,115,361,100,118033
246,118107,591,308,612,331,601,319,118034
246,118108,610,323,638,337,624,330,118035
246,118109,566,351,592,359,579,355,118036
246,118110,44,219,70,239,57,229,118037
246,118111,22,207,40,224,31,215,118038
246,118112,527,162,552,173,539,167,118039
246,118113,529,169,553,192,541,180,118040
246,118114,402,295,430,328,416,311,118041
246,118115,55,244,71,265,63,254,118042
246,118116,211,31,220,45,215,38,118043
246,118117,595,0,618,5,606,2,118044
247,118118,444,0,533,73,488,36,118045
247,118119,539,247,571,273,555,260,118046
247,118120,596,233,620,262,608,247,118047
247,118121,468,183,490,229,479,206,118048
247,118122,597,127,622,165,609,146,118049
247,118123,268,1,345,50,306,25,118050
247,118124,381,121,403,157,392,139,118051
247,118125,529,71,557,96,543,83,118052
247,118126,417,113,442,145,429,129,118053
247,118127,60,164,84,185,72,174,118054
247,118128,543,207,578,231,560,219,118055
247,118129,96,166,115,197,105,181,118056
247,118130,362,46,383,69,372,57,118057
247,118131,495,86,519,113,507,99,118058
247,118132,28,236,43,258,35,247,118059
247,118133,208,316,231,344,219,330,118060
247,118134,398,274,421,297,409,285,118061
247,118135,300,52,321,84,310,68,118062
247,118136,246,52,267,78,256,65,118063
247,118137,607,0,638,20,622,10,118064
247,118138,278,290,301,311,289,300,118065
247,118139,271,75,291,105,281,90,118066
247,118140,503,26,524,57,513,41,118067
247,118141,573,69,610,97,591,83,118068
247,118142,261,178,281,210,271,194,118069
247,118143,405,13,429,33,417,23,118070
247,118144,379,12,404,40,391,26,118071
247,118145,611,48,637,76,624,62,118072
247,118146,292,219,315,252,303,235,118073
247,118147,348,68,379,90,363,79,118074
247,118148,119,89,136,114,127,101,118075
247,118149,389,31,409,59,399,45,118076
247,118150,232,84,256,107,244,95,118077
247,118151,479,291,501,312,490,301,118078
247,118152,35,121,54,142,44,131,118079
247,118153,72,130,87,155,79,142,118080
247,118154,57,98,80,122,68,110,118081
247,118155,229,50,249,74,239,62,118082
247,118156,200,13,220,33,210,23,118083
247,118157,218,24,237,45,227,34,118084
247,118158,37,158,55,177,46,167,118085
247,118159,40,88,56,114,48,101,118086
247,118160,486,254,512,277,499,265,118087
247,118161,75,245,90,263,82,254,118088
247,118162,27,273,43,299,35,286,118089
247,118163,272,0,290,31,281,15,118090
247,118164,322,2,339,21,330,11,118091
247,118165,129,0,187,23,158,11,118092
247,118166,586,6,596,21,591,13,118093
247,118167,52,15,67,53,59,34,118094
247,118168,133,0,151,13,142,6,118095
247,118169,164,0,177,4,170,2,118096
247,118170,532,26,554,42,543,34,118097
247,118171,328,245,351,266,339,255,118098
247,118172,217,0,228,8,222,4,118099
247,118173,67,21,81,39,74,30,118100
247,118174,182,83,208,104,195,93,118101
247,118175,196,55,212,83,204,69,118102
247,118176,383,268,402,291,392,279,118103
247,118177,314,127,337,153,325,140,118104
247,118178,307,98,333,121,320,109,118105
247,118179,350,86,372,115,361,100,118106
247,118180,591,308,612,331,601,319,118107
247,118181,610,323,638,337,624,330,118108
247,118182,566,351,592,359,579,355,118109
247,118183,43,218,69,238,56,228,118110
247,118184,22,207,41,225,31,216,118111
247,118185,527,162,552,173,539,167,118112
247,118186,529,168,553,192,541,180,118113
247,118187,402,295,430,328,416,311,118114
247,118188,55,243,71,265,63,254,118115
247,118189,211,31,220,45,215,38,118116
247,118190,595,0,618,5,606,2,118117
248,118191,444,0,533,73,488,36,118118
248,118192,539,247,571,273,555,260,118119
248,118193,596,233,620,262,608,247,118120
248,118194,468,183,490,229,479,206,118121
248,118195,597,127,622,165,609,146,118122
248,118196,268,1,345,50,306,25,118123
248,118197,381,121,403,157,392,139,118124
248,118198,529,71,557,96,543,83,118125
248,118199,417,113,442,145,429,129,118126
248,118200,60,164,84,185,72,174,118127
248,118201,543,207,578,231,560,219,118128
248,118202,96,167,115,197,105,182,118129
248,118203,361,46,383,69,372,57,118130
248,118204,494,86,517,113,505,99,118131
248,118205,28,236,43,258,35,247,118132
248,118206,208,316,231,344,219,330,118133
248,118207,398,274,420,296,409,285,118134
248,118208,300,52,321,84,310,68,118135
248,118209,246,52,267,78,256,65,118136
248,118210,607,0,638,20,622,10,118137
248,118211,278,290,301,311,289,300,118138
248,118212,271,75,291,105,281,90,118139
248,118213,503,26,524,57,513,41,118140
248,118214,573,69,610,97,591,83,118141
248,118215,261,178,281,210,271,194,118142
248,118216,405,13,429,33,417,23,118143
248,118217,379,12,404,40,391,26,118144
248,118218,611,48,637,76,624,62,118145
248,118219,292,219,315,252,303,235,118146
248,118220,349,68,379,90,364,79,118147
248,118221,119,89,136,114,127,101,118148
248,118222,389,31,409,59,399,45,118149
248,118223,232,84,256,107,244,95,118150
248,118224,480,291,502,313,491,302,118151
248,118225,35,121,54,142,44,131,118152
248,118226,72,130,87,155,79,142,118153
248,118227,57,98,80,122,68,110,118154
248,118228,229,50,249,74,239,62,118155
248,118229,200,13,220,33,210,23,118156
248,118230,218,24,237,45,227,34,118157
248,118231,37,158,55,177,46,167,118158
248,118232,40,88,56,114,48,101,118159
248,118233,486,254,512,277,499,265,118160
248,118234,76,245,91,264,83,254,118161
248,118235,27,273,43,299,35,286,118162
248,118236,272,0,290,31,281,15,118163
248,118237,322,2,339,21,330,11,118164
248,118238,129,0,187,23,158,11,118165
248,118239,52,15,67,53,59,34,118167
248,118240,133,0,151,13,142,6,118168
248,118241,164,0,177,4,170,2,118169
248,118242,532,26,554,42,543,34,118170
248,118243,328,245,351,266,339,255,118171
248,118244,217,0,228,8,222,4,118172
248,118245,67,21,81,39,74,30,118173
248,118246,182,83,208,104,195,93,118174
248,118247,196,56,212,83,204,69,118175
248,118248,384,268,402,291,393,279,118176
248,118249,314,127,337,153,325,140,118177
248,118250,307,98,333,121,320,109,118178
248,118251,350,86,372,115,361,100,118179
248,118252,591,308,612,331,601,319,118180
248,118253,610,323,638,337,624,330,118181
248,118254,566,351,592,359,579,355,118182
248,118255,43,218,69,237,56,227,118183
248,118256,23,207,41,225,32,216,118184
248,118257,527,162,552,173,539,167,118185
248,118258,529,168,553,192,541,180,118186
248,118259,401,295,430,328,415,311,118187
248,118260,55,243,70,265,62,254,118188
248,118261,211,31,220,45,215,38,118189
248,118262,595,0,618,5,606,2,118190
248,118263,361,282,383,302,372,292,
248,118264,587,6,607,21,597,13,
249,118265,444,0,533,73,488,36,118191
249,118266,539,247,571,273,555,260,118192
249,118267,596,233,620,262,608,247,118193
249,118268,468,183,490,229,479,206,118194
249,118269,597,127,622,165,609,146,118195
249,118270,268,1,345,50,306,25,118196
249,118271,381,121,403,157,392,139,118197
249,118272,529,71,557,96,543,83,118198
249,118273,417,113,442,145,429,129,118199
249,118274,60,164,84,185,72,174,118200
249,118275,543,207,578,231,560,219,118201
249,118276,96,167,115,197,105,182,118202
249,118277,361,46,383,69,372,57,118203
249,118278,491,87,516,115,503,101,118204
249,118279,28,236,43,258,35,247,118205
249,118280,208,316,231,344,219,330,118206
249,118281,397,274,420,296,408,285,118207
249,118282,300,52,321,84,310,68,118208
249,118283,246,52,267,78,256,65,118209
249,118284,607,0,638,20,622,10,118210
249,118285,278,290,302,311,290,300,118211
249,118286,271,75,291,105,281,90,118212
249,118287,503,26,524,57,513,41,118213
249,118288,574,69,610,97,592,83,118214
249,118289,261,178,281,210,271,194,118215
249,118290,405,13,429,33,417,23,118216
249,118291,379,12,404,40,391,26,118217
249,118292,611,48,637,75,624,61,118218
249,118293,292,219,315,252,303,235,118219
249,118294,349,68,379,90,364,79,118220
249,118295,119,89,136,114,127,101,118221
249,118296,390,31,409,59,399,45,118222
249,118297,232,84,256,107,244,95,118223
249,118298,480,291,503,314,491,302,118224
249,118299,35,121,54,142,44,131,118225
249,118300,72,130,87,155,79,142,118226
249,118301,57,98,80,122,68,110,118227
249,118302,229,50,249,74,239,62,118228
249,118303,200,13,220,33,210,23,118229
249,118304,218,24,237,45,227,34,118230
249,118305,37,159,55,177,46,168,118231
249,118306,40,88,56,114,48,101,118232
249,118307,486,254,512,277,499,265,118233
249,118308,76,246,91,265,83,255,118234
249,118309,27,273,43,299,35,286,118235
249,118310,272,0,290,31,281,15,118236
249,118311,322,2,339,21,330,11,118237
249,118312,129,0,187,23,158,11,118238
249,118313,52,15,67,53,59,34,118239
249,118314,133,0,151,13,142,6,118240
249,118315,164,0,177,4,170,2,118241
249,118316,532,26,554,42,543,34,118242
249,118317,328,245,351,267,339,256,118243
249,118318,217,0,228,8,222,4,118244
249,118319,67,21,81,39,74,30,118245
249,118320,182,83,208,104,195,93,118246
249,118321,196,56,212,83,204,69,118247
249,118322,384,268,402,292,393,280,118248
249,118323,314,127,337,153,325,140,118249
249,118324,307,98,333,121,320,109,118250
249,118325,350,86,372,115,361,100,118251
249,118326,591,308,612,331,601,319,118252
249,118327,610,323,638,337,624,330,118253
249,118328,566,351,592,359,579,355,118254
249,118329,42,218,68,237,55,227,118255
249,118330,23,207,42,226,32,216,118256
249,118331,527,162,552,173,539,167,118257
249,118332,529,168,553,192,541,180,118258
249,118333,401,294,430,329,415,311,118259
249,118334,55,242,71,265,63,253,118260
249,118335,211,30,221,45,216,37,118261
249,118336,595,0,618,4,606,2,118262
249,118337,362,280,384,302,373,291,118263
249,118338,586,6,607,21,596,13,118264
249,118339,373,296,401,315,387,305,
249,118340,583,326,601,347,592,336,
250,118341,444,0,533,73,488,36,118265
250,118342,539,247,571,273,555,260,118266
250,118343,596,233,620,262,608,247,118267
250,118344,468,183,490,229,479,206,118268
250,118345,597,127,622,165,609,146,118269
250,118346,268,1,345,50,306,25,118270
250,118347,381,121,403,157,392,139,118271
250,118348,529,71,557,96,543,83,118272
250,118349,417,113,442,145,429,129,118273
250,118350,60,164,84,185,72,174,118274
250,118351,543,207,578,231,560,219,118275
250,118352,96,167,115,197,105,182,118276
250,118353,361,46,383,69,372,57,118277
250,118354,488,88,515,115,501,101,118278
250,118355,28,236,43,258,35,247,118279
250,118356,208,316,231,344,219,330,118280
250,118357,396,274,420,296,408,285,118281
250,118358,300,52,321,84,310,68,118282
250,118359,246,52,267,78,256,65,118283
250,118360,606,0,638,20,622,10,118284
250,118361,278,290,302,311,290,300,118285
250,118362,271,75,291,105,281,90,118286
250,118363,503,26,524,57,513,41,118287
250,118364,574,69,610,96,592,82,118288
250,118365,261,178,281,210,271,194,118289
250,118366,406,13,429,33,417,23,118290
250,118367,379,12,404,40,391,26,118291
250,118368,611,48,637,75,624,61,118292
250,118369,292,219,315,252,303,235,118293
250,118370,348,68,379,90,363,79,118294
250,118371,119,89,136,114,127,101,118295
250,118372,390,32,409,59,399,45,118296
250,118373,232,84,256,107,244,95,118297
250,118374,481,291,504,314,492,302,118298
250,118375,35,121,54,142,44,131,118299
250,118376,72,130,87,155,79,142,118300
250,118377,57,98,80,122,68,110,118301
250,118378,229,50,249,74,239,62,118302
250,118379,200,13,220,33,210,23,118303
250,118380,218,24,237,45,227,34,118304
250,118381,37,159,55,177,46,168,118305
250,118382,40,88,56,114,48,101,118306
250,118383,486,254,512,277,499,265,118307
250,118384,77,247,92,265,84,256,118308
250,118385,27,273,43,299,35,286,118309
250,118386,272,0,290,31,281,15,118310
250,118387,322,2,339,21,330,11,118311
250,118388,129,0,187,23,158,11,118312
250,118389,52,15,67,53,59,34,118313
250,118390,133,0,151,13,142,6,118314
250,118391,164,0,177,4,170,2,118315
250,118392,532,26,554,42,543,34,118316
250,118393,328,244,350,267,339,255,118317
250,118394,217,0,228,8,222,4,118318
250,118395,67,21,81,39,74,30,118319
250,118396,182,83,208,104,195,93,118320
250,118397,196,56,212,83,204,69,118321
250,118398,384,268,402,292,393,280,118322
250,118399,314,127,337,153,325,140,118323
250,118400,307,98,333,121,320,109,118324
250,118401,350,86,372,115,361,100,118325
250,118402,591,308,612,331,601,319,118326
250,118403,610,323,638,338,624,330,118327
250,118404,566,351,592,359,579,355,118328
250,118405,42,218,67,236,54,227,118329
250,118406,23,207,42,226,32,216,118330
250,118407,527,162,552,173,539,167,118331
250,118408,529,169,553,192,541,180,118332
250,118409,401,294,430,329,415,311,118333
250,118410,55,242,71,265,63,253,118334
250,118411,211,31,221,45,216,38,118335
250,118412,363,279,386,301,374,290,118337
250,118413,586,6,608,21,597,13,118338
250,118414,373,296,401,316,387,306,118339
250,118415,582,326,601,347,591,336,118340
251,118416,444,0,533,73,488,36,118341
251,118417,539,247,571,273,555,260,118342
251,118418,596,233,620,262,608,247,118343
251,118419,468,183,490,229,479,206,118344
251,118420,597,127,622,165,609,146,118345
251,118421,268,1,345,50,306,25,118346
251,118422,381,121,403,157,392,139,118347
251,118423,529,71,557,95,543,83,118348
251,118424,417,113,442,145,429,129,118349
251,118425,60,164,84,185,72,174,118350
251,118426,543,207,578,231,560,219,118351
251,118427,96,167,115,197,105,182,118352
251,118428,361,46,383,69,372,57,118353
251,118429,485,90,512,115,498,102,118354
251,118430,29,236,43,258,36,247,118355
251,118431,208,316,231,344,219,330,118356
251,118432,396,274,420,296,408,285,118357
251,118433,300,52,321,84,310,68,118358
251,118434,246,52,267,78,256,65,118359
251,118435,604,0,638,20,621,10,118360
251,118436,278,290,302,311,290,300,118361
251,118437,271,75,291,105,281,90,118362
251,118438,503,26,524,57,513,41,118363
251,118439,574,69,610,96,592,82,118364
251,118440,261,178,281,210,271,194,118365
251,118441,406,13,429,33,417,23,118366
251,118442,379,13,404,41,391,27,118367
251,118443,611,49,637,76,624,62,118368
251,118444,292,219,315,252,303,235,118369
251,118445,348,68,379,90,363,79,118370
251,118446,119,89,136,114,127,101,118371
251,118447,390,32,409,59,399,45,118372
251,118448,233,84,256,107,244,95,118373
251,118449,482,292,504,314,493,303,118374
251,118450,35,121,54,142,44,131,118375
251,118451,72,130,87,155,79,142,118376
251,118452,57,98,80,122,68,110,118377
251,118453,229,50,249,74,239,62,118378
251,118454,200,13,220,33,210,23,118379
251,118455,218,24,237,45,227,34,118380
251,118456,37,158,55,177,46,167,118381
251,118457,40,88,56,114,48,101,118382
251,118458,486,254,513,277,499,265,118383
251,118459,78,248,93,266,85,257,118384
251,118460,28,273,44,298,36,285,118385
251,118461,272,0,290,31,281,15,118386
251,118462,322,2,339,21,330,11,118387
251,118463,129,0,187,23,158,11,118388
251,118464,52,15,67,52,59,33,118389
251,118465,133,0,151,13,142,6,118390
251,118466,164,0,177,4,170,2,118391
251,118467,532,26,554,42,543,34,118392
251,118468,328,245,350,267,339,256,118393
251,118469,217,0,228,8,222,4,118394
251,118470,67,21,81,39,74,30,118395
251,118471,182,83,208,104,195,93,118396
251,118472,196,55,212,83,204,69,118397
251,118473,384,268,402,293,393,280,118398
251,118474,314,127,337,153,325,140,118399
251,118475,307,98,333,121,320,109,118400
251,118476,350,86,372,115,361,100,118401
251,118477,591,308,612,331,601,319,118402
251,118478,610,323,638,338,624,330,118403
251,118479,566,351,592,359,579,355,118404
251,118480,43,218,67,236,55,227,118405
251,118481,23,208,42,226,32,217,118406
251,118482,527,162,552,173,539,167,118407
251,118483,529,170,553,192,541,181,118408
251,118484,401,294,430,329,415,311,118409
251,118485,56,242,70,265,63,253,118410
251,118486,211,31,221,45,216,38,118411
251,118487,365,278,387,298,376,288,118412
251,118488,586,6,608,21,597,13,118413
251,118489,372,296,401,316,386,306,118414
251,118490,582,326,601,347,591,336,118415
252,118491,444,0,533,73,488,36,118416
252,118492,539,247,571,273,555,260,118417
252,118493,596,233,620,262,608,247,118418
252,118494,468,183,490,229,479,206,118419
252,118495,597,127,622,165,609,146,118420
252,118496,268,1,345,50,306,25,118421
252,118497,381,121,403,157,392,139,118422
252,118498,529,71,557,95,543,83,118423
252,118499,417,113,442,145,429,129,118424
252,118500,60,164,84,185,72,174,118425
252,118501,544,207,578,231,561,219,118426
252,118502,96,167,115,197,105,182,118427
252,118503,361,46,383,69,372,57,118428
252,118504,483,92,511,115,497,103,118429
252,118505,29,236,43,258,36,247,118430
252,118506,208,316,231,344,219,330,118431
252,118507,396,274,420,296,408,285,118432
252,118508,300,52,321,84,310,68,118433
252,118509,246,52,267,78,256,65,118434
252,118510,604,0,637,20,620,10,118435
252,118511,278,290,302,311,290,300,118436
252,118512,271,75,291,105,281,90,118437
252,118513,503,25,524,57,513,41,118438
252,118514,574,69,610,96,592,82,118439
252,118515,261,178,281,210,271,194,118440
252,118516,406,14,429,32,417,23,118441
252,118517,379,13,404,41,391,27,118442
252,118518,611,48,637,76,624,62,118443
252,118519,292,219,315,252,303,235,118444
252,118520,349,68,379,90,364,79,118445
252,118521,119,89,136,114,127,101,118446
252,118522,389,31,409,59,399,45,118447
252,118523,233,84,256,107,244,95,118448
252,118524,482,291,504,314,493,302,118449
252,118525,35,121,54,142,44,131,118450
252,118526,72,130,87,155,79,142,118451
252,118527,57,98,80,122,68,110,118452
252,118528,229,50,249,74,239,62,118453
252,118529,200,13,220,33,210,23,118454
252,118530,218,24,237,45,227,34,118455
252,118531,37,158,55,177,46,167,118456
252,118532,40,88,56,114,48,101,118457
252,118533,486,254,513,277,499,265,118458
252,118534,79,248,94,266,86,257,118459
252,118535,28,274,44,298,36,286,118460
252,118536,272,0,289,30,280,15,118461
252,118537,322,2,339,21,330,11,118462
252,118538,129,0,187,23,158,11,118463
252,118539,52,15,67,52,59,33,118464
252,118540,133,0,151,13,142,6,118465
252,118541,164,0,177,4,170,2,118466
252,118542,532,26,554,42,543,34,118467
252,118543,328,245,350,267,339,256,118468
252,118544,217,0,228,8,222,4,118469
252,118545,67,21,81,39,74,30,118470
252,118546,182,83,208,104,195,93,118471
252,118547,196,55,212,83,204,69,118472
252,118548,384,268,402,294,393,281,118473
252,118549,314,127,337,153,325,140,118474
252,118550,307,98,333,121,320,109,118475
252,118551,350,86,372,115,361,100,118476
252,118552,591,308,612,331,601,319,118477
252,118553,610,323,638,338,624,330,118478
252,118554,566,351,592,359,579,355,118479
252,118555,43,218,67,236,55,227,118480
252,118556,23,208,42,226,32,217,118481
252,118557,526,162,552,174,539,168,118482
252,118558,529,173,553,192,541,182,118483
252,118559,401,294,430,329,415,311,118484
252,118560,56,242,70,265,63,253,118485
252,118561,211,30,221,44,216,37,118486
252,118562,366,278,388,297,377,287,118487
252,118563,586,6,608,21,597,13,118488
252,118564,371,296,400,317,385,306,118489
252,118565,582,326,601,347,591,336,118490
253,118566,444,0,533,73,488,36,118491
253,118567,539,247,571,273,555,260,118492
253,118568,596,233,620,262,608,247,118493
253,118569,468,183,490,229,479,206,118494
253,118570,597,127,622,165,609,146,118495
253,118571,268,1,346,50,307,25,118496
253,118572,381,121,403,157,392,139,118497
253,118573,529,71,557,95,543,83,118498
253,118574,417,113,442,145,429,129,118499
253,118575,60,164,84,185,72,174,118500
253,118576,544,207,578,231,561,219,118501
253,118577,96,167,115,197,105,182,118502
253,118578,361,46,383,69,372,57,118503
253,118579,482,92,511,115,496,103,118504
253,118580,29,236,43,258,36,247,118505
253,118581,208,316,231,344,219,330,118506
253,118582,395,274,421,297,408,285,118507
253,118583,300,52,321,84,310,68,118508
253,118584,246,52,267,78,256,65,118509
253,118585,605,0,637,20,621,10,118510
253,118586,278,290,302,311,290,300,118511
253,118587,271,75,291,105,281,90,118512
253,118588,503,25,524,57,513,41,118513
253,118589,574,69,610,96,592,82,118514
253,118590,261,178,281,210,271,194,118515
253,118591,405,14,429,32,417,23,118516
253,118592,379,13,404,41,391,27,118517
253,118593,611,48,637,76,624,62,118518
253,118594,292,219,315,252,303,235,118519
253,118595,349,68,379,90,364,79,118520
253,118596,119,89,136,114,127,101,118521
253,118597,389,31,409,59,399,45,118522
253,118598,233,84,256,107,244,95,118523
253,118599,483,291,504,314,493,302,118524
253,118600,35,121,54,142,44,131,118525
253,118601,72,130,87,155,79,142,118526
253,118602,57,98,80,122,68,110,118527
253,118603,229,50,249,74,239,62,118528
253,118604,200,13,220,33,210,23,118529
253,118605,218,24,237,45,227,34,118530
253,118606,37,158,55,177,46,167,118531
253,118607,40,88,56,114,48,101,118532
253,118608,486,254,513,277,499,265,118533
253,118609,79,248,95,266,87,257,118534
253,118610,28,274,44,298,36,286,118535
253,118611,272,0,289,30,280,15,118536
253,118612,322,2,339,21,330,11,118537
253,118613,129,0,187,23,158,11,118538
253,118614,52,15,67,52,59,33,118539
253,118615,133,0,151,13,142,6,118540
253,118616,164,0,177,4,170,2,118541
253,118617,532,26,554,42,543,34,118542
253,118618,328,245,350,267,339,256,118543
253,118619,217,0,228,8,222,4,118544
253,118620,67,21,81,39,74,30,118545
253,118621,182,83,208,104,195,93,118546
253,118622,196,55,212,83,204,69,118547
253,118623,384,268,402,294,393,281,118548
253,118624,314,127,337,153,325,140,118549
253,118625,307,98,333,121,320,109,118550
253,118626,350,86,372,115,361,100,118551
253,118627,591,308,612,331,601,319,118552
253,118628,610,323,638,338,624,330,118553
253,118629,566,351,592,359,579,355,118554
253,118630,43,218,67,236,55,227,118555
253,118631,23,208,42,226,32,217,118556
253,118632,526,162,552,174,539,168,118557
253,118633,529,174,553,192,541,183,118558
253,118634,401,295,430,329,415,312,118559
253,118635,56,242,70,265,63,253,118560
253,118636,211,30,221,44,216,37,118561
253,118637,367,278,389,297,378,287,118562
253,118638,586,6,608,21,597,13,118563
253,118639,370,297,400,317,385,307,118564
253,118640,582,326,601,347,591,336,118565
254,118641,444,0,533,73,488,36,118566
254,118642,539,247,571,273,555,260,118567
254,118643,596,233,620,262,608,247,118568
254,118644,468,183,490,229,479,206,118569
254,118645,597,127,622,165,609,146,118570
254,118646,268,1,346,50,307,25,118571
254,118647,381,121,403,157,392,139,118572
254,118648,529,71,557,95,543,83,118573
254,118649,417,113,442,145,429,129,118574
254,118650,60,164,84,185,72,174,118575
254,118651,544,207,578,231,561,219,118576
254,118652,96,167,115,197,105,182,118577
254,118653,361,46,383,69,372,57,118578
254,118654,482,93,510,115,496,104,118579
254,118655,29,236,43,258,36,247,118580
254,118656,208,316,231,344,219,330,118581
254,118657,395,274,421,297,408,285,118582
254,118658,300,52,321,84,310,68,118583
254,118659,246,52,267,78,256,65,118584
254,118660,604,0,637,20,620,10,118585
254,118661,278,290,302,311,290,300,118586
254,118662,271,75,291,105,281,90,118587
254,118663,503,25,524,57,513,41,118588
254,118664,574,69,610,96,592,82,118589
254,118665,261,178,281,210,271,194,118590
254,118666,405,14,429,32,417,23,118591
254,118667,379,13,404,41,391,27,118592
254,118668,611,48,637,76,624,62,118593
254,118669,292,219,315,252,303,235,118594
254,118670,349,68,379,90,364,79,118595
254,118671,119,89,136,114,127,101,118596
254,118672,389,31,409,59,399,45,118597
254,118673,233,84,256,107,244,95,118598
254,118674,483,291,505,314,494,302,118599
254,118675,35,121,54,142,44,131,118600
254,118676,72,130,87,155,79,142,118601
254,118677,57,98,80,122,68,110,118602
254,118678,229,50,249,74,239,62,118603
254,118679,200,13,220,33,210,23,118604
254,118680,217,24,237,45,227,34,118605
254,118681,37,158,55,177,46,167,118606
254,118682,40,88,56,114,48,101,118607
254,118683,486,254,513,277,499,265,118608
254,118684,79,248,95,266,87,257,118609
254,118685,28,274,44,298,36,286,118610
254,118686,272,0,289,29,280,14,118611
254,118687,322,2,339,21,330,11,118612
254,118688,129,0,187,23,158,11,118613
254,118689,52,15,67,52,59,33,118614
254,118690,133,0,151,13,142,6,118615
254,118691,164,0,177,4,170,2,118616
254,118692,532,26,554,42,543,34,118617
254,118693,328,245,350,267,339,256,118618
254,118694,217,0,228,8,222,4,118619
254,118695,67,21,81,39,74,30,118620
254,118696,182,83,208,104,195,93,118621
254,118697,196,55,212,83,204,69,118622
254,118698,384,268,402,294,393,281,118623
254,118699,314,127,337,153,325,140,118624
254,118700,307,98,333,121,320,109,118625
254,118701,350,86,372,115,361,100,118626
254,118702,591,308,612,331,601,319,118627
254,118703,610,323,638,338,624,330,118628
254,118704,566,351,592,359,579,355,118629
254,118705,43,218,66,236,54,227,118630
254,118706,23,208,42,227,32,217,118631
254,118707,526,162,552,174,539,168,118632
254,118708,529,174,553,192,541,183,118633
254,118709,399,295,430,329,414,312,118634
254,118710,56,242,70,265,63,253,118635
254,118711,211,29,221,44,216,36,118636
254,118712,368,279,389,298,378,288,118637
254,118713,586,6,608,21,597,13,118638
254,118714,370,297,399,317,384,307,118639
254,118715,582,326,600,347,591,336,118640
255,118716,444,0,533,73,488,36,118641
255,118717,539,247,571,273,555,260,118642
255,118718,596,233,620,262,608,247,118643
255,118719,468,183,490,229,479,206,118644
255,118720,597,127,622,165,609,146,118645
255,118721,268,1,345,50,306,25,118646
255,118722,381,121,403,157,392,139,118647
255,118723,529,71,557,95,543,83,118648
255,118724,417,113,442,145,429,129,118649
255,118725,60,164,84,185,72,174,118650
255,118726,544,207,578,231,561,219,118651
255,118727,96,167,115,197,105,182,118652
255,118728,361,46,383,69,372,57,118653
255,118729,482,94,508,116,495,105,118654
255,118730,29,236,43,258,36,247,118655
255,118731,208,316,231,344,219,330,118656
255,118732,396,274,421,297,408,285,118657
255,118733,300,52,321,84,310,68,118658
255,118734,246,52,267,78,256,65,118659
255,118735,606,0,637,20,621,10,118660
255,118736,278,290,302,311,290,300,118661
255,118737,271,75,291,105,281,90,118662
255,118738,503,25,524,57,513,41,118663
255,118739,574,69,610,96,592,82,118664
255,118740,261,178,281,210,271,194,118665
255,118741,405,13,429,32,417,22,118666
255,118742,379,13,404,41,391,27,118667
255,118743,611,48,637,76,624,62,118668
255,118744,292,219,315,252,303,235,118669
255,118745,349,68,379,90,364,79,118670
255,118746,119,89,136,114,127,101,118671
255,118747,390,30,410,59,400,44,118672
255,118748,233,84,256,107,244,95,118673
255,118749,483,291,505,314,494,302,118674
255,118750,35,121,54,142,44,131,118675
255,118751,72,130,87,155,79,142,118676
255,118752,57,98,80,122,68,110,118677
255,118753,229,50,249,74,239,62,118678
255,118754,200,13,220,33,210,23,118679
255,118755,216,24,237,45,226,34,118680
255,118756,37,158,55,177,46,167,118681
255,118757,40,88,56,114,48,101,118682
255,118758,486,254,513,277,499,265,118683
255,118759,80,248,96,266,88,257,118684
255,118760,28,274,44,298,36,286,118685
255,118761,272,0,290,29,281,14,118686
255,118762,322,2,339,21,330,11,118687
255,118763,129,0,187,23,158,11,118688
255,118764,52,15,67,53,59,34,118689
255,118765,133,0,151,13,142,6,118690
255,118766,164,0,177,4,170,2,118691
255,118767,533,26,554,42,543,34,118692
255,118768,328,245,350,267,339,256,118693
255,118769,217,0,228,8,222,4,118694
255,118770,67,21,81,39,74,30,118695
255,118771,182,83,208,104,195,93,118696
255,118772,196,55,212,83,204,69,118697
255,118773,384,268,401,294,392,281,118698
255,118774,314,127,337,153,325,140,118699
255,118775,307,98,333,121,320,109,118700
255,118776,350,86,372,115,361,100,118701
255,118777,591,308,612,331,601,319,118702
255,118778,610,323,638,338,624,330,118703
255,118779,566,351,592,359,579,355,118704
255,118780,43,219,66,236,54,227,118705
255,118781,23,208,42,227,32,217,118706
255,118782,526,162,552,174,539,168,118707
255,118783,529,174,553,192,541,183,118708
255,118784,399,294,430,329,414,311,118709
255,118785,56,242,70,265,63,253,118710
255,118786,369,280,391,300,380,290,118712
255,118787,586,6,607,21,596,13,118713
255,118788,370,298,398,318,384,308,118714
256,118789,444,0,533,73,488,36,118716
256,118790,539,247,571,273,555,260,118717
256,118791,596,233,620,262,608,247,118718
256,118792,468,183,490,229,479,206,118719
256,118793,597,127,622,165,609,146,118720
256,118794,268,1,345,50,306,25,118721
256,118795,381,121,403,156,392,138,118722
256,118796,529,71,557,95,543,83,118723
256,118797,417,113,442,145,429,129,118724
256,118798,60,164,84,185,72,174,118725
256,118799,544,207,578,231,561,219,118726
256,118800,96,167,115,197,105,182,118727
256,118801,361,46,383,69,372,57,118728
256,118802,481,95,508,118,494,106,118729
256,118803,29,236,43,258,36,247,118730
256,118804,208,316,231,344,219,330,118731
256,118805,395,274,421,297,408,285,118732
256,118806,300,52,321,84,310,68,118733
256,118807,246,52,267,78,256,65,118734
256,118808,606,0,636,20,621,10,118735
256,118809,278,290,302,311,290,300,118736
256,118810,271,75,291,105,281,90,118737
256,118811,503,26,524,57,513,41,118738
256,118812,574,69,610,96,592,82,118739
256,118813,261,178,281,210,271,194,118740
256,118814,404,13,429,32,416,22,118741
256,118815,379,13,404,41,391,27,118742
256,118816,611,48,637,76,624,62,118743
256,118817,292,219,315,252,303,235,118744
256,118818,349,68,379,90,364,79,118745
256,118819,119,89,136,114,127,101,118746
256,118820,390,30,410,59,400,44,118747
256,118821,233,84,256,107,244,95,118748
256,118822,483,291,506,314,494,302,118749
256,118823,35,121,54,142,44,131,118750
256,118824,72,130,87,155,79,142,118751
256,118825,57,98,80,122,68,110,118752
256,118826,229,50,249,74,239,62,118753
256,118827,200,13,220,34,210,23,118754
256,118828,213,24,237,45,225,34,118755
256,118829,37,158,55,177,46,167,118756
256,118830,40,88,56,114,48,101,118757
256,118831,486,254,513,277,499,265,118758
256,118832,81,248,96,265,88,256,118759
256,118833,28,274,44,298,36,286,118760
256,118834,273,0,290,29,281,14,118761
256,118835,322,2,339,21,330,11,118762
256,118836,129,0,187,23,158,11,118763
256,118837,52,15,67,53,59,34,118764
256,118838,133,0,151,13,142,6,118765
256,118839,164,0,177,4,170,2,118766
256,118840,533,26,554,42,543,34,118767
256,118841,328,245,350,267,339,256,118768
256,118842,217,0,228,8,222,4,118769
256,118843,67,21,81,39,74,30,118770
256,118844,182,83,208,103,195,93,118771
256,118845,196,55,212,83,204,69,118772
256,118846,384,268,401,294,392,281,118773
256,118847,314,127,337,153,325,140,118774
256,118848,307,98,333,121,320,109,118775
256,118849,350,85,372,114,361,99,118776
256,118850,591,308,612,331,601,319,118777
256,118851,610,323,638,338,624,330,118778
256,118852,566,351,592,359,579,355,118779
256,118853,42,219,66,236,54,227,118780
256,118854,23,208,42,227,32,217,118781
256,118855,526,162,552,174,539,168,118782
256,118856,529,174,553,192,541,183,118783
256,118857,398,294,430,329,414,311,118784
256,118858,56,242,70,265,63,253,118785
256,118859,370,281,392,300,381,290,118786
256,118860,586,6,605,21,595,13,118787
256,118861,369,299,397,318,383,308,118788
257,118862,444,0,533,73,488,36,118789
257,118863,539,247,570,273,554,260,118790
257,118864,596,233,620,262,608,247,118791
257,118865,468,183,490,229,479,206,118792
257,118866,597,127,622,165,609,146,118793
257,118867,267,1,345,50,306,25,118794
257,118868,381,121,403,156,392,138,118795
257,118869,529,71,557,95,543,83,118796
257,118870,417,113,442,145,429,129,118797
257,118871,60,164,84,185,72,174,118798
257,118872,544,207,578,231,561,219,118799
257,118873,96,166,115,197,105,181,118800
257,118874,361,46,383,69,372,57,118801
257,118875,481,98,508,120,494,109,118802
257,118876,29,236,43,258,36,247,118803
257,118877,208,316,231,344,219,330,118804
257,118878,395,274,421,297,408,285,118805
257,118879,300,52,321,84,310,68,118806
257,118880,246,52,267,78,256,65,118807
257,118881,607,0,636,20,621,10,118808
257,118882,278,290,302,311,290,300,118809
257,118883,271,75,291,105,281,90,118810
257,118884,503,26,524,57,513,41,118811
257,118885,574,69,610,96,592,82,118812
257,118886,261,178,281,210,271,194,118813
257,118887,404,13,429,32,416,22,118814
257,118888,379,13,404,41,391,27,118815
257,118889,611,49,637,76,624,62,118816
257,118890,292,219,315,252,303,235,118817
257,118891,349,68,379,90,364,79,118818
257,118892,119,89,136,114,127,101,118819
257,118893,390,31,410,59,400,45,118820
257,118894,233,84,256,107,244,95,118821
257,118895,484,291,506,315,495,303,118822
257,118896,35,121,54,142,44,131,118823
257,118897,72,130,87,155,79,142,118824
257,118898,57,98,80,122,68,110,118825
257,118899,229,50,249,74,239,62,118826
257,118900,200,13,220,34,210,23,118827
257,118901,214,24,237,45,225,34,118828
257,118902,37,158,55,177,46,167,118829
257,118903,40,88,56,114,48,101,118830
257,118904,486,254,513,277,499,265,118831
257,118905,81,248,97,265,89,256,118832
257,118906,28,274,44,298,36,286,118833
257,118907,273,0,291,28,282,14,118834
257,118908,322,3,339,21,330,12,118835
257,118909,129,0,187,23,158,11,118836
257,118910,52,15,67,53,59,34,118837
257,118911,133,0,151,13,142,6,118838
257,118912,164,0,177,4,170,2,118839
257,118913,533,27,554,42,543,34,118840
257,118914,328,245,350,267,339,256,118841
257,118915,217,0,228,8,222,4,118842
257,118916,67,21,81,39,74,30,118843
257,118917,182,83,208,103,195,93,118844
257,118918,196,56,212,83,204,69,118845
257,118919,384,268,401,294,392,281,118846
257,118920,314,127,337,153,325,140,118847
257,118921,307,98,333,121,320,109,118848
257,118922,351,85,372,114,361,99,118849
257,118923,591,309,612,331,601,320,118850
257,118924,610,323,638,337,624,330,118851
257,118925,566,351,592,359,579,355,118852
257,118926,41,220,66,236,53,228,118853
257,118927,23,208,42,227,32,217,118854
257,118928,526,162,552,174,539,168,118855
257,118929,529,174,553,192,541,183,118856
257,118930,398,294,430,329,414,311,118857
257,118931,56,242,70,264,63,253,118858
257,118932,371,282,393,297,382,289,118859
257,118933,586,6,606,21,596,13,118860
257,118934,369,300,396,317,382,308,118861
258,118935,444,0,533,73,488,36,118862
258,118936,539,247,570,273,554,260,118863
258,118937,596,233,620,262,608,247,118864
258,118938,468,183,490,229,479,206,118865
258,118939,597,127,622,165,609,146,118866
258,118940,267,1,345,50,306,25,118867
258,118941,381,121,403,156,392,138,118868
258,118942,529,71,557,95,543,83,118869
258,118943,417,113,442,145,429,129,118870
258,118944,59,164,84,185,71,174,118871
258,118945,544,207,578,231,561,219,118872
258,118946,96,166,115,197,105,181,118873
258,118947,361,47,383,69,372,58,118874
258,118948,480,98,508,121,494,109,118875
258,118949,29,236,43,258,36,247,118876
258,118950,208,316,231,344,219,330,118877
258,118951,395,275,421,297,408,286,118878
258,118952,300,52,321,84,310,68,118879
258,118953,246,52,267,78,256,65,118880
258,118954,607,0,636,20,621,10,118881
258,118955,278,290,302,311,290,300,118882
258,118956,271,75,291,105,281,90,118883
258,118957,503,26,524,57,513,41,118884
258,118958,574,69,610,96,592,82,118885
258,118959,261,178,281,210,271,194,118886
258,118960,404,13,429,32,416,22,118887
258,118961,379,13,404,41,391,27,118888
258,118962,611,48,637,76,624,62,118889
258,118963,292,219,315,252,303,235,118890
258,118964,349,68,379,90,364,79,118891
258,118965,119,89,136,114,127,101,118892
258,118966,390,31,410,59,400,45,118893
258,118967,232,84,256,107,244,95,118894
258,118968,484,291,506,315,495,303,118895
258,118969,35,121,54,142,44,131,118896
258,118970,72,130,87,155,79,142,118897
258,118971,57,98,80,122,68,110,118898
258,118972,229,50,249,74,239,62,118899
258,118973,200,13,220,34,210,23,118900
258,118974,214,24,237,45,225,34,118901
258,118975,37,158,55,177,46,167,118902
258,118976,40,88,56,114,48,101,118903
258,118977,486,254,513,277,499,265,118904
258,118978,81,247,97,265,89,256,118905
258,118979,28,274,44,298,36,286,118906
258,118980,273,0,291,28,282,14,118907
258,118981,322,3,339,21,330,12,118908
258,118982,129,0,187,23,158,11,118909
258,118983,52,15,67,53,59,34,118910
258,118984,133,0,151,13,142,6,118911
258,118985,164,0,177,4,170,2,118912
258,118986,533,27,554,42,543,34,118913
258,118987,328,245,350,267,339,256,118914
258,118988,217,0,228,8,222,4,118915
258,118989,67,21,81,39,74,30,118916
258,118990,182,83,208,103,195,93,118917
258,118991,196,56,212,83,204,69,118918
258,118992,385,268,401,294,393,281,118919
258,118993,314,127,337,153,325,140,118920
258,118994,307,98,333,121,320,109,118921
258,118995,351,85,372,114,361,99,118922
258,118996,591,309,612,331,601,320,118923
258,118997,610,323,638,337,624,330,118924
258,118998,566,351,593,359,579,355,118925
258,118999,40,220,66,236,53,228,118926
258,119000,23,208,42,227,32,217,118927
258,119001,526,162,552,174,539,168,118928
258,119002,529,174,553,192,541,183,118929
258,119003,397,294,430,329,413,311,118930
258,119004,56,242,70,264,63,253,118931
258,119005,372,282,393,296,382,289,118932
258,119006,586,6,606,21,596,13,118933
258,119007,368,301,396,317,382,309,118934
259,119008,444,0,533,73,488,36,118935
259,119009,539,247,570,273,554,260,118936
259,119010,596,233,620,262,608,247,118937
259,119011,468,183,490,229,479,206,118938
259,119012,597,127,622,165,609,146,118939
259,119013,267,1,345,50,306,25,118940
259,119014,381,121,403,156,392,138,118941
259,119015,529,71,557,95,543,83,118942
259,119016,417,113,442,145,429,129,118943
259,119017,60,164,84,185,72,174,118944
259,119018,544,207,578,231,561,219,118945
259,119019,96,166,115,197,105,181,118946
259,119020,361,47,383,69,372,58,118947
259,119021,479,100,508,122,493,111,118948
259,119022,29,236,43,258,36,247,118949
259,119023,208,316,231,344,219,330,118950
259,119024,395,275,421,297,408,286,118951
259,119025,300,52,321,84,310,68,118952
259,119026,246,52,267,78,256,65,118953
259,119027,606,0,636,20,621,10,118954
259,119028,278,290,302,311,290,300,118955
259,119029,271,75,291,105,281,90,118956
259,119030,503,26,524,57,513,41,118957
259,119031,574,69,610,96,592,82,118958
259,119032,261,178,281,210,271,194,118959
259,119033,404,13,429,32,416,22,118960
259,119034,379,13,404,41,391,27,118961
259,119035,611,49,637,76,624,62,118962
259,119036,292,219,315,252,303,235,118963
259,119037,349,68,379,90,364,79,118964
259,119038,119,89,136,114,127,101,118965
259,119039,390,31,409,59,399,45,118966
259,119040,232,84,256,107,244,95,118967
259,119041,484,291,506,315,495,303,118968
259,119042,35,121,54,142,44,131,118969
259,119043,72,130,87,155,79,142,118970
259,119044,57,98,80,122,68,110,118971
259,119045,229,50,249,74,239,62,118972
259,119046,200,13,220,34,210,23,118973
259,119047,214,24,237,45,225,34,118974
259,119048,37,158,55,177,46,167,118975
259,119049,40,88,56,114,48,101,118976
259,119050,486,254,513,277,499,265,118977
259,119051,82,247,97,265,89,256,118978
259,119052,28,274,44,298,36,286,118979
259,119053,273,0,291,28,282,14,118980
259,119054,322,3,339,21,330,12,118981
259,119055,129,0,187,23,158,11,118982
259,119056,52,15,67,53,59,34,118983
259,119057,133,0,151,13,142,6,118984
259,119058,164,0,177,4,170,2,118985
259,119059,533,27,555,42,544,34,118986
259,119060,328,245,350,267,339,256,118987
259,119061,217,0,228,8,222,4,118988
259,119062,67,21,81,39,74,30,118989
259,119063,182,83,208,103,195,93,118990
259,119064,196,56,212,83,204,69,118991
259,119065,385,268,402,294,393,281,118992
259,119066,314,127,337,153,325,140,118993
259,119067,307,98,333,121,320,109,118994
259,119068,352,86,373,114,362,100,118995
259,119069,591,309,612,330,601,319,118996
259,119070,610,323,638,337,624,330,118997
259,119071,566,351,593,359,579,355,118998
259,119072,40,221,66,237,53,229,118999
259,119073,23,208,42,227,32,217,119000
259,119074,526,162,552,174,539,168,119001
259,119075,529,174,553,192,541,183,119002
259,119076,397,294,430,329,413,311,119003
259,119077,56,242,69,264,62,253,119004
259,119078,372,282,393,296,382,289,119005
259,119079,586,6,605,21,595,13,119006
259,119080,366,301,395,317,380,309,119007
260,119081,443,0,533,73,488,36,119008
260,119082,540,247,571,273,555,260,119009
260,119083,596,234,620,262,608,248,119010
260,119084,468,183,490,229,479,206,119011
260,119085,597,127,623,165,610,146,119012
260,119086,268,1,346,50,307,25,119013
260,119087,381,121,402,157,391,139,119014
260,119088,528,71,557,96,542,83,119015
260,119089,417,113,442,145,429,129,119016
260,119090,60,165,84,185,72,175,119017
260,119091,544,207,578,231,561,219,119018
260,119092,96,167,115,198,105,182,119019
260,119093,361,47,383,69,372,58,119020
260,119094,478,102,508,124,493,113,119021
260,119095,28,236,43,258,35,247,119022
260,119096,208,316,231,344,219,330,119023
260,119097,395,275,420,297,407,286,119024
260,119098,300,52,321,84,310,68,119025
260,119099,246,52,267,78,256,65,119026
260,119100,608,0,636,20,622,10,119027
260,119101,278,290,302,311,290,300,119028
260,119102,271,75,291,105,281,90,119029
260,119103,502,26,524,57,513,41,119030
260,119104,573,69,610,96,591,82,119031
260,119105,261,178,281,210,271,194,119032
260,119106,404,13,429,32,416,22,119033
260,119107,379,12,404,41,391,26,119034
260,119108,612,48,637,76,624,62,119035
260,119109,292,220,315,252,303,236,119036
260,119110,349,68,380,90,364,79,119037
260,119111,119,90,137,114,128,102,119038
260,119112,390,31,409,59,399,45,119039
260,119113,232,84,256,107,244,95,119040
260,119114,485,291,506,315,495,303,119041
260,119115,35,121,54,142,44,131,119042
260,119116,72,130,87,155,79,142,119043
260,119117,57,98,80,122,68,110,119044
260,119118,229,50,249,74,239,62,119045
260,119119,200,13,220,34,210,23,119046
260,119120,213,24,237,45,225,34,119047
260,119121,37,158,55,177,46,167,119048
260,119122,40,88,56,114,48,101,119049
260,119123,486,255,513,277,499,266,119050
260,119124,82,247,99,266,90,256,119051
260,119125,28,274,44,298,36,286,119052
260,119126,273,0,291,28,282,14,119053
260,119127,322,3,339,21,330,12,119054
260,119128,128,0,187,23,157,11,119055
260,119129,52,16,67,53,59,34,119056
260,119130,133,0,151,13,142,6,119057
260,119131,165,0,178,4,171,2,119058
260,119132,533,27,554,42,543,34,119059
260,119133,328,245,350,267,339,256,119060
260,119134,217,0,228,8,222,4,119061
260,119135,182,83,208,103,195,93,119063
260,119136,196,56,212,83,204,69,119064
260,119137,386,268,402,293,394,280,119065
260,119138,314,127,338,153,326,140,119066
260,119139,307,98,333,120,320,109,119067
260,119140,352,87,373,114,362,100,119068
260,119141,591,309,612,330,601,319,119069
260,119142,611,323,638,337,624,330,119070
260,119143,565,351,592,359,578,355,119071
260,119144,39,222,65,238,52,230,119072
260,119145,23,208,42,227,32,217,119073
260,119146,398,300,430,328,414,314,119076
260,119147,56,242,70,264,63,253,119077
260,119148,373,282,393,295,383,288,119078
260,119149,586,6,605,22,595,14,119079
260,119150,363,299,394,316,378,307,119080
260,119151,201,275,222,295,211,285,
260,119152,528,162,553,192,540,177,119075
261,119153,443,0,533,73,488,36,119081
261,119154,540,247,571,273,555,260,119082
261,119155,596,234,621,262,608,248,119083
261,119156,468,183,490,229,479,206,119084
261,119157,597,127,623,165,610,146,119085
261,119158,268,1,346,50,307,25,119086
261,119159,381,121,402,157,391,139,119087
261,119160,528,71,557,96,542,83,119088
261,119161,417,113,442,145,429,129,119089
261,119162,60,165,84,185,72,175,119090
261,119163,544,207,578,231,561,219,119091
261,119164,96,167,116,198,106,182,119092
261,119165,361,47,384,69,372,58,119093
261,119166,477,103,507,124,492,113,119094
261,119167,28,236,43,258,35,247,119095
261,119168,208,316,231,344,219,330,119096
261,119169,396,275,420,297,408,286,119097
261,119170,300,52,321,84,310,68,119098
261,119171,246,52,267,78,256,65,119099
261,119172,609,0,636,20,622,10,119100
261,119173,278,290,302,311,290,300,119101
261,119174,271,75,291,105,281,90,119102
261,119175,503,26,523,56,513,41,119103
261,119176,573,69,610,96,591,82,119104
261,119177,261,177,281,210,271,193,119105
261,119178,404,13,429,32,416,22,119106
261,119179,379,12,404,41,391,26,119107
261,119180,612,48,637,76,624,62,119108
261,119181,292,220,315,252,303,236,119109
261,119182,349,68,380,90,364,79,119110
261,119183,119,90,137,114,128,102,119111
261,119184,390,31,409,59,399,45,119112
261,119185,232,84,256,107,244,95,119113
261,119186,485,291,506,315,495,303,119114
261,119187,35,121,54,142,44,131,119115
261,119188,72,130,87,155,79,142,119116
261,119189,57,98,80,122,68,110,119117
261,119190,229,50,249,74,239,62,119118
261,119191,200,13,220,34,210,23,119119
261,119192,213,24,237,45,225,34,119120
261,119193,37,158,55,177,46,167,119121
261,119194,40,88,56,114,48,101,119122
261,119195,486,255,513,277,499,266,119123
261,119196,82,247,99,266,90,256,119124
261,119197,28,274,44,298,36,286,119125
261,119198,273,0,291,28,282,14,119126
261,119199,322,2,339,21,330,11,119127
261,119200,127,0,187,23,157,11,119128
261,119201,52,17,67,53,59,35,119129
261,119202,133,0,151,12,142,6,119130
261,119203,165,0,179,4,172,2,119131
261,119204,533,27,554,42,543,34,119132
261,119205,328,245,350,266,339,255,119133
261,119206,217,0,228,8,222,4,119134
261,119207,182,83,208,103,195,93,119135
261,119208,196,56,212,83,204,69,119136
261,119209,386,268,402,293,394,280,119137
261,119210,314,127,338,153,326,140,119138
261,119211,307,98,334,120,320,109,119139
261,119212,352,87,373,114,362,100,119140
261,119213,591,309,612,330,601,319,119141
261,119214,611,323,638,337,624,330,119142
261,119215,565,351,592,359,578,355,119143
261,119216,38,222,64,238,51,230,119144
261,119217,23,208,42,227,32,217,119145
261,119218,398,304,430,328,414,316,119146
261,119219,56,242,70,264,63,253,119147
261,119220,374,282,393,295,383,288,119148
261,119221,586,6,605,22,595,14,119149
261,119222,362,299,393,316,377,307,119150
261,119223,201,275,222,295,211,285,119151
261,119224,528,162,553,192,540,177,119152
262,119225,443,0,533,73,488,36,119153
262,119226,540,247,571,273,555,260,119154
262,119227,596,234,620,262,608,248,119155
262,119228,468,183,490,226,479,204,119156
262,119229,597,127,623,165,610,146,119157
262,119230,268,1,346,49,307,25,119158
262,119231,381,121,402,157,391,139,119159
262,119232,528,71,557,96,542,83,119160
262,119233,417,113,442,145,429,129,119161
262,119234,60,165,84,185,72,175,119162
262,119235,544,207,578,231,561,219,119163
262,119236,96,166,116,198,106,182,119164
262,119237,361,47,384,69,372,58,119165
262,119238,477,103,507,125,492,114,119166
262,119239,29,236,43,258,36,247,119167
262,119240,208,316,231,344,219,330,119168
262,119241,396,275,420,297,408,286,119169
262,119242,300,52,321,84,310,68,119170
262,119243,246,52,267,78,256,65,119171
262,119244,609,0,636,20,622,10,119172
262,119245,278,290,302,311,290,300,119173
262,119246,271,75,291,105,281,90,119174
262,119247,503,26,523,56,513,41,119175
262,119248,573,69,610,96,591,82,119176
262,119249,261,177,281,210,271,193,119177
262,119250,404,13,429,32,416,22,119178
262,119251,379,12,404,40,391,26,119179
262,119252,612,48,637,76,624,62,119180
262,119253,292,220,315,252,303,236,119181
262,119254,349,68,379,90,364,79,119182
262,119255,119,90,137,114,128,102,119183
262,119256,390,31,409,59,399,45,119184
262,119257,232,84,256,107,244,95,119185
262,119258,485,292,506,315,495,303,119186
262,119259,35,121,54,142,44,131,119187
262,119260,72,130,87,155,79,142,119188
262,119261,57,98,80,122,68,110,119189
262,119262,229,50,249,74,239,62,119190
262,119263,200,13,220,33,210,23,119191
262,119264,213,24,237,45,225,34,119192
262,119265,37,158,55,177,46,167,119193
262,119266,40,88,56,114,48,101,119194
262,119267,486,255,513,277,499,266,119195
262,119268,83,247,99,266,91,256,119196
262,119269,28,274,45,297,36,285,119197
262,119270,273,0,291,28,282,14,119198
262,119271,322,2,339,21,330,11,119199
262,119272,128,0,187,23,157,11,119200
262,119273,52,17,67,53,59,35,119201
262,119274,133,0,151,12,142,6,119202
262,119275,165,0,179,4,172,2,119203
262,119276,533,27,554,42,543,34,119204
262,119277,328,245,350,266,339,255,119205
262,119278,217,0,228,8,222,4,119206
262,119279,182,83,208,103,195,93,119207
262,119280,196,56,212,83,204,69,119208
262,119281,386,268,402,293,394,280,119209
262,119282,314,127,338,153,326,140,119210
262,119283,307,98,334,120,320,109,119211
262,119284,352,86,374,113,363,99,119212
262,119285,591,308,612,330,601,319,119213
262,119286,611,323,638,337,624,330,119214
262,119287,565,351,593,359,579,355,119215
262,119288,38,222,63,239,50,230,119216
262,119289,23,208,42,227,32,217,119217
262,119290,398,306,428,328,413,317,119218
262,119291,56,242,70,264,63,253,119219
262,119292,374,282,393,295,383,288,119220
262,119293,585,6,604,21,594,13,119221
262,119294,359,296,392,315,375,305,119222
262,119295,201,275,222,295,211,285,119223
262,119296,528,162,553,192,540,177,119224
262,119297,67,20,81,39,74,29,
263,119298,443,0,533,73,488,36,119225
263,119299,540,247,571,273,555,260,119226
263,119300,596,234,620,262,608,248,119227
263,119301,468,183,490,226,479,204,119228
263,119302,597,127,623,164,610,145,119229
263,119303,268,1,346,49,307,25,119230
263,119304,381,121,402,157,391,139,119231
263,119305,528,71,557,96,542,83,119232
263,119306,417,114,442,145,429,129,119233
263,119307,60,165,84,185,72,175,119234
263,119308,544,207,578,231,561,219,119235
263,119309,96,166,116,198,106,182,119236
263,119310,361,47,384,69,372,58,119237
263,119311,476,104,506,125,491,114,119238
263,119312,29,236,43,258,36,247,119239
263,119313,208,316,231,344,219,330,119240
263,119314,396,275,420,297,408,286,119241
263,119315,300,52,322,84,311,68,119242
263,119316,246,52,267,78,256,65,119243
263,119317,609,0,636,21,622,10,119244
263,119318,278,290,302,311,290,300,119245
263,119319,271,75,291,105,281,90,119246
263,119320,502,26,523,56,512,41,119247
263,119321,573,69,610,96,591,82,119248
263,119322,261,177,281,210,271,193,119249
263,119323,404,13,429,32,416,22,119250
263,119324,379,12,404,40,391,26,119251
263,119325,612,48,637,75,624,61,119252
263,119326,292,220,315,252,303,236,119253
263,119327,349,68,379,90,364,79,119254
263,119328,119,90,136,114,127,102,119255
263,119329,390,31,409,59,399,45,119256
263,119330,233,84,256,107,244,95,119257
263,119331,485,292,507,315,496,303,119258
263,119332,35,121,54,142,44,131,119259
263,119333,72,130,87,155,79,142,119260
263,119334,57,98,80,122,68,110,119261
263,119335,229,50,249,74,239,62,119262
263,119336,200,13,220,33,210,23,119263
263,119337,213,24,237,45,225,34,119264
263,119338,37,158,55,177,46,167,119265
263,119339,40,88,56,114,48,101,119266
263,119340,486,255,513,277,499,266,119267
263,119341,83,247,99,265,91,256,119268
263,119342,28,274,45,298,36,286,119269
263,119343,273,0,291,28,282,14,119270
263,119344,322,2,339,21,330,11,119271
263,119345,128,0,187,23,157,11,119272
263,119346,52,17,67,53,59,35,119273
263,119347,133,0,151,13,142,6,119274
263,119348,165,0,179,4,172,2,119275
263,119349,533,27,554,42,543,34,119276
263,119350,328,245,350,266,339,255,119277
263,119351,217,0,228,8,222,4,119278
263,119352,182,83,208,103,195,93,119279
263,119353,196,56,212,83,204,69,119280
263,119354,386,268,402,292,394,280,119281
263,119355,314,127,338,153,326,140,119282
263,119356,307,98,334,120,320,109,119283
263,119357,352,86,374,113,363,99,119284
263,119358,591,308,612,330,601,319,119285
263,119359,611,323,638,337,624,330,119286
263,119360,565,351,593,359,579,355,119287
263,119361,38,224,62,239,50,231,119288
263,119362,23,208,41,227,32,217,119289
263,119363,397,306,428,328,412,317,119290
263,119364,56,241,70,264,63,252,119291
263,119365,376,282,394,295,385,288,119292
263,119366,586,6,601,21,593,13,119293
263,119367,357,294,390,314,373,304,119294
263,119368,201,275,222,295,211,285,119295
263,119369,528,162,553,192,540,177,119296
263,119370,67,20,81,40,74,30,119297
264,119371,443,0,533,73,488,36,119298
264,119372,540,247,571,273,555,260,119299
264,119373,596,234,620,262,608,248,119300
264,119374,468,183,490,225,479,204,119301
264,119375,597,127,623,164,610,145,119302
264,119376,267,1,346,49,306,25,119303
264,119377,381,121,402,157,391,139,119304
264,119378,528,71,557,96,542,83,119305
264,119379,417,114,442,145,429,129,119306
264,119380,60,165,84,185,72,175,119307
264,119381,544,207,578,231,561,219,119308
264,119382,96,166,116,198,106,182,119309
264,119383,361,47,384,69,372,58,119310
264,119384,475,104,506,125,490,114,119311
264,119385,29,236,43,258,36,247,119312
264,119386,208,316,231,344,219,330,119313
264,119387,396,275,420,296,408,285,119314
264,119388,300,52,322,84,311,68,119315
264,119389,246,52,267,78,256,65,119316
264,119390,610,0,636,21,623,10,119317
264,119391,278,290,302,311,290,300,119318
264,119392,271,75,291,105,281,90,119319
264,119393,502,26,523,56,512,41,119320
264,119394,573,69,610,96,591,82,119321
264,119395,261,177,281,210,271,193,119322
264,119396,404,13,429,32,416,22,119323
264,119397,379,12,404,40,391,26,119324
264,119398,612,48,637,75,624,61,119325
264,119399,292,220,315,252,303,236,119326
264,119400,348,68,379,90,363,79,119327
264,119401,119,90,136,114,127,102,119328
264,119402,390,31,409,59,399,45,119329
264,119403,233,84,256,107,244,95,119330
264,119404,486,294,508,315,497,304,119331
264,119405,35,121,54,142,44,131,119332
264,119406,72,130,87,155,79,142,119333
264,119407,57,98,80,122,68,110,119334
264,119408,229,50,249,74,239,62,119335
264,119409,200,13,220,33,210,23,119336
264,119410,213,24,237,45,225,34,119337
264,119411,37,158,55,177,46,167,119338
264,119412,40,88,56,114,48,101,119339
264,119413,486,255,513,277,499,266,119340
264,119414,83,247,99,266,91,256,119341
264,119415,28,274,45,298,36,286,119342
264,119416,273,0,291,28,282,14,119343
264,119417,322,2,339,21,330,11,119344
264,119418,129,0,187,23,158,11,119345
264,119419,52,17,67,53,59,35,119346
264,119420,133,0,151,13,142,6,119347
264,119421,165,0,179,4,172,2,119348
264,119422,533,27,554,42,543,34,119349
264,119423,328,245,350,266,339,255,119350
264,119424,217,0,229,8,223,4,119351
264,119425,182,83,208,103,195,93,119352
264,119426,196,56,212,83,204,69,119353
264,119427,387,267,403,289,395,278,119354
264,119428,314,127,338,153,326,140,119355
264,119429,307,98,334,120,320,109,119356
264,119430,353,86,375,113,364,99,119357
264,119431,591,308,612,330,601,319,119358
264,119432,611,323,638,337,624,330,119359
264,119433,565,351,593,359,579,355,119360
264,119434,38,225,61,240,49,232,119361
264,119435,23,208,41,227,32,217,119362
264,119436,397,307,427,328,412,317,119363
264,119437,56,241,70,264,63,252,119364
264,119438,376,282,396,296,386,289,119365
264,119439,356,292,388,313,372,302,119367
264,119440,201,275,222,295,211,285,119368
264,119441,528,162,553,192,540,177,119369
264,119442,67,20,81,40,74,30,119370
264,119443,406,295,430,308,418,301,
264,119444,586,6,598,21,592,13,119366
265,119445,443,0,533,73,488,36,119371
265,119446,540,247,571,273,555,260,119372
265,119447,596,234,620,262,608,248,119373
265,119448,468,183,490,225,479,204,119374
265,119449,597,127,623,164,610,145,119375
265,119450,267,1,346,49,306,25,119376
265,119451,381,121,402,157,391,139,119377
265,119452,528,71,557,96,542,83,119378
265,119453,417,114,442,145,429,129,119379
265,119454,60,165,84,185,72,175,119380
265,119455,544,207,578,231,561,219,119381
265,119456,96,166,116,198,106,182,119382
265,119457,361,47,384,69,372,58,119383
265,119458,475,104,505,125,490,114,119384
265,119459,29,236,43,258,36,247,119385
265,119460,208,316,231,344,219,330,119386
265,119461,397,275,420,296,408,285,119387
265,119462,300,52,322,84,311,68,119388
265,119463,246,52,267,78,256,65,119389
265,119464,610,0,636,21,623,10,119390
265,119465,278,290,302,311,290,300,119391
265,119466,271,75,291,105,281,90,119392
265,119467,502,26,523,56,512,41,119393
265,119468,573,69,610,96,591,82,119394
265,119469,261,177,281,210,271,193,119395
265,119470,404,13,429,32,416,22,119396
265,119471,379,12,404,40,391,26,119397
265,119472,612,48,637,75,624,61,119398
265,119473,292,220,315,252,303,236,119399
265,119474,348,68,379,90,363,79,119400
265,119475,119,90,136,114,127,102,119401
265,119476,390,31,409,59,399,45,119402
265,119477,233,84,256,107,244,95,119403
265,119478,486,294,508,315,497,304,119404
265,119479,35,121,54,142,44,131,119405
265,119480,72,130,87,155,79,142,119406
265,119481,57,98,80,122,68,110,119407
265,119482,229,50,249,74,239,62,119408
265,119483,200,13,220,33,210,23,119409
265,119484,213,24,237,45,225,34,119410
265,119485,37,158,55,177,46,167,119411
265,119486,40,88,56,114,48,101,119412
265,119487,486,255,513,277,499,266,119413
265,119488,83,247,99,266,91,256,119414
265,119489,28,274,45,298,36,286,119415
265,119490,273,0,291,28,282,14,119416
265,119491,322,2,339,21,330,11,119417
265,119492,129,0,187,23,158,11,119418
265,119493,52,17,67,53,59,35,119419
265,119494,133,0,151,13,142,6,119420
265,119495,165,0,179,4,172,2,119421
265,119496,533,27,554,42,543,34,119422
265,119497,328,245,350,266,339,255,119423
265,119498,217,0,229,8,223,4,119424
265,119499,182,83,208,103,195,93,119425
265,119500,196,56,212,83,204,69,119426
265,119501,387,267,403,287,395,277,119427
265,119502,314,127,338,153,326,140,119428
265,119503,307,98,334,120,320,109,119429
265,119504,353,86,375,113,364,99,119430
265,119505,591,308,612,330,601,319,119431
265,119506,611,323,638,337,624,330,119432
265,119507,565,351,593,359,579,355,119433
265,119508,38,225,60,240,49,232,119434
265,119509,23,208,41,227,32,217,119435
265,119510,397,307,427,328,412,317,119436
265,119511,56,241,70,264,63,252,119437
265,119512,377,282,396,296,386,289,119438
265,119513,356,292,387,313,371,302,119439
265,119514,201,275,222,295,211,285,119440
265,119515,528,162,553,192,540,177,119441
265,119516,67,20,81,40,74,30,119442
265,119517,406,295,430,308,418,301,119443
265,119518,586,6,598,21,592,13,119444
266,119519,443,0,533,73,488,36,119445
266,119520,540,247,571,273,555,260,119446
266,119521,596,234,620,262,608,248,119447
266,119522,468,183,490,225,479,204,119448
266,119523,597,127,623,164,610,145,119449
266,119524,267,1,346,49,306,25,119450
266,119525,381,121,402,156,391,138,119451
266,119526,528,71,557,96,542,83,119452
266,119527,417,114,442,145,429,129,119453
266,119528,60,165,84,185,72,175,119454
266,119529,544,207,578,231,561,219,119455
266,119530,96,166,116,198,106,182,119456
266,119531,361,47,384,69,372,58,119457
266,119532,474,103,504,124,489,113,119458
266,119533,29,236,43,258,36,247,119459
266,119534,208,316,231,344,219,330,119460
266,119535,397,275,420,297,408,286,119461
266,119536,300,52,321,84,310,68,119462
266,119537,246,52,267,78,256,65,119463
266,119538,609,0,636,20,622,10,119464
266,119539,278,290,302,311,290,300,119465
266,119540,271,75,291,105,281,90,119466
266,119541,502,26,523,56,512,41,119467
266,119542,573,69,610,96,591,82,119468
266,119543,261,177,281,210,271,193,119469
266,119544,404,13,429,32,416,22,119470
266,119545,379,12,404,40,391,26,119471
266,119546,612,48,637,75,624,61,119472
266,119547,292,220,315,252,303,236,119473
266,119548,349,68,372,88,360,78,119474
266,119549,119,90,136,114,127,102,119475
266,119550,390,31,409,59,399,45,119476
266,119551,233,84,256,107,244,95,119477
266,119552,486,296,510,317,498,306,119478
266,119553,35,121,54,142,44,131,119479
266,119554,72,130,87,155,79,142,119480
266,119555,57,98,80,122,68,110,119481
266,119556,229,50,249,74,239,62,119482
266,119557,200,13,220,33,210,23,119483
266,119558,213,24,237,45,225,34,119484
266,119559,37,158,55,177,46,167,119485
266,119560,40,88,56,114,48,101,119486
266,119561,486,255,513,277,499,266,119487
266,119562,84,248,100,267,92,257,119488
266,119563,28,274,45,298,36,286,119489
266,119564,273,0,291,28,282,14,119490
266,119565,322,2,339,21,330,11,119491
266,119566,129,0,187,23,158,11,119492
266,119567,52,17,67,53,59,35,119493
266,119568,133,0,151,13,142,6,119494
266,119569,165,0,179,4,172,2,119495
266,119570,533,27,554,42,543,34,119496
266,119571,328,245,350,266,339,255,119497
266,119572,217,0,228,8,222,4,119498
266,119573,182,83,208,103,195,93,119499
266,119574,196,56,212,83,204,69,119500
266,119575,388,266,404,286,396,276,119501
266,119576,314,127,338,153,326,140,119502
266,119577,307,98,334,120,320,109,119503
266,119578,353,81,377,109,365,95,119504
266,119579,591,308,612,330,601,319,119505
266,119580,611,323,638,337,624,330,119506
266,119581,565,351,594,359,579,355,119507
266,119582,37,225,58,241,47,233,119508
266,119583,23,208,42,227,32,217,119509
266,119584,394,308,426,329,410,318,119510
266,119585,56,241,70,264,63,252,119511
266,119586,201,275,222,295,211,285,119514
266,119587,528,162,553,192,540,177,119515
266,119588,67,21,81,40,74,30,119516
266,119589,586,6,597,21,591,13,119518
267,119590,443,0,533,73,488,36,119519
267,119591,540,247,571,273,555,260,119520
267,119592,596,234,620,262,608,248,119521
267,119593,468,183,490,226,479,204,119522
267,119594,597,127,623,164,610,145,119523
267,119595,267,1,346,49,306,25,119524
267,119596,381,121,402,156,391,138,119525
267,119597,528,71,557,96,542,83,119526
267,119598,417,113,442,145,429,129,119527
267,119599,60,165,84,185,72,175,119528
267,119600,544,207,578,231,561,219,119529
267,119601,96,166,116,198,106,182,119530
267,119602,361,47,384,69,372,58,119531
267,119603,472,101,502,122,487,111,119532
267,119604,29,236,43,258,36,247,119533
267,119605,208,316,231,344,219,330,119534
267,119606,398,275,420,297,409,286,119535
267,119607,300,52,322,84,311,68,119536
267,119608,246,52,267,78,256,65,119537
267,119609,609,0,636,20,622,10,119538
267,119610,278,290,302,311,290,300,119539
267,119611,271,75,291,105,281,90,119540
267,119612,502,26,523,56,512,41,119541
267,119613,573,69,610,95,591,82,119542
267,119614,261,178,281,210,271,194,119543
267,119615,404,13,429,32,416,22,119544
267,119616,379,13,404,40,391,26,119545
267,119617,612,48,637,75,624,61,119546
267,119618,292,220,315,252,303,236,119547
267,119619,349,68,368,87,358,77,119548
267,119620,119,90,136,114,127,102,119549
267,119621,390,31,409,59,399,45,119550
267,119622,233,84,256,107,244,95,119551
267,119623,487,298,511,318,499,308,119552
267,119624,35,121,54,142,44,131,119553
267,119625,72,130,87,155,79,142,119554
267,119626,57,98,80,122,68,110,119555
267,119627,229,50,249,73,239,61,119556
267,119628,200,13,220,33,210,23,119557
267,119629,213,24,237,45,225,34,119558
267,119630,37,158,55,177,46,167,119559
267,119631,40,88,56,114,48,101,119560
267,119632,486,255,513,277,499,266,119561
267,119633,85,250,101,267,93,258,119562
267,119634,28,274,45,298,36,286,119563
267,119635,273,0,291,28,282,14,119564
267,119636,322,2,339,21,330,11,119565
267,119637,129,0,187,23,158,11,119566
267,119638,52,17,68,53,60,35,119567
267,119639,133,0,151,13,142,6,119568
267,119640,165,0,179,4,172,2,119569
267,119641,533,27,554,42,543,34,119570
267,119642,328,245,350,266,339,255,119571
267,119643,217,0,228,8,222,4,119572
267,119644,182,83,208,103,195,93,119573
267,119645,196,56,212,83,204,69,119574
267,119646,388,266,404,286,396,276,119575
267,119647,314,127,338,153,326,140,119576
267,119648,307,98,334,120,320,109,119577
267,119649,353,77,378,106,365,91,119578
267,119650,591,308,612,330,601,319,119579
267,119651,611,323,638,337,624,330,119580
267,119652,565,351,593,359,579,355,119581
267,119653,37,225,56,241,46,233,119582
267,119654,23,208,42,227,32,217,119583
267,119655,392,309,425,330,408,319,119584
267,119656,56,241,70,264,63,252,119585
267,119657,201,274,222,295,211,284,119586
267,119658,528,162,553,192,540,177,119587
267,119659,67,21,81,40,74,30,119588
267,119660,579,0,611,7,595,3,
267,119661,585,7,605,22,595,14,
267,119662,377,281,398,296,387,288,
268,119663,443,0,533,73,488,36,119590
268,119664,540,247,571,273,555,260,119591
268,119665,596,234,620,262,608,248,119592
268,119666,468,183,490,226,479,204,119593
268,119667,597,127,623,164,610,145,119594
268,119668,267,1,346,50,306,25,119595
268,119669,381,121,402,156,391,138,119596
268,119670,528,71,557,96,542,83,119597
268,119671,417,113,442,145,429,129,119598
268,119672,60,165,84,185,72,175,119599
268,119673,544,207,578,231,561,219,119600
268,119674,96,166,116,198,106,182,119601
268,119675,361,47,384,69,372,58,119602
268,119676,468,100,501,120,484,110,119603
268,119677,29,236,44,258,36,247,119604
268,119678,208,316,231,344,219,330,119605
268,119679,398,275,420,297,409,286,119606
268,119680,300,52,322,84,311,68,119607
268,119681,246,52,267,78,256,65,119608
268,119682,609,0,636,20,622,10,119609
268,119683,278,290,302,311,290,300,119610
268,119684,271,75,291,105,281,90,119611
268,119685,502,25,524,56,513,40,119612
268,119686,573,69,610,95,591,82,119613
268,119687,261,178,281,210,271,194,119614
268,119688,404,13,429,32,416,22,119615
268,119689,379,12,404,40,391,26,119616
268,119690,611,48,637,75,624,61,119617
268,119691,292,220,315,252,303,236,119618
268,119692,119,90,136,114,127,102,119620
268,119693,390,31,409,59,399,45,119621
268,119694,233,84,256,107,244,95,119622
268,119695,488,299,512,319,500,309,119623
268,119696,35,121,54,142,44,131,119624
268,119697,72,130,87,155,79,142,119625
268,119698,57,98,80,122,68,110,119626
268,119699,229,50,249,73,239,61,119627
268,119700,200,13,220,33,210,23,119628
268,119701,212,24,237,45,224,34,119629
268,119702,37,158,55,177,46,167,119630
268,119703,40,88,56,114,48,101,119631
268,119704,486,254,513,277,499,265,119632
268,119705,85,251,101,268,93,259,119633
268,119706,28,274,45,298,36,286,119634
268,119707,273,0,291,28,282,14,119635
268,119708,322,2,339,21,330,11,119636
268,119709,129,0,187,23,158,11,119637
268,119710,52,17,67,53,59,35,119638
268,119711,133,0,151,13,142,6,119639
268,119712,165,0,179,4,172,2,119640
268,119713,533,27,554,42,543,34,119641
268,119714,328,245,350,266,339,255,119642
268,119715,217,0,228,8,222,4,119643
268,119716,182,83,208,103,195,93,119644
268,119717,196,56,212,83,204,69,119645
268,119718,388,266,405,286,396,276,119646
268,119719,314,127,338,153,326,140,119647
268,119720,307,98,334,120,320,109,119648
268,119721,350,71,379,105,364,88,119649
268,119722,591,308,612,330,601,319,119650
268,119723,611,323,638,337,624,330,119651
268,119724,565,351,593,359,579,355,119652
268,119725,37,226,55,242,46,234,119653
268,119726,23,208,42,227,32,217,119654
268,119727,390,310,423,330,406,320,119655
268,119728,56,241,70,264,63,252,119656
268,119729,201,274,222,295,211,284,119657
268,119730,528,162,553,192,540,177,119658
268,119731,67,21,81,40,74,30,119659
268,119732,577,0,611,9,594,4,119660
269,119733,443,0,533,73,488,36,119663
269,119734,540,247,570,273,555,260,119664
269,119735,596,234,620,262,608,248,119665
269,119736,468,183,490,226,479,204,119666
269,119737,597,127,623,164,610,145,119667
269,119738,267,1,346,50,306,25,119668
269,119739,381,121,402,156,391,138,119669
269,119740,528,71,557,96,542,83,119670
269,119741,417,113,442,145,429,129,119671
269,119742,60,165,84,185,72,175,119672
269,119743,544,207,578,231,561,219,119673
269,119744,96,166,116,198,106,182,119674
269,119745,361,47,384,69,372,58,119675
269,119746,465,99,498,119,481,109,119676
269,119747,29,236,43,258,36,247,119677
269,119748,208,316,231,344,219,330,119678
269,119749,398,275,420,298,409,286,119679
269,119750,300,52,322,84,311,68,119680
269,119751,246,52,267,78,256,65,119681
269,119752,609,0,636,20,622,10,119682
269,119753,278,290,302,311,290,300,119683
269,119754,271,75,291,105,281,90,119684
269,119755,502,25,524,56,513,40,119685
269,119756,573,69,610,95,591,82,119686
269,119757,261,178,281,210,271,194,119687
269,119758,404,13,429,31,416,22,119688
269,119759,379,12,404,40,391,26,119689
269,119760,611,48,637,75,624,61,119690
269,119761,292,221,315,252,303,236,119691
269,119762,119,90,136,114,127,102,119692
269,119763,390,31,409,59,399,45,119693
269,119764,233,84,256,107,244,95,119694
269,119765,489,300,512,319,500,309,119695
269,119766,35,121,54,142,44,131,119696
269,119767,72,130,87,155,79,142,119697
269,119768,57,98,80,122,68,110,119698
269,119769,229,50,249,73,239,61,119699
269,119770,200,13,220,33,210,23,119700
269,119771,212,24,237,45,224,34,119701
269,119772,37,158,55,177,46,167,119702
269,119773,40,88,56,114,48,101,119703
269,119774,486,254,513,277,499,265,119704
269,119775,28,274,44,298,36,286,119706
269,119776,273,0,291,28,282,14,119707
269,119777,322,2,339,21,330,11,119708
269,119778,129,0,187,23,158,11,119709
269,119779,52,17,67,53,59,35,119710
269,119780,133,0,151,13,142,6,119711
269,119781,165,0,179,4,172,2,119712
269,119782,533,27,554,42,543,34,119713
269,119783,328,245,350,266,339,255,119714
269,119784,217,0,228,8,222,4,119715
269,119785,182,83,208,103,195,93,119716
269,119786,196,56,212,83,204,69,119717
269,119787,388,266,405,287,396,276,119718
269,119788,314,127,338,153,326,140,119719
269,119789,307,98,334,120,320,109,119720
269,119790,349,69,379,104,364,86,119721
269,119791,591,308,612,330,601,319,119722
269,119792,611,323,638,337,624,330,119723
269,119793,566,351,593,359,579,355,119724
269,119794,36,226,54,244,45,235,119725
269,119795,23,208,41,227,32,217,119726
269,119796,388,310,422,330,405,320,119727
269,119797,56,241,70,264,63,252,119728
269,119798,201,274,222,295,211,284,119729
269,119799,527,162,553,192,540,177,119730
269,119800,67,21,81,40,74,30,119731
269,119801,576,0,609,11,592,5,119732
269,119802,579,336,608,351,593,343,
269,119803,378,281,398,297,388,289,
270,119804,443,0,533,73,488,36,119733
270,119805,540,247,570,273,555,260,119734
270,119806,596,234,620,262,608,248,119735
270,119807,468,183,490,226,479,204,119736
270,119808,597,127,623,164,610,145,119737
270,119809,267,1,346,50,306,25,119738
270,119810,381,121,402,156,391,138,119739
270,119811,528,71,557,96,542,83,119740
270,119812,417,113,441,145,429,129,119741
270,119813,60,165,84,185,72,175,119742
270,119814,544,207,578,231,561,219,119743
270,119815,96,166,116,198,106,182,119744
270,119816,361,47,384,69,372,58,119745
270,119817,463,98,494,118,478,108,119746
270,119818,29,236,43,257,36,246,119747
270,119819,208,316,231,344,219,330,119748
270,119820,398,274,420,298,409,286,119749
270,119821,300,52,322,84,311,68,119750
270,119822,246,52,268,78,257,65,119751
270,119823,609,0,636,21,622,10,119752
270,119824,278,290,302,311,290,300,119753
270,119825,271,75,291,105,281,90,119754
270,119826,502,25,524,56,513,40,119755
270,119827,573,69,610,95,591,82,119756
270,119828,261,178,281,210,271,194,119757
270,119829,404,13,429,31,416,22,119758
270,119830,379,12,404,40,391,26,119759
270,119831,612,48,637,75,624,61,119760
270,119832,293,221,314,252,303,236,119761
270,119833,119,90,136,114,127,102,119762
270,119834,390,31,409,59,399,45,119763
270,119835,233,84,256,107,244,95,119764
270,119836,489,302,513,319,501,310,119765
270,119837,35,121,54,142,44,131,119766
270,119838,72,130,87,155,79,142,119767
270,119839,57,98,80,122,68,110,119768
270,119840,229,50,249,73,239,61,119769
270,119841,200,13,220,33,210,23,119770
270,119842,212,24,237,45,224,34,119771
270,119843,37,158,55,177,46,167,119772
270,119844,40,88,56,114,48,101,119773
270,119845,486,254,513,277,499,265,119774
270,119846,28,274,44,298,36,286,119775
270,119847,273,0,291,28,282,14,119776
270,119848,322,2,339,21,330,11,119777
270,119849,129,0,187,23,158,11,119778
270,119850,52,17,67,53,59,35,119779
270,119851,133,0,151,13,142,6,119780
270,119852,165,0,179,4,172,2,119781
270,119853,533,27,554,42,543,34,119782
270,119854,328,245,350,266,339,255,119783
270,119855,217,0,228,8,222,4,119784
270,119856,182,83,208,103,195,93,119785
270,119857,196,56,212,83,204,69,119786
270,119858,388,266,405,289,396,277,119787
270,119859,314,127,338,153,326,140,119788
270,119860,307,98,334,120,320,109,119789
270,119861,349,68,379,103,364,85,119790
270,119862,591,308,612,330,601,319,119791
270,119863,611,323,638,337,624,330,119792
270,119864,566,351,593,359,579,355,119793
270,119865,36,227,54,245,45,236,119794
270,119866,23,208,41,227,32,217,119795
270,119867,388,311,421,330,404,320,119796
270,119868,56,241,70,264,63,252,119797
270,119869,201,274,222,295,211,284,119798
270,119870,527,162,553,192,540,177,119799
270,119871,67,21,81,40,74,30,119800
270,119872,575,0,607,12,591,6,119801
270,119873,579,337,608,352,593,344,119802
270,119874,377,281,398,296,387,288,119803
270,119875,526,162,552,182,539,172,119799
270,119876,351,291,382,313,366,302,
270,119877,408,294,430,313,419,303,
270,119878,585,10,606,23,595,16,
270,119879,87,253,101,267,94,260,
271,119880,443,0,533,73,488,36,119804
271,119881,540,247,570,273,555,260,119805
271,119882,596,234,620,262,608,248,119806
271,119883,468,183,490,223,479,203,119807
271,119884,597,127,623,165,610,146,119808
271,119885,267,1,346,49,306,25,119809
271,119886,381,121,402,156,391,138,119810
271,119887,528,71,557,96,542,83,119811
271,119888,417,113,441,145,429,129,119812
271,119889,60,165,84,185,72,175,119813
271,119890,544,207,578,231,561,219,119814
271,119891,96,166,116,198,106,182,119815
271,119892,361,47,384,69,372,58,119816
271,119893,462,98,493,118,477,108,119817
271,119894,29,236,43,257,36,246,119818
271,119895,208,316,231,344,219,330,119819
271,119896,398,274,420,298,409,286,119820
271,119897,300,52,322,84,311,68,119821
271,119898,246,52,268,78,257,65,119822
271,119899,610,0,636,21,623,10,119823
271,119900,278,290,302,311,290,300,119824
271,119901,271,75,291,105,281,90,119825
271,119902,503,25,524,56,513,40,119826
271,119903,574,69,610,96,592,82,119827
271,119904,261,178,281,210,271,194,119828
271,119905,404,13,429,31,416,22,119829
271,119906,379,13,404,40,391,26,119830
271,119907,612,48,637,75,624,61,119831
271,119908,293,221,314,252,303,236,119832
271,119909,119,90,136,114,127,102,119833
271,119910,390,31,409,59,399,45,119834
271,119911,233,84,256,107,244,95,119835
271,119912,490,302,513,319,501,310,119836
271,119913,35,121,54,142,44,131,119837
271,119914,72,130,87,155,79,142,119838
271,119915,57,98,80,122,68,110,119839
271,119916,228,50,249,73,238,61,119840
271,119917,200,13,220,33,210,23,119841
271,119918,213,24,237,45,225,34,119842
271,119919,37,158,55,177,46,167,119843
271,119920,40,88,56,114,48,101,119844
271,119921,486,255,513,277,499,266,119845
271,119922,28,274,44,298,36,286,119846
271,119923,273,0,291,28,282,14,119847
271,119924,322,2,339,21,330,11,119848
271,119925,130,0,187,23,158,11,119849
271,119926,52,17,68,53,60,35,119850
271,119927,133,0,152,12,142,6,119851
271,119928,165,0,179,4,172,2,119852
271,119929,533,27,555,42,544,34,119853
271,119930,328,245,350,266,339,255,119854
271,119931,217,0,228,8,222,4,119855
271,119932,182,83,208,103,195,93,119856
271,119933,196,56,212,83,204,69,119857
271,119934,387,265,404,291,395,278,119858
271,119935,314,127,338,153,326,140,119859
271,119936,307,98,334,120,320,109,119860
271,119937,349,68,379,103,364,85,119861
271,119938,590,308,612,330,601,319,119862
271,119939,611,323,638,338,624,330,119863
271,119940,565,351,593,359,579,355,119864
271,119941,36,228,54,245,45,236,119865
271,119942,23,208,41,227,32,217,119866
271,119943,388,311,420,330,404,320,119867
271,119944,56,241,70,264,63,252,119868
271,119945,201,275,222,294,211,284,119869
271,119946,527,162,553,188,540,175,119870
271,119947,67,20,81,40,74,30,119871
271,119948,575,0,606,13,590,6,119872
271,119949,579,337,609,352,594,344,119873
271,119950,377,280,397,296,387,288,119874
271,119951,526,162,552,177,539,169,119870
271,119952,408,294,430,314,419,304,119877
271,119953,585,10,606,22,595,16,119878
271,119954,87,254,102,267,94,260,119879
271,119955,528,168,553,193,540,180,119870
272,119956,443,0,533,73,488,36,119880
272,119957,540,247,570,273,555,260,119881
272,119958,596,234,620,262,608,248,119882
272,119959,468,183,490,221,479,202,119883
272,119960,597,127,623,165,610,146,119884
272,119961,268,1,346,49,307,25,119885
272,119962,381,121,402,156,391,138,119886
272,119963,528,71,557,96,542,83,119887
272,119964,417,113,441,145,429,129,119888
272,119965,60,165,84,185,72,175,119889
272,119966,544,207,578,231,561,219,119890
272,119967,96,167,115,198,105,182,119891
272,119968,361,47,384,69,372,58,119892
272,119969,461,97,492,118,476,107,119893
272,119970,28,232,52,257,40,244,
272,119971,208,316,231,344,219,330,119895
272,119972,398,274,420,298,409,286,119896
272,119973,300,52,322,84,311,68,119897
272,119974,246,52,268,78,257,65,119898
272,119975,610,0,636,21,623,10,119899
272,119976,278,290,302,311,290,300,119900
272,119977,271,75,291,105,281,90,119901
272,119978,503,25,524,56,513,40,119902
272,119979,574,69,610,96,592,82,119903
272,119980,261,178,281,210,271,194,119904
272,119981,403,12,428,31,415,21,119905
272,119982,379,13,404,40,391,26,119906
272,119983,612,48,637,75,624,61,119907
272,119984,293,222,314,253,303,237,119908
272,119985,119,90,136,114,127,102,119909
272,119986,390,31,409,59,399,45,119910
272,119987,233,84,256,107,244,95,119911
272,119988,491,303,515,319,503,311,119912
272,119989,35,121,54,142,44,131,119913
272,119990,72,130,87,155,79,142,119914
272,119991,57,98,80,122,68,110,119915
272,119992,228,50,249,73,238,61,119916
272,119993,200,13,220,33,210,23,119917
272,119994,213,24,237,45,225,34,119918
272,119995,37,158,55,177,46,167,119919
272,119996,40,88,56,114,48,101,119920
272,119997,486,255,513,277,499,266,119921
272,119998,28,274,44,298,36,286,119922
272,119999,273,0,291,29,282,14,119923
272,120000,322,2,339,21,330,11,119924
272,120001,130,0,187,23,158,11,119925
272,120002,52,17,68,53,60,35,119926
272,120003,133,0,152,12,142,6,119927
272,120004,165,0,179,4,172,2,119928
272,120005,533,27,555,42,544,34,119929
272,120006,328,245,350,266,339,255,119930
272,120007,217,0,228,8,222,4,119931
272,120008,182,83,208,103,195,93,119932
272,120009,196,56,212,83,204,69,119933
272,120010,387,265,404,288,395,276,119934
272,120011,314,127,338,153,326,140,119935
272,120012,307,98,334,120,320,109,119936
272,120013,349,68,379,104,364,86,119937
272,120014,590,308,613,330,601,319,119938
272,120015,611,323,638,338,624,330,119939
272,120016,565,351,593,359,579,355,119940
272,120017,23,208,41,227,32,217,119942
272,120018,387,311,419,330,403,320,119943
272,120019,56,241,70,264,63,252,119944
272,120020,201,275,222,294,211,284,119945
272,120021,67,20,81,40,74,30,119947
272,120022,574,0,605,13,589,6,119948
272,120023,579,337,609,353,594,345,119949
272,120024,377,280,397,296,387,288,119950
272,120025,526,162,552,175,539,168,119951
272,120026,408,294,430,314,419,304,119952
272,120027,585,11,606,22,595,16,119953
272,120028,528,170,553,193,540,181,119946
273,120029,443,0,533,73,488,36,119956
273,120030,540,247,570,273,555,260,119957
273,120031,596,234,620,262,608,248,119958
273,120032,468,183,490,221,479,202,119959
273,120033,597,127,623,165,610,146,119960
273,120034,267,1,346,49,306,25,119961
273,120035,381,121,402,156,391,138,119962
273,120036,528,71,557,96,542,83,119963
273,120037,417,113,441,145,429,129,119964
273,120038,60,165,84,185,72,175,119965
273,120039,544,207,578,231,561,219,119966
273,120040,96,166,115,198,105,182,119967
273,120041,361,47,384,69,372,58,119968
273,120042,461,97,490,117,475,107,119969
273,120043,28,230,54,257,41,243,119970
273,120044,208,316,231,345,219,330,119971
273,120045,398,274,420,298,409,286,119972
273,120046,300,52,322,84,311,68,119973
273,120047,246,52,268,78,257,65,119974
273,120048,610,0,636,21,623,10,119975
273,120049,278,290,302,311,290,300,119976
273,120050,271,75,291,105,281,90,119977
273,120051,503,25,524,56,513,40,119978
273,120052,574,69,610,96,592,82,119979
273,120053,261,178,281,210,271,194,119980
273,120054,403,12,427,31,415,21,119981
273,120055,379,13,403,40,391,26,119982
273,120056,612,48,637,75,624,61,119983
273,120057,294,222,314,253,304,237,119984
273,120058,119,90,136,114,127,102,119985
273,120059,390,31,409,59,399,45,119986
273,120060,233,84,256,107,244,95,119987
273,120061,492,302,519,319,505,310,119988
273,120062,35,121,54,142,44,131,119989
273,120063,72,130,87,155,79,142,119990
273,120064,57,98,80,122,68,110,119991
273,120065,228,50,249,73,238,61,119992
273,120066,200,13,220,33,210,23,119993
273,120067,213,24,237,45,225,34,119994
273,120068,37,158,55,177,46,167,119995
273,120069,40,88,56,114,48,101,119996
273,120070,486,255,513,277,499,266,119997
273,120071,28,274,44,298,36,286,119998
273,120072,273,0,291,30,282,15,119999
273,120073,322,2,339,21,330,11,120000
273,120074,130,0,187,23,158,11,120001
273,120075,52,17,68,53,60,35,120002
273,120076,133,0,152,12,142,6,120003
273,120077,165,0,178,4,171,2,120004
273,120078,533,27,555,42,544,34,120005
273,120079,328,245,350,266,339,255,120006
273,120080,217,0,228,8,222,4,120007
273,120081,182,83,208,103,195,93,120008
273,120082,196,56,212,83,204,69,120009
273,120083,386,264,403,290,394,277,120010
273,120084,314,127,338,153,326,140,120011
273,120085,307,98,334,120,320,109,120012
273,120086,349,68,379,103,364,85,120013
273,120087,590,308,613,330,601,319,120014
273,120088,610,323,638,339,624,331,120015
273,120089,566,351,593,359,579,355,120016
273,120090,23,208,41,227,32,217,120017
273,120091,386,310,418,330,402,320,120018
273,120092,56,241,71,264,63,252,120019
273,120093,201,275,222,294,211,284,120020
273,120094,67,20,81,40,74,30,120021
273,120095,574,0,603,14,588,7,120022
273,120096,579,337,610,354,594,345,120023
273,120097,377,280,397,296,387,288,120024
273,120098,526,161,552,174,539,167,120025
273,120099,408,294,430,314,419,304,120026
273,120100,586,11,606,22,596,16,120027
273,120101,528,166,553,193,540,179,120028
273,120102,351,292,381,313,366,302,
274,120103,443,0,533,73,488,36,120029
274,120104,540,247,570,273,555,260,120030
274,120105,596,234,620,262,608,248,120031
274,120106,468,183,490,221,479,202,120032
274,120107,597,127,623,164,610,145,120033
274,120108,268,1,346,49,307,25,120034
274,120109,381,121,402,156,391,138,120035
274,120110,528,71,557,96,542,83,120036
274,120111,417,113,441,145,429,129,120037
274,120112,60,165,84,185,72,175,120038
274,120113,544,207,578,231,561,219,120039
274,120114,96,166,115,198,105,182,120040
274,120115,361,48,384,69,372,58,120041
274,120116,459,97,488,118,473,107,120042
274,120117,28,230,54,257,41,243,120043
274,120118,208,316,231,345,219,330,120044
274,120119,398,273,420,298,409,285,120045
274,120120,300,52,322,84,311,68,120046
274,120121,246,52,268,78,257,65,120047
274,120122,610,0,636,21,623,10,120048
274,120123,278,290,302,311,290,300,120049
274,120124,271,75,291,105,281,90,120050
274,120125,503,25,524,56,513,40,120051
274,120126,574,69,610,96,592,82,120052
274,120127,261,178,281,210,271,194,120053
274,120128,402,13,427,32,414,22,120054
274,120129,379,13,403,41,391,27,120055
274,120130,612,48,637,75,624,61,120056
274,120131,294,222,314,253,304,237,120057
274,120132,119,90,136,114,127,102,120058
274,120133,390,31,409,59,399,45,120059
274,120134,233,84,256,106,244,95,120060
274,120135,495,300,521,319,508,309,120061
274,120136,35,121,54,142,44,131,120062
274,120137,72,130,87,155,79,142,120063
274,120138,57,98,80,122,68,110,120064
274,120139,228,50,249,73,238,61,120065
274,120140,200,13,220,33,210,23,120066
274,120141,213,24,237,45,225,34,120067
274,120142,37,158,55,177,46,167,120068
274,120143,40,88,56,114,48,101,120069
274,120144,486,255,513,277,499,266,120070
274,120145,28,274,44,298,36,286,120071
274,120146,272,0,291,31,281,15,120072
274,120147,322,2,339,21,330,11,120073
274,120148,130,0,187,23,158,11,120074
274,120149,52,17,68,53,60,35,120075
274,120150,133,0,152,12,142,6,120076
274,120151,165,0,178,4,171,2,120077
274,120152,533,27,554,42,543,34,120078
274,120153,328,245,350,266,339,255,120079
274,120154,217,0,228,8,222,4,120080
274,120155,182,83,208,103,195,93,120081
274,120156,196,56,212,83,204,69,120082
274,120157,385,263,402,290,393,276,120083
274,120158,314,127,338,153,326,140,120084
274,120159,307,98,334,121,320,109,120085
274,120160,349,67,379,103,364,85,120086
274,120161,590,308,613,331,601,319,120087
274,120162,610,323,638,338,624,330,120088
274,120163,566,351,593,359,579,355,120089
274,120164,23,208,41,227,32,217,120090
274,120165,383,309,416,329,399,319,120091
274,120166,56,241,71,263,63,252,120092
274,120167,201,275,222,294,211,284,120093
274,120168,67,20,81,40,74,30,120094
274,120169,573,0,601,15,587,7,120095
274,120170,579,337,610,355,594,346,120096
274,120171,377,281,397,296,387,288,120097
274,120172,526,161,552,173,539,167,120098
274,120173,408,294,430,314,419,304,120099
274,120174,586,11,606,21,596,16,120100
274,120175,528,167,553,193,540,180,120101
274,120176,632,176,639,205,635,190,
274,120177,351,293,381,313,366,303,120102
274,120178,526,161,552,185,539,173,120101
275,120179,443,0,533,73,488,36,120103
275,120180,540,247,570,273,555,260,120104
275,120181,596,234,620,262,608,248,120105
275,120182,468,183,490,220,479,201,120106
275,120183,597,127,623,164,610,145,120107
275,120184,267,1,346,49,306,25,120108
275,120185,381,121,402,156,391,138,120109
275,120186,528,71,557,96,542,83,120110
275,120187,417,113,441,145,429,129,120111
275,120188,60,165,84,185,72,175,120112
275,120189,544,207,578,231,561,219,120113
275,120190,96,166,115,198,105,182,120114
275,120191,361,48,384,69,372,58,120115
275,120192,456,98,486,118,471,108,120116
275,120193,28,231,53,257,40,244,120117
275,120194,208,316,231,345,219,330,120118
275,120195,398,273,420,298,409,285,120119
275,120196,300,52,322,84,311,68,120120
275,120197,246,52,268,78,257,65,120121
275,120198,610,0,636,21,623,10,120122
275,120199,278,290,302,311,290,300,120123
275,120200,271,75,291,105,281,90,120124
275,120201,503,25,524,56,513,40,120125
275,120202,574,69,610,96,592,82,120126
275,120203,261,178,281,210,271,194,120127
275,120204,403,12,427,32,415,22,120128
275,120205,379,13,403,41,391,27,120129
275,120206,612,48,637,75,624,61,120130
275,120207,294,223,314,253,304,238,120131
275,120208,119,90,136,114,127,102,120132
275,120209,390,32,409,59,399,45,120133
275,120210,233,84,256,106,244,95,120134
275,120211,497,300,522,319,509,309,120135
275,120212,35,121,54,142,44,131,120136
275,120213,72,130,87,155,79,142,120137
275,120214,57,98,80,122,68,110,120138
275,120215,228,50,249,73,238,61,120139
275,120216,200,13,220,33,210,23,120140
275,120217,213,24,237,45,225,34,120141
275,120218,37,158,55,177,46,167,120142
275,120219,40,88,56,114,48,101,120143
275,120220,486,255,513,277,499,266,120144
275,120221,28,274,44,298,36,286,120145
275,120222,272,0,290,32,281,16,120146
275,120223,322,2,339,21,330,11,120147
275,120224,130,0,187,23,158,11,120148
275,120225,52,17,68,53,60,35,120149
275,120226,133,0,152,12,142,6,120150
275,120227,165,0,178,4,171,2,120151
275,120228,533,27,554,42,543,34,120152
275,120229,328,245,350,266,339,255,120153
275,120230,217,0,228,8,222,4,120154
275,120231,182,83,208,103,195,93,120155
275,120232,196,56,212,83,204,69,120156
275,120233,383,260,402,289,392,274,120157
275,120234,314,127,338,153,326,140,120158
275,120235,307,98,334,121,320,109,120159
275,120236,349,67,379,102,364,84,120160
275,120237,590,308,613,331,601,319,120161
275,120238,610,323,638,338,624,330,120162
275,120239,565,351,593,359,579,355,120163
275,120240,23,208,41,227,32,217,120164
275,120241,381,309,414,328,397,318,120165
275,120242,56,240,71,263,63,251,120166
275,120243,201,275,222,294,211,284,120167
275,120244,67,20,81,40,74,30,120168
275,120245,572,0,600,15,586,7,120169
275,120246,579,337,610,356,594,346,120170
275,120247,377,280,397,296,387,288,120171
275,120248,526,161,552,173,539,167,120172
275,120249,407,294,430,314,418,304,120173
275,120250,585,11,607,22,596,16,120174
275,120251,528,168,553,193,540,180,120175
275,120252,630,172,639,203,634,187,120176
275,120253,351,293,381,313,366,303,120177
275,120254,526,161,552,183,539,172,120175
275,120255,38,230,54,250,46,240,
276,120256,443,0,533,73,488,36,120179
276,120257,540,247,570,274,555,260,120180
276,120258,596,234,620,262,608,248,120181
276,120259,468,183,490,221,479,202,120182
276,120260,597,127,623,164,610,145,120183
276,120261,267,1,346,49,306,25,120184
276,120262,381,121,402,156,391,138,120185
276,120263,528,71,557,96,542,83,120186
276,120264,417,113,441,145,429,129,120187
276,120265,60,165,84,185,72,175,120188
276,120266,544,207,578,231,561,219,120189
276,120267,96,166,115,198,105,182,120190
276,120268,361,48,384,69,372,58,120191
276,120269,455,98,485,119,470,108,120192
276,120270,28,231,53,257,40,244,120193
276,120271,208,316,231,345,219,330,120194
276,120272,398,273,420,298,409,285,120195
276,120273,300,52,322,84,311,68,120196
276,120274,246,52,268,78,257,65,120197
276,120275,610,0,636,21,623,10,120198
276,120276,278,290,302,311,290,300,120199
276,120277,271,75,291,105,281,90,120200
276,120278,503,25,524,56,513,40,120201
276,120279,574,69,610,96,592,82,120202
276,120280,261,178,281,210,271,194,120203
276,120281,403,12,427,32,415,22,120204
276,120282,379,13,403,41,391,27,120205
276,120283,612,48,637,75,624,61,120206
276,120284,294,223,314,253,304,238,120207
276,120285,119,90,136,114,127,102,120208
276,120286,390,32,409,59,399,45,120209
276,120287,233,84,256,106,244,95,120210
276,120288,498,299,522,319,510,309,120211
276,120289,35,121,54,142,44,131,120212
276,120290,72,130,87,155,79,142,120213
276,120291,57,98,80,122,68,110,120214
276,120292,228,50,249,73,238,61,120215
276,120293,200,13,220,33,210,23,120216
276,120294,213,24,237,45,225,34,120217
276,120295,37,158,55,177,46,167,120218
276,120296,40,88,56,114,48,101,120219
276,120297,486,255,513,277,499,266,120220
276,120298,28,274,44,298,36,286,120221
276,120299,272,0,290,32,281,16,120222
276,120300,322,2,339,21,330,11,120223
276,120301,130,0,187,23,158,11,120224
276,120302,52,17,68,53,60,35,120225
276,120303,133,0,152,12,142,6,120226
276,120304,165,0,178,4,171,2,120227
276,120305,533,27,554,42,543,34,120228
276,120306,328,245,350,266,339,255,120229
276,120307,217,0,228,8,222,4,120230
276,120308,182,83,208,103,195,93,120231
276,120309,196,56,212,83,204,69,120232
276,120310,382,259,402,288,392,273,120233
276,120311,314,127,338,153,326,140,120234
276,120312,307,98,334,121,320,109,120235
276,120313,349,67,379,102,364,84,120236
276,120314,590,308,613,331,601,319,120237
276,120315,610,323,638,338,624,330,120238
276,120316,565,351,594,359,579,355,120239
276,120317,23,208,41,227,32,217,120240
276,120318,379,309,413,328,396,318,120241
276,120319,56,240,71,263,63,251,120242
276,120320,201,275,222,294,211,284,120243
276,120321,67,20,81,40,74,30,120244
276,120322,572,0,599,14,585,7,120245
276,120323,579,337,611,356,595,346,120246
276,120324,377,280,397,296,387,288,120247
276,120325,526,161,552,173,539,167,120248
276,120326,407,294,430,314,418,304,120249
276,120327,585,11,607,22,596,16,120250
276,120328,528,168,553,193,540,180,120251
276,120329,628,171,639,202,633,186,120252
276,120330,351,293,381,313,366,303,120253
276,120331,526,161,552,183,539,172,120254
276,120332,38,230,54,251,46,240,120255
277,120333,443,0,533,73,488,36,120256
277,120334,540,247,570,273,555,260,120257
277,120335,596,234,620,262,608,248,120258
277,120336,468,183,490,221,479,202,120259
277,120337,597,127,623,164,610,145,120260
277,120338,267,1,346,49,306,25,120261
277,120339,381,121,402,156,391,138,120262
277,120340,528,71,557,96,542,83,120263
277,120341,417,113,441,145,429,129,120264
277,120342,60,165,84,185,72,175,120265
277,120343,544,207,578,231,561,219,120266
277,120344,96,166,115,198,105,182,120267
277,120345,361,48,384,69,372,58,120268
277,120346,453,97,484,119,468,108,120269
277,120347,28,231,54,257,41,244,120270
277,120348,208,316,231,345,219,330,120271
277,120349,398,273,420,298,409,285,120272
277,120350,300,52,322,84,311,68,120273
277,120351,246,52,268,78,257,65,120274
277,120352,610,0,636,21,623,10,120275
277,120353,278,290,302,311,290,300,120276
277,120354,271,75,291,105,281,90,120277
277,120355,503,25,524,56,513,40,120278
277,120356,574,69,610,96,592,82,120279
277,120357,261,178,281,210,271,194,120280
277,120358,403,12,427,32,415,22,120281
277,120359,379,12,404,41,391,26,120282
277,120360,612,48,637,75,624,61,120283
277,120361,294,223,314,253,304,238,120284
277,120362,119,90,136,114,127,102,120285
277,120363,390,32,409,59,399,45,120286
277,120364,233,84,256,106,244,95,120287
277,120365,499,299,525,319,512,309,120288
277,120366,35,121,54,142,44,131,120289
277,120367,72,130,87,155,79,142,120290
277,120368,57,98,80,122,68,110,120291
277,120369,228,50,249,73,238,61,120292
277,120370,200,13,220,33,210,23,120293
277,120371,213,24,237,45,225,34,120294
277,120372,37,158,55,177,46,167,120295
277,120373,40,88,56,114,48,101,120296
277,120374,486,255,513,277,499,266,120297
277,120375,28,274,44,298,36,286,120298
277,120376,272,0,290,32,281,16,120299
277,120377,322,2,339,21,330,11,120300
277,120378,130,0,187,23,158,11,120301
277,120379,52,17,68,53,60,35,120302
277,120380,133,0,152,12,142,6,120303
277,120381,165,0,178,4,171,2,120304
277,120382,533,27,554,42,543,34,120305
277,120383,328,245,350,266,339,255,120306
277,120384,217,0,228,8,222,4,120307
277,120385,182,83,208,103,195,93,120308
277,120386,196,56,212,83,204,69,120309
277,120387,380,258,401,288,390,273,120310
277,120388,314,127,338,153,326,140,120311
277,120389,307,98,334,121,320,109,120312
277,120390,349,67,379,99,364,83,120313
277,120391,590,308,613,331,601,319,120314
277,120392,610,323,638,338,624,330,120315
277,120393,565,351,594,359,579,355,120316
277,120394,23,208,41,227,32,217,120317
277,120395,378,308,412,327,395,317,120318
277,120396,56,240,71,263,63,251,120319
277,120397,201,275,222,294,211,284,120320
277,120398,67,20,81,40,74,30,120321
277,120399,571,0,599,14,585,7,120322
277,120400,580,337,611,357,595,347,120323
277,120401,377,281,397,295,387,288,120324
277,120402,526,161,552,173,539,167,120325
277,120403,407,294,429,313,418,303,120326
277,120404,585,11,607,22,596,16,120327
277,120405,528,169,553,193,540,181,120328
277,120406,626,167,639,200,632,183,120329
277,120407,351,293,381,313,366,303,120330
277,120408,526,161,552,180,539,170,120325
278,120409,443,0,533,73,488,36,120333
278,120410,540,247,570,273,555,260,120334
278,120411,596,234,620,262,608,248,120335
278,120412,468,183,490,221,479,202,120336
278,120413,597,127,623,164,610,145,120337
278,120414,268,1,346,49,307,25,120338
278,120415,381,121,402,156,391,138,120339
278,120416,528,71,557,96,542,83,120340
278,120417,417,113,441,145,429,129,120341
278,120418,60,165,84,185,72,175,120342
278,120419,544,207,578,231,561,219,120343
278,120420,96,166,115,198,105,182,120344
278,120421,361,48,384,69,372,58,120345
278,120422,452,96,483,119,467,107,120346
278,120423,28,230,55,257,41,243,120347
278,120424,208,316,231,345,219,330,120348
278,120425,399,273,420,298,409,285,120349
278,120426,300,52,322,84,311,68,120350
278,120427,246,52,268,78,257,65,120351
278,120428,610,0,636,21,623,10,120352
278,120429,278,290,302,311,290,300,120353
278,120430,271,75,291,105,281,90,120354
278,120431,503,25,524,56,513,40,120355
278,120432,574,69,610,96,592,82,120356
278,120433,261,178,281,210,271,194,120357
278,120434,404,12,428,33,416,22,120358
278,120435,379,12,404,41,391,26,120359
278,120436,612,48,637,75,624,61,120360
278,120437,294,223,314,253,304,238,120361
278,120438,119,90,136,114,127,102,120362
278,120439,390,32,409,59,399,45,120363
278,120440,233,84,256,106,244,95,120364
278,120441,500,298,527,319,513,308,120365
278,120442,35,121,54,142,44,131,120366
278,120443,72,130,87,155,79,142,120367
278,120444,57,98,80,122,68,110,120368
278,120445,228,50,249,73,238,61,120369
278,120446,200,13,220,33,210,23,120370
278,120447,213,24,237,45,225,34,120371
278,120448,37,158,55,177,46,167,120372
278,120449,40,88,56,114,48,101,120373
278,120450,486,255,513,277,499,266,120374
278,120451,28,274,44,298,36,286,120375
278,120452,273,0,290,33,281,16,120376
278,120453,322,2,339,21,330,11,120377
278,120454,130,0,187,23,158,11,120378
278,120455,52,17,68,53,60,35,120379
278,120456,133,0,152,12,142,6,120380
278,120457,165,0,178,4,171,2,120381
278,120458,533,27,554,42,543,34,120382
278,120459,328,245,350,266,339,255,120383
278,120460,217,0,228,8,222,4,120384
278,120461,182,83,208,103,195,93,120385
278,120462,196,56,212,83,204,69,120386
278,120463,379,257,401,286,390,271,120387
278,120464,314,127,338,153,326,140,120388
278,120465,307,98,334,121,320,109,120389
278,120466,349,67,379,98,364,82,120390
278,120467,590,308,613,331,601,319,120391
278,120468,610,323,638,339,624,331,120392
278,120469,565,351,594,359,579,355,120393
278,120470,23,208,41,227,32,217,120394
278,120471,378,308,410,327,394,317,120395
278,120472,56,238,71,262,63,250,120396
278,120473,201,275,222,294,211,284,120397
278,120474,67,20,81,40,74,30,120398
278,120475,569,0,598,14,583,7,120399
278,120476,580,337,611,357,595,347,120400
278,120477,377,281,396,296,386,288,120401
278,120478,526,161,552,173,539,167,120402
278,120479,585,11,607,22,596,16,120404
278,120480,528,167,553,193,540,180,120405
278,120481,625,164,639,197,632,180,120406
278,120482,352,293,381,313,366,303,120407
278,120483,527,161,552,186,539,173,120405
279,120484,443,0,533,73,488,36,120409
279,120485,540,247,570,273,555,260,120410
279,120486,596,234,620,262,608,248,120411
279,120487,468,183,490,221,479,202,120412
279,120488,597,127,622,165,609,146,120413
279,120489,267,1,346,49,306,25,120414
279,120490,381,121,402,156,391,138,120415
279,120491,528,71,557,96,542,83,120416
279,120492,417,113,441,145,429,129,120417
279,120493,60,165,84,185,72,175,120418
279,120494,544,207,578,231,561,219,120419
279,120495,96,166,115,198,105,182,120420
279,120496,361,48,384,69,372,58,120421
279,120497,451,96,482,119,466,107,120422
279,120498,28,231,55,257,41,244,120423
279,120499,208,316,231,345,219,330,120424
279,120500,399,272,420,298,409,285,120425
279,120501,300,52,322,84,311,68,120426
279,120502,246,52,268,78,257,65,120427
279,120503,610,0,636,21,623,10,120428
279,120504,278,290,302,311,290,300,120429
279,120505,271,75,291,105,281,90,120430
279,120506,503,25,524,56,513,40,120431
279,120507,574,69,610,96,592,82,120432
279,120508,261,178,281,210,271,194,120433
279,120509,404,12,428,34,416,23,120434
279,120510,379,12,404,41,391,26,120435
279,120511,612,48,637,75,624,61,120436
279,120512,294,223,314,253,304,238,120437
279,120513,119,90,136,114,127,102,120438
279,120514,390,32,409,59,399,45,120439
279,120515,233,84,256,106,244,95,120440
279,120516,502,298,528,319,515,308,120441
279,120517,35,121,54,142,44,131,120442
279,120518,72,130,87,155,79,142,120443
279,120519,57,98,80,122,68,110,120444
279,120520,228,50,249,73,238,61,120445
279,120521,200,13,220,33,210,23,120446
279,120522,213,24,237,45,225,34,120447
279,120523,37,158,55,177,46,167,120448
279,120524,40,88,56,114,48,101,120449
279,120525,486,255,513,277,499,266,120450
279,120526,28,274,44,298,36,286,120451
279,120527,273,0,291,33,282,16,120452
279,120528,322,2,339,21,330,11,120453
279,120529,130,0,187,23,158,11,120454
279,120530,52,17,68,53,60,35,120455
279,120531,133,0,151,12,142,6,120456
279,120532,165,0,179,4,172,2,120457
279,120533,533,26,554,42,543,34,120458
279,120534,328,245,350,266,339,255,120459
279,120535,217,0,228,8,222,4,120460
279,120536,182,83,208,103,195,93,120461
279,120537,196,56,212,83,204,69,120462
279,120538,378,257,401,284,389,270,120463
279,120539,314,127,338,153,326,140,120464
279,120540,307,98,334,121,320,109,120465
279,120541,349,67,379,97,364,82,120466
279,120542,591,308,613,331,602,319,120467
279,120543,610,323,638,341,624,332,120468
279,120544,565,351,595,359,580,355,120469
279,120545,23,208,41,227,32,217,120470
279,120546,377,308,410,326,393,317,120471
279,120547,56,238,71,262,63,250,120472
279,120548,201,275,222,294,211,284,120473
279,120549,67,20,81,40,74,30,120474
279,120550,568,0,597,14,582,7,120475
279,120551,582,337,611,358,596,347,120476
279,120552,377,280,396,296,386,288,120477
279,120553,526,161,552,173,539,167,120478
279,120554,585,11,607,22,596,16,120479
279,120555,528,165,553,193,540,179,120480
279,120556,623,161,639,193,631,177,120481
279,120557,36,230,54,255,45,242,120423
280,120558,443,0,533,73,488,36,120484
280,120559,540,247,571,273,555,260,120485
280,120560,596,234,620,262,608,248,120486
280,120561,468,183,490,221,479,202,120487
280,120562,597,127,622,165,609,146,120488
280,120563,267,1,346,49,306,25,120489
280,120564,381,121,402,156,391,138,120490
280,120565,528,71,557,96,542,83,120491
280,120566,417,113,441,145,429,129,120492
280,120567,60,165,84,185,72,175,120493
280,120568,544,207,578,231,561,219,120494
280,120569,96,166,116,198,106,182,120495
280,120570,361,47,384,69,372,58,120496
280,120571,451,96,481,119,466,107,120497
280,120572,28,231,49,257,38,244,120498
280,120573,208,316,231,345,219,330,120499
280,120574,398,272,421,298,409,285,120500
280,120575,300,52,322,84,311,68,120501
280,120576,246,52,268,78,257,65,120502
280,120577,610,0,636,21,623,10,120503
280,120578,278,290,302,311,290,300,120504
280,120579,271,75,291,105,281,90,120505
280,120580,503,25,524,56,513,40,120506
280,120581,574,69,610,96,592,82,120507
280,120582,261,178,281,210,271,194,120508
280,120583,405,12,428,34,416,23,120509
280,120584,379,12,404,41,391,26,120510
280,120585,612,48,637,75,624,61,120511
280,120586,294,224,314,253,304,238,120512
280,120587,119,90,136,114,127,102,120513
280,120588,390,32,410,59,400,45,120514
280,120589,233,84,256,106,244,95,120515
280,120590,503,298,529,319,516,308,120516
280,120591,35,121,54,142,44,131,120517
280,120592,72,130,87,155,79,142,120518
280,120593,57,98,80,122,68,110,120519
280,120594,228,50,249,73,238,61,120520
280,120595,200,13,220,33,210,23,120521
280,120596,213,24,237,45,225,34,120522
280,120597,37,158,55,177,46,167,120523
280,120598,40,88,56,114,48,101,120524
280,120599,486,255,513,277,499,266,120525
280,120600,28,274,45,298,36,286,120526
280,120601,274,4,292,34,283,19,120527
280,120602,322,2,339,21,330,11,120528
280,120603,130,0,187,23,158,11,120529
280,120604,52,17,68,53,60,35,120530
280,120605,133,0,151,12,142,6,120531
280,120606,165,0,179,4,172,2,120532
280,120607,533,26,554,42,543,34,120533
280,120608,328,245,350,266,339,255,120534
280,120609,217,0,228,8,222,4,120535
280,120610,182,83,208,103,195,93,120536
280,120611,196,56,212,83,204,69,120537
280,120612,378,257,400,281,389,269,120538
280,120613,314,127,338,153,326,140,120539
280,120614,307,98,334,120,320,109,120540
280,120615,349,67,378,97,363,82,120541
280,120616,591,308,613,331,602,319,120542
280,120617,610,323,638,339,624,331,120543
280,120618,565,351,595,359,580,355,120544
280,120619,23,208,41,227,32,217,120545
280,120620,377,308,409,326,393,317,120546
280,120621,56,236,72,261,64,248,120547
280,120622,201,275,222,294,211,284,120548
280,120623,67,20,81,40,74,30,120549
280,120624,567,0,597,14,582,7,120550
280,120625,583,337,611,358,597,347,120551
280,120626,377,280,396,296,386,288,120552
280,120627,526,161,552,174,539,167,120553
280,120628,585,11,607,22,596,16,120554
280,120629,528,164,553,193,540,178,120555
280,120630,621,157,639,188,630,172,120556
280,120631,39,230,54,250,46,240,120557
280,120632,526,161,552,181,539,171,120553
281,120633,443,0,533,73,488,36,120558
281,120634,540,247,571,273,555,260,120559
281,120635,596,234,620,262,608,248,120560
281,120636,468,183,490,221,479,202,120561
281,120637,597,127,622,165,609,146,120562
281,120638,267,1,346,50,306,25,120563
281,120639,381,121,402,156,391,138,120564
281,120640,528,71,557,96,542,83,120565
281,120641,417,113,441,145,429,129,120566
281,120642,60,165,84,185,72,175,120567
281,120643,544,207,578,231,561,219,120568
281,120644,96,166,116,198,106,182,120569
281,120645,361,47,384,69,372,58,120570
281,120646,451,96,480,118,465,107,120571
281,120647,28,232,44,256,36,244,120572
281,120648,208,316,231,345,219,330,120573
281,120649,398,273,421,298,409,285,120574
281,120650,300,52,322,84,311,68,120575
281,120651,246,52,268,78,257,65,120576
281,120652,610,0,636,21,623,10,120577
281,120653,278,290,302,311,290,300,120578
281,120654,271,75,291,105,281,90,120579
281,120655,503,25,524,56,513,40,120580
281,120656,574,69,610,96,592,82,120581
281,120657,261,178,281,210,271,194,120582
281,120658,405,12,428,35,416,23,120583
281,120659,379,12,405,41,392,26,120584
281,120660,612,48,637,75,624,61,120585
281,120661,294,224,314,253,304,238,120586
281,120662,119,90,136,114,127,102,120587
281,120663,390,31,410,59,400,45,120588
281,120664,233,84,256,106,244,95,120589
281,120665,505,299,532,320,518,309,120590
281,120666,35,121,54,142,44,131,120591
281,120667,72,130,87,155,79,142,120592
281,120668,57,98,80,122,68,110,120593
281,120669,228,50,249,73,238,61,120594
281,120670,200,13,220,33,210,23,120595
281,120671,213,24,237,45,225,34,120596
281,120672,37,158,55,177,46,167,120597
281,120673,40,88,56,114,48,101,120598
281,120674,486,255,513,277,499,266,120599
281,120675,28,274,45,298,36,286,120600
281,120676,274,7,292,36,283,21,120601
281,120677,322,2,339,21,330,11,120602
281,120678,130,0,187,23,158,11,120603
281,120679,52,17,68,53,60,35,120604
281,120680,133,0,151,12,142,6,120605
281,120681,165,0,179,4,172,2,120606
281,120682,533,26,554,42,543,34,120607
281,120683,328,245,350,266,339,255,120608
281,120684,217,0,228,8,222,4,120609
281,120685,182,83,208,103,195,93,120610
281,120686,196,56,212,83,204,69,120611
281,120687,378,257,400,280,389,268,120612
281,120688,314,127,338,153,326,140,120613
281,120689,307,98,334,120,320,109,120614
281,120690,349,67,379,96,364,81,120615
281,120691,591,308,613,331,602,319,120616
281,120692,611,323,638,338,624,330,120617
281,120693,565,351,595,359,580,355,120618
281,120694,23,208,41,227,32,217,120619
281,120695,377,308,409,327,393,317,120620
281,120696,56,235,72,260,64,247,120621
281,120697,201,275,222,294,211,284,120622
281,120698,67,20,81,40,74,30,120623
281,120699,566,0,597,14,581,7,120624
281,120700,585,337,612,358,598,347,120625
281,120701,377,280,396,296,386,288,120626
281,120702,526,161,552,174,539,167,120627
281,120703,585,11,607,22,596,16,120628
281,120704,528,164,553,193,540,178,120629
281,120705,620,153,639,185,629,169,120630
281,120706,40,230,55,247,47,238,120631
281,120707,526,161,553,180,539,170,120627
282,120708,443,0,533,73,488,36,120633
282,120709,540,247,571,273,555,260,120634
282,120710,596,234,620,262,608,248,120635
282,120711,468,183,490,221,479,202,120636
282,120712,597,127,622,165,609,146,120637
282,120713,267,1,346,50,306,25,120638
282,120714,381,121,402,156,391,138,120639
282,120715,528,71,557,96,542,83,120640
282,120716,417,113,441,145,429,129,120641
282,120717,60,165,84,185,72,175,120642
282,120718,544,207,578,231,561,219,120643
282,120719,96,166,116,198,106,182,120644
282,120720,361,47,384,69,372,58,120645
282,120721,451,95,480,117,465,106,120646
282,120722,28,233,42,256,35,244,120647
282,120723,208,316,231,345,219,330,120648
282,120724,398,273,421,297,409,285,120649
282,120725,300,52,322,84,311,68,120650
282,120726,246,52,268,78,257,65,120651
282,120727,610,0,636,21,623,10,120652
282,120728,278,290,302,311,290,300,120653
282,120729,271,75,291,105,281,90,120654
282,120730,503,25,524,56,513,40,120655
282,120731,574,69,610,96,592,82,120656
282,120732,261,178,281,210,271,194,120657
282,120733,405,12,428,35,416,23,120658
282,120734,379,12,405,41,392,26,120659
282,120735,612,48,637,75,624,61,120660
282,120736,294,224,314,253,304,238,120661
282,120737,119,90,136,114,127,102,120662
282,120738,390,31,410,59,400,45,120663
282,120739,233,84,256,106,244,95,120664
282,120740,508,301,535,320,521,310,120665
282,120741,35,121,54,142,44,131,120666
282,120742,72,130,87,155,79,142,120667
282,120743,57,98,80,122,68,110,120668
282,120744,228,50,249,73,238,61,120669
282,120745,200,13,220,33,210,23,120670
282,120746,213,24,237,45,225,34,120671
282,120747,37,158,55,177,46,167,120672
282,120748,40,88,56,114,48,101,120673
282,120749,486,255,513,277,499,266,120674
282,120750,28,274,45,298,36,286,120675
282,120751,274,7,293,36,283,21,120676
282,120752,322,2,339,21,330,11,120677
282,120753,130,0,187,23,158,11,120678
282,120754,52,17,68,53,60,35,120679
282,120755,133,0,151,12,142,6,120680
282,120756,165,0,179,4,172,2,120681
282,120757,532,26,554,42,543,34,120682
282,120758,328,245,350,266,339,255,120683
282,120759,217,0,228,8,222,4,120684
282,120760,182,83,208,103,195,93,120685
282,120761,196,56,212,83,204,69,120686
282,120762,378,256,399,278,388,267,120687
282,120763,314,127,338,153,326,140,120688
282,120764,307,98,334,120,320,109,120689
282,120765,349,66,379,96,364,81,120690
282,120766,590,308,613,331,601,319,120691
282,120767,611,323,638,338,624,330,120692
282,120768,565,351,595,359,580,355,120693
282,120769,23,208,41,227,32,217,120694
282,120770,377,309,408,327,392,318,120695
282,120771,56,233,71,258,63,245,120696
282,120772,201,275,222,294,211,284,120697
282,120773,67,20,81,40,74,30,120698
282,120774,565,0,596,14,580,7,120699
282,120775,587,337,613,357,600,347,120700
282,120776,377,280,396,296,386,288,120701
282,120777,526,161,552,174,539,167,120702
282,120778,528,164,553,193,540,178,120704
282,120779,620,150,639,182,629,166,120705
282,120780,40,230,55,246,47,238,120706
282,120781,526,161,553,180,539,170,120702
282,120782,90,260,105,280,97,270,
283,120783,443,0,533,73,488,36,120708
283,120784,540,247,571,273,555,260,120709
283,120785,596,234,620,262,608,248,120710
283,120786,468,183,490,221,479,202,120711
283,120787,597,127,622,165,609,146,120712
283,120788,267,1,346,50,306,25,120713
283,120789,381,121,402,156,391,138,120714
283,120790,528,71,557,96,542,83,120715
283,120791,417,113,441,145,429,129,120716
283,120792,60,165,84,185,72,175,120717
283,120793,544,207,578,231,561,219,120718
283,120794,96,166,116,198,106,182,120719
283,120795,361,47,384,69,372,58,120720
283,120796,451,94,479,117,465,105,120721
283,120797,28,234,42,256,35,245,120722
283,120798,208,316,231,345,219,330,120723
283,120799,398,273,421,297,409,285,120724
283,120800,300,52,322,84,311,68,120725
283,120801,246,52,268,78,257,65,120726
283,120802,610,0,636,21,623,10,120727
283,120803,278,290,302,312,290,301,120728
283,120804,271,75,291,105,281,90,120729
283,120805,503,25,524,56,513,40,120730
283,120806,574,69,610,96,592,82,120731
283,120807,261,178,281,210,271,194,120732
283,120808,406,12,428,35,417,23,120733
283,120809,379,12,405,41,392,26,120734
283,120810,612,48,637,75,624,61,120735
283,120811,294,224,314,253,304,238,120736
283,120812,119,90,136,114,127,102,120737
283,120813,390,31,410,59,400,45,120738
283,120814,233,84,256,106,244,95,120739
283,120815,509,301,536,321,522,311,120740
283,120816,35,121,54,142,44,131,120741
283,120817,72,130,87,155,79,142,120742
283,120818,57,97,80,122,68,109,120743
283,120819,228,50,249,73,238,61,120744
283,120820,200,13,220,33,210,23,120745
283,120821,213,24,237,45,225,34,120746
283,120822,37,158,55,177,46,167,120747
283,120823,40,88,56,114,48,101,120748
283,120824,486,255,513,277,499,266,120749
283,120825,28,274,45,298,36,286,120750
283,120826,274,8,293,36,283,22,120751
283,120827,322,2,339,21,330,11,120752
283,120828,130,0,187,23,158,11,120753
283,120829,52,17,68,53,60,35,120754
283,120830,133,0,151,12,142,6,120755
283,120831,165,0,179,4,172,2,120756
283,120832,532,26,554,42,543,34,120757
283,120833,328,245,350,266,339,255,120758
283,120834,217,0,228,8,222,4,120759
283,120835,182,83,208,103,195,93,120760
283,120836,196,56,212,83,204,69,120761
283,120837,377,256,398,278,387,267,120762
283,120838,314,127,338,153,326,140,120763
283,120839,307,98,334,120,320,109,120764
283,120840,349,66,379,95,364,80,120765
283,120841,590,308,613,331,601,319,120766
283,120842,611,323,638,337,624,330,120767
283,120843,565,351,595,359,580,355,120768
283,120844,23,208,41,227,32,217,120769
283,120845,377,309,407,327,392,318,120770
283,120846,56,233,71,258,63,245,120771
283,120847,201,275,222,294,211,284,120772
283,120848,67,20,81,40,74,30,120773
283,120849,565,0,596,14,580,7,120774
283,120850,587,337,613,357,600,347,120775
283,120851,377,280,396,296,386,288,120776
283,120852,526,161,552,174,539,167,120777
283,120853,528,164,553,193,540,178,120778
283,120854,620,149,639,181,629,165,120779
283,120855,40,230,54,246,47,238,120780
283,120856,526,161,552,180,539,170,120777
283,120857,90,260,105,281,97,270,120782
284,120858,443,0,533,73,488,36,120783
284,120859,540,247,571,273,555,260,120784
284,120860,596,234,620,262,608,248,120785
284,120861,468,183,490,221,479,202,120786
284,120862,597,127,622,165,609,146,120787
284,120863,267,1,346,49,306,25,120788
284,120864,381,121,402,156,391,138,120789
284,120865,528,71,557,96,542,83,120790
284,120866,417,113,441,145,429,129,120791
284,120867,60,165,84,185,72,175,120792
284,120868,544,207,578,231,561,219,120793
284,120869,96,166,116,198,106,182,120794
284,120870,362,47,384,69,373,58,120795
284,120871,450,93,479,116,464,104,120796
284,120872,28,234,42,256,35,245,120797
284,120873,208,316,231,345,219,330,120798
284,120874,398,273,421,297,409,285,120799
284,120875,300,52,322,84,311,68,120800
284,120876,246,52,267,78,256,65,120801
284,120877,610,0,637,21,623,10,120802
284,120878,278,290,302,311,290,300,120803
284,120879,271,75,291,105,281,90,120804
284,120880,503,25,524,56,513,40,120805
284,120881,574,69,610,96,592,82,120806
284,120882,261,178,281,210,271,194,120807
284,120883,406,12,428,35,417,23,120808
284,120884,379,12,405,41,392,26,120809
284,120885,612,48,637,75,624,61,120810
284,120886,294,224,314,253,304,238,120811
284,120887,119,90,137,114,128,102,120812
284,120888,390,31,410,59,400,45,120813
284,120889,233,84,256,106,244,95,120814
284,120890,510,303,537,322,523,312,120815
284,120891,35,121,54,142,44,131,120816
284,120892,72,130,87,155,79,142,120817
284,120893,57,98,80,122,68,110,120818
284,120894,229,50,249,73,239,61,120819
284,120895,200,13,220,33,210,23,120820
284,120896,212,24,237,45,224,34,120821
284,120897,37,158,55,177,46,167,120822
284,120898,40,88,56,114,48,101,120823
284,120899,486,255,513,277,499,266,120824
284,120900,28,274,45,298,36,286,120825
284,120901,274,8,293,36,283,22,120826
284,120902,322,2,339,21,330,11,120827
284,120903,130,0,187,23,158,11,120828
284,120904,52,17,68,53,60,35,120829
284,120905,133,0,151,12,142,6,120830
284,120906,165,0,179,4,172,2,120831
284,120907,533,26,554,42,543,34,120832
284,120908,328,245,350,266,339,255,120833
284,120909,217,0,228,8,222,4,120834
284,120910,182,83,208,103,195,93,120835
284,120911,196,56,212,83,204,69,120836
284,120912,376,256,397,277,386,266,120837
284,120913,314,127,338,153,326,140,120838
284,120914,307,98,334,120,320,109,120839
284,120915,348,65,379,95,363,80,120840
284,120916,590,308,613,331,601,319,120841
284,120917,611,323,638,337,624,330,120842
284,120918,565,351,595,359,580,355,120843
284,120919,23,208,41,227,32,217,120844
284,120920,377,309,406,328,391,318,120845
284,120921,56,232,71,257,63,244,120846
284,120922,201,275,222,294,211,284,120847
284,120923,67,20,81,40,74,30,120848
284,120924,564,0,596,13,580,6,120849
284,120925,588,337,614,357,601,347,120850
284,120926,377,280,396,295,386,287,120851
284,120927,526,161,552,175,539,168,120852
284,120928,528,163,553,193,540,178,120853
284,120929,620,149,639,178,629,163,120854
284,120930,40,230,54,246,47,238,120855
284,120931,90,261,105,282,97,271,120857
284,120932,585,11,607,22,596,16,
285,120933,443,0,533,73,488,36,120858
285,120934,540,247,571,273,555,260,120859
285,120935,596,234,620,262,608,248,120860
285,120936,468,183,490,221,479,202,120861
285,120937,597,127,622,165,609,146,120862
285,120938,267,1,346,49,306,25,120863
285,120939,381,121,403,156,392,138,120864
285,120940,528,71,557,96,542,83,120865
285,120941,417,113,441,145,429,129,120866
285,120942,60,165,84,185,72,175,120867
285,120943,544,207,578,231,561,219,120868
285,120944,96,166,116,198,106,182,120869
285,120945,362,47,384,68,373,57,120870
285,120946,448,89,478,114,463,101,120871
285,120947,28,234,42,256,35,245,120872
285,120948,208,316,231,345,219,330,120873
285,120949,398,273,421,297,409,285,120874
285,120950,300,52,322,84,311,68,120875
285,120951,246,52,267,78,256,65,120876
285,120952,610,0,637,21,623,10,120877
285,120953,278,290,302,311,290,300,120878
285,120954,271,75,291,105,281,90,120879
285,120955,503,25,524,56,513,40,120880
285,120956,574,69,610,96,592,82,120881
285,120957,261,178,281,210,271,194,120882
285,120958,406,12,428,34,417,23,120883
285,120959,379,12,405,41,392,26,120884
285,120960,612,48,637,75,624,61,120885
285,120961,294,224,314,253,304,238,120886
285,120962,119,90,137,114,128,102,120887
285,120963,390,31,410,59,400,45,120888
285,120964,233,84,256,106,244,95,120889
285,120965,513,303,540,323,526,313,120890
285,120966,35,121,54,142,44,131,120891
285,120967,72,130,87,155,79,142,120892
285,120968,57,98,80,122,68,110,120893
285,120969,229,50,249,73,239,61,120894
285,120970,200,13,220,33,210,23,120895
285,120971,212,24,237,45,224,34,120896
285,120972,37,158,55,177,46,167,120897
285,120973,40,88,56,114,48,101,120898
285,120974,486,255,513,277,499,266,120899
285,120975,28,274,45,298,36,286,120900
285,120976,273,8,293,37,283,22,120901
285,120977,322,2,339,21,330,11,120902
285,120978,130,0,187,23,158,11,120903
285,120979,52,17,68,53,60,35,120904
285,120980,133,0,151,12,142,6,120905
285,120981,165,0,179,4,172,2,120906
285,120982,533,26,554,42,543,34,120907
285,120983,328,245,350,266,339,255,120908
285,120984,217,0,228,8,222,4,120909
285,120985,182,83,208,103,195,93,120910
285,120986,196,56,212,83,204,69,120911
285,120987,373,255,398,275,385,265,120912
285,120988,314,127,338,153,326,140,120913
285,120989,307,98,334,121,320,109,120914
285,120990,348,63,380,94,364,78,120915
285,120991,590,308,613,331,601,319,120916
285,120992,611,323,638,338,624,330,120917
285,120993,565,351,595,359,580,355,120918
285,120994,23,208,41,227,32,217,120919
285,120995,374,310,405,329,389,319,120920
285,120996,56,232,71,256,63,244,120921
285,120997,201,275,222,294,211,284,120922
285,120998,67,20,81,40,74,30,120923
285,120999,564,0,597,13,580,6,120924
285,121000,589,336,614,356,601,346,120925
285,121001,377,280,396,295,386,287,120926
285,121002,526,161,552,175,539,168,120927
285,121003,528,163,553,193,540,178,120928
285,121004,619,147,639,175,629,161,120929
285,121005,40,230,54,246,47,238,120930
285,121006,91,261,105,284,98,272,120931
286,121007,443,0,533,73,488,36,120933
286,121008,540,247,571,273,555,260,120934
286,121009,596,234,620,262,608,248,120935
286,121010,468,183,490,221,479,202,120936
286,121011,597,127,621,166,609,146,120937
286,121012,267,1,346,49,306,25,120938
286,121013,381,121,403,156,392,138,120939
286,121014,528,71,557,96,542,83,120940
286,121015,417,113,441,145,429,129,120941
286,121016,60,165,84,185,72,175,120942
286,121017,544,207,578,231,561,219,120943
286,121018,96,166,116,198,106,182,120944
286,121019,362,47,384,68,373,57,120945
286,121020,446,86,477,112,461,99,120946
286,121021,28,233,43,256,35,244,120947
286,121022,208,316,231,345,219,330,120948
286,121023,398,273,421,296,409,284,120949
286,121024,300,52,322,84,311,68,120950
286,121025,246,52,267,78,256,65,120951
286,121026,610,0,637,21,623,10,120952
286,121027,278,290,302,311,290,300,120953
286,121028,271,75,291,105,281,90,120954
286,121029,503,25,524,56,513,40,120955
286,121030,574,69,610,96,592,82,120956
286,121031,261,178,281,210,271,194,120957
286,121032,407,12,429,34,418,23,120958
286,121033,379,12,405,41,392,26,120959
286,121034,612,48,637,75,624,61,120960
286,121035,294,224,314,253,304,238,120961
286,121036,119,90,137,114,128,102,120962
286,121037,390,31,410,59,400,45,120963
286,121038,233,84,256,106,244,95,120964
286,121039,515,305,542,323,528,314,120965
286,121040,35,121,54,142,44,131,120966
286,121041,72,130,87,155,79,142,120967
286,121042,57,98,80,122,68,110,120968
286,121043,229,50,249,73,239,61,120969
286,121044,200,13,220,33,210,23,120970
286,121045,212,24,237,45,224,34,120971
286,121046,37,158,55,177,46,167,120972
286,121047,40,88,56,114,48,101,120973
286,121048,486,255,512,277,499,266,120974
286,121049,28,274,45,298,36,286,120975
286,121050,273,10,293,36,283,23,120976
286,121051,322,2,339,21,330,11,120977
286,121052,130,0,187,23,158,11,120978
286,121053,52,17,68,53,60,35,120979
286,121054,133,0,151,12,142,6,120980
286,121055,165,0,179,4,172,2,120981
286,121056,532,27,554,42,543,34,120982
286,121057,328,245,350,266,339,255,120983
286,121058,217,0,228,8,222,4,120984
286,121059,182,83,208,104,195,93,120985
286,121060,196,56,212,83,204,69,120986
286,121061,370,253,397,274,383,263,120987
286,121062,314,127,338,153,326,140,120988
286,121063,307,98,334,121,320,109,120989
286,121064,355,62,381,94,368,78,120990
286,121065,591,308,613,331,602,319,120991
286,121066,611,323,638,338,624,330,120992
286,121067,565,351,595,359,580,355,120993
286,121068,23,208,41,228,32,218,120994
286,121069,372,310,404,329,388,319,120995
286,121070,56,232,71,255,63,243,120996
286,121071,201,275,222,294,211,284,120997
286,121072,67,20,81,40,74,30,120998
286,121073,563,0,596,13,579,6,120999
286,121074,590,336,615,356,602,346,121000
286,121075,376,280,396,295,386,287,121001
286,121076,527,161,552,175,539,168,121002
286,121077,528,163,553,193,540,178,121003
286,121078,620,146,639,173,629,159,121004
286,121079,40,230,54,246,47,238,121005
286,121080,91,262,106,286,98,274,121006
286,121081,348,60,363,82,355,71,
287,121082,443,0,533,73,488,36,121007
287,121083,540,247,571,273,555,260,121008
287,121084,596,234,620,262,608,248,121009
287,121085,468,183,490,221,479,202,121010
287,121086,597,127,633,170,615,148,121011
287,121087,266,1,346,49,306,25,121012
287,121088,381,121,403,156,392,138,121013
287,121089,528,71,557,96,542,83,121014
287,121090,417,113,441,145,429,129,121015
287,121091,60,165,84,185,72,175,121016
287,121092,544,207,578,231,561,219,121017
287,121093,96,166,116,198,106,182,121018
287,121094,362,47,384,67,373,57,121019
287,121095,445,84,476,110,460,97,121020
287,121096,28,232,50,256,39,244,121021
287,121097,208,316,231,345,219,330,121022
287,121098,398,274,421,295,409,284,121023
287,121099,300,52,322,84,311,68,121024
287,121100,246,52,267,78,256,65,121025
287,121101,610,0,637,21,623,10,121026
287,121102,278,290,302,311,290,300,121027
287,121103,271,75,291,105,281,90,121028
287,121104,503,25,524,56,513,40,121029
287,121105,574,69,610,96,592,82,121030
287,121106,261,178,281,210,271,194,121031
287,121107,407,12,429,33,418,22,121032
287,121108,379,12,405,41,392,26,121033
287,121109,612,48,637,75,624,61,121034
287,121110,294,225,314,253,304,239,121035
287,121111,119,90,137,114,128,102,121036
287,121112,390,32,410,59,400,45,121037
287,121113,233,84,256,106,244,95,121038
287,121114,517,306,545,324,531,315,121039
287,121115,35,121,54,142,44,131,121040
287,121116,72,130,87,155,79,142,121041
287,121117,57,98,80,122,68,110,121042
287,121118,229,50,249,73,239,61,121043
287,121119,200,13,220,33,210,23,121044
287,121120,212,24,237,45,224,34,121045
287,121121,37,158,55,176,46,167,121046
287,121122,40,88,56,114,48,101,121047
287,121123,486,255,512,277,499,266,121048
287,121124,28,274,45,298,36,286,121049
287,121125,273,11,293,37,283,24,121050
287,121126,322,2,339,21,330,11,121051
287,121127,130,0,187,23,158,11,121052
287,121128,52,17,68,53,60,35,121053
287,121129,133,0,151,12,142,6,121054
287,121130,165,0,179,4,172,2,121055
287,121131,532,27,554,42,543,34,121056
287,121132,328,245,350,266,339,255,121057
287,121133,217,0,228,8,222,4,121058
287,121134,182,83,208,104,195,93,121059
287,121135,196,56,212,83,204,69,121060
287,121136,367,252,396,273,381,262,121061
287,121137,314,127,338,153,326,140,121062
287,121138,307,98,334,121,320,109,121063
287,121139,358,64,382,93,370,78,121064
287,121140,590,308,613,331,601,319,121065
287,121141,611,323,638,338,624,330,121066
287,121142,565,351,595,359,580,355,121067
287,121143,23,208,41,229,32,218,121068
287,121144,370,311,402,330,386,320,121069
287,121145,56,232,71,254,63,243,121070
287,121146,201,275,222,294,211,284,121071
287,121147,67,20,81,40,74,30,121072
287,121148,563,0,596,12,579,6,121073
287,121149,590,336,615,356,602,346,121074
287,121150,376,280,396,295,386,287,121075
287,121151,526,162,552,174,539,168,121076
287,121152,528,166,553,193,540,179,121077
287,121153,39,230,54,247,46,238,121079
287,121154,349,59,364,80,356,69,121081
288,121155,443,0,533,73,488,36,121082
288,121156,540,247,571,274,555,260,121083
288,121157,596,234,620,262,608,248,121084
288,121158,468,183,490,221,479,202,121085
288,121159,597,127,637,171,617,149,121086
288,121160,266,1,346,49,306,25,121087
288,121161,381,121,403,156,392,138,121088
288,121162,528,71,557,96,542,83,121089
288,121163,417,113,441,145,429,129,121090
288,121164,60,165,84,185,72,175,121091
288,121165,544,207,578,231,561,219,121092
288,121166,96,166,116,198,106,182,121093
288,121167,362,47,384,67,373,57,121094
288,121168,445,84,476,110,460,97,121095
288,121169,28,231,53,256,40,243,121096
288,121170,208,316,231,345,219,330,121097
288,121171,398,274,421,294,409,284,121098
288,121172,300,52,322,84,311,68,121099
288,121173,246,52,267,78,256,65,121100
288,121174,610,0,637,21,623,10,121101
288,121175,278,290,302,311,290,300,121102
288,121176,271,75,291,105,281,90,121103
288,121177,503,26,524,56,513,41,121104
288,121178,574,69,610,96,592,82,121105
288,121179,261,178,281,210,271,194,121106
288,121180,407,12,429,33,418,22,121107
288,121181,379,12,405,41,392,26,121108
288,121182,612,48,637,76,624,62,121109
288,121183,294,225,314,253,304,239,121110
288,121184,119,90,137,114,128,102,121111
288,121185,390,32,410,59,400,45,121112
288,121186,233,84,256,106,244,95,121113
288,121187,518,307,545,324,531,315,121114
288,121188,35,121,54,142,44,131,121115
288,121189,72,130,87,155,79,142,121116
288,121190,57,98,80,122,68,110,121117
288,121191,229,50,249,73,239,61,121118
288,121192,200,13,220,33,210,23,121119
288,121193,212,24,237,45,224,34,121120
288,121194,37,158,55,176,46,167,121121
288,121195,40,88,56,114,48,101,121122
288,121196,486,255,512,277,499,266,121123
288,121197,28,274,45,298,36,286,121124
288,121198,273,11,293,37,283,24,121125
288,121199,322,2,339,21,330,11,121126
288,121200,130,0,187,23,158,11,121127
288,121201,52,17,68,53,60,35,121128
288,121202,133,0,151,12,142,6,121129
288,121203,165,0,179,5,172,2,121130
288,121204,532,27,554,42,543,34,121131
288,121205,328,245,349,266,338,255,121132
288,121206,217,0,228,8,222,4,121133
288,121207,182,83,208,104,195,93,121134
288,121208,196,56,212,83,204,69,121135
288,121209,367,251,396,272,381,261,121136
288,121210,314,127,338,153,326,140,121137
288,121211,307,98,334,121,320,109,121138
288,121212,359,66,382,93,370,79,121139
288,121213,590,308,613,331,601,319,121140
288,121214,611,323,638,338,624,330,121141
288,121215,565,351,595,359,580,355,121142
288,121216,24,208,41,229,32,218,121143
288,121217,369,311,401,330,385,320,121144
288,121218,56,232,71,254,63,243,121145
288,121219,201,275,222,294,211,284,121146
288,121220,67,20,81,40,74,30,121147
288,121221,563,0,596,12,579,6,121148
288,121222,590,336,615,356,602,346,121149
288,121223,376,280,396,295,386,287,121150
288,121224,526,162,552,173,539,167,121151
288,121225,528,168,553,193,540,180,121152
288,121226,38,230,54,248,46,239,121153
288,121227,349,59,364,79,356,69,121154
288,121228,35,230,54,253,44,241,121153
289,121229,443,0,533,73,488,36,121155
289,121230,540,247,570,274,555,260,121156
289,121231,596,234,620,262,608,248,121157
289,121232,468,183,490,221,479,202,121158
289,121233,597,127,638,171,617,149,121159
289,121234,266,1,346,49,306,25,121160
289,121235,381,121,403,156,392,138,121161
289,121236,528,71,557,96,542,83,121162
289,121237,417,113,441,145,429,129,121163
289,121238,60,165,84,185,72,175,121164
289,121239,543,207,578,231,560,219,121165
289,121240,96,166,116,198,106,182,121166
289,121241,361,47,383,67,372,57,121167
289,121242,445,83,474,108,459,95,121168
289,121243,28,232,47,256,37,244,121169
289,121244,208,316,231,344,219,330,121170
289,121245,398,274,421,294,409,284,121171
289,121246,300,52,322,84,311,68,121172
289,121247,246,52,267,78,256,65,121173
289,121248,610,0,637,21,623,10,121174
289,121249,278,290,302,311,290,300,121175
289,121250,271,75,291,105,281,90,121176
289,121251,503,26,524,56,513,41,121177
289,121252,574,69,610,96,592,82,121178
289,121253,261,178,281,210,271,194,121179
289,121254,407,12,429,33,418,22,121180
289,121255,379,12,405,41,392,26,121181
289,121256,612,48,637,75,624,61,121182
289,121257,294,225,314,253,304,239,121183
289,121258,119,90,137,114,128,102,121184
289,121259,390,32,410,59,400,45,121185
289,121260,233,84,256,106,244,95,121186
289,121261,521,307,546,324,533,315,121187
289,121262,35,121,54,142,44,131,121188
289,121263,72,130,87,155,79,142,121189
289,121264,57,98,80,122,68,110,121190
289,121265,229,50,249,73,239,61,121191
289,121266,200,13,220,33,210,23,121192
289,121267,212,24,237,45,224,34,121193
289,121268,38,158,55,176,46,167,121194
289,121269,40,88,56,114,48,101,121195
289,121270,486,255,512,277,499,266,121196
289,121271,29,274,45,298,37,286,121197
289,121272,272,11,293,36,282,23,121198
289,121273,322,2,339,21,330,11,121199
289,121274,130,0,187,23,158,11,121200
289,121275,52,17,68,53,60,35,121201
289,121276,133,0,151,12,142,6,121202
289,121277,165,0,179,5,172,2,121203
289,121278,532,27,554,41,543,34,121204
289,121279,328,245,349,266,338,255,121205
289,121280,217,0,228,8,222,4,121206
289,121281,182,83,208,103,195,93,121207
289,121282,196,56,212,83,204,69,121208
289,121283,366,251,395,271,380,261,121209
289,121284,314,127,338,153,326,140,121210
289,121285,307,98,334,120,320,109,121211
289,121286,360,63,382,93,371,78,121212
289,121287,590,308,613,331,601,319,121213
289,121288,611,323,638,338,624,330,121214
289,121289,565,351,595,359,580,355,121215
289,121290,24,208,41,230,32,219,121216
289,121291,368,311,400,331,384,321,121217
289,121292,55,231,72,254,63,242,121218
289,121293,201,275,222,294,211,284,121219
289,121294,67,20,81,40,74,30,121220
289,121295,563,0,595,12,579,6,121221
289,121296,589,336,615,355,602,345,121222
289,121297,377,280,396,295,386,287,121223
289,121298,526,162,552,173,539,167,121224
289,121299,528,168,553,193,540,180,121225
289,121300,39,230,54,246,46,238,121226
289,121301,348,59,365,77,356,68,121227
290,121302,443,0,533,73,488,36,121229
290,121303,540,247,570,273,555,260,121230
290,121304,596,234,620,262,608,248,121231
290,121305,468,183,490,221,479,202,121232
290,121306,597,127,638,170,617,148,121233
290,121307,266,1,346,49,306,25,121234
290,121308,381,121,402,156,391,138,121235
290,121309,528,71,557,96,542,83,121236
290,121310,417,113,441,145,429,129,121237
290,121311,60,165,84,185,72,175,121238
290,121312,543,207,578,231,560,219,121239
290,121313,96,166,116,198,106,182,121240
290,121314,361,46,383,67,372,56,121241
290,121315,445,83,473,106,459,94,121242
290,121316,28,231,52,256,40,243,121243
290,121317,208,316,231,344,219,330,121244
290,121318,398,275,421,295,409,285,121245
290,121319,300,52,322,84,311,68,121246
290,121320,245,52,267,78,256,65,121247
290,121321,610,0,637,21,623,10,121248
290,121322,278,290,302,311,290,300,121249
290,121323,271,75,291,105,281,90,121250
290,121324,503,26,525,56,514,41,121251
290,121325,574,69,610,96,592,82,121252
290,121326,261,178,281,210,271,194,121253
290,121327,407,12,429,32,418,22,121254
290,121328,379,12,405,41,392,26,121255
290,121329,612,48,637,75,624,61,121256
290,121330,293,226,314,253,303,239,121257
290,121331,119,90,137,114,128,102,121258
290,121332,390,32,410,59,400,45,121259
290,121333,233,84,256,106,244,95,121260
290,121334,524,307,548,324,536,315,121261
290,121335,35,121,54,142,44,131,121262
290,121336,72,130,87,155,79,142,121263
290,121337,57,98,80,122,68,110,121264
290,121338,229,50,249,73,239,61,121265
290,121339,200,13,220,33,210,23,121266
290,121340,212,24,237,45,224,34,121267
290,121341,38,158,55,176,46,167,121268
290,121342,40,88,56,114,48,101,121269
290,121343,486,255,512,277,499,266,121270
290,121344,29,274,45,298,37,286,121271
290,121345,272,10,292,37,282,23,121272
290,121346,322,2,339,21,330,11,121273
290,121347,130,0,187,23,158,11,121274
290,121348,52,17,67,53,59,35,121275
290,121349,133,0,151,12,142,6,121276
290,121350,165,0,179,5,172,2,121277
290,121351,532,27,554,41,543,34,121278
290,121352,328,245,349,266,338,255,121279
290,121353,217,0,228,8,222,4,121280
290,121354,182,83,208,103,195,93,121281
290,121355,196,56,212,83,204,69,121282
290,121356,366,250,395,270,380,260,121283
290,121357,314,127,338,153,326,140,121284
290,121358,307,98,334,120,320,109,121285
290,121359,360,62,382,93,371,77,121286
290,121360,591,308,613,331,602,319,121287
290,121361,611,323,638,338,624,330,121288
290,121362,565,351,595,359,580,355,121289
290,121363,25,209,41,233,33,221,121290
290,121364,368,311,399,331,383,321,121291
290,121365,55,231,73,253,64,242,121292
290,121366,201,275,222,294,211,284,121293
290,121367,67,20,81,40,74,30,121294
290,121368,562,0,594,12,578,6,121295
290,121369,589,336,614,356,601,346,121296
290,121370,377,280,396,296,386,288,121297
290,121371,528,164,553,193,540,178,121299
290,121372,40,230,54,247,47,238,121300
290,121373,348,58,372,76,360,67,121301
290,121374,526,161,553,183,539,172,
291,121375,443,0,532,73,487,36,121302
291,121376,540,247,570,274,555,260,121303
291,121377,596,234,620,262,608,248,121304
291,121378,468,183,490,221,479,202,121305
291,121379,597,127,637,168,617,147,121306
291,121380,266,1,346,49,306,25,121307
291,121381,381,121,402,156,391,138,121308
291,121382,528,71,557,96,542,83,121309
291,121383,417,113,441,145,429,129,121310
291,121384,60,165,84,185,72,175,121311
291,121385,543,207,578,231,560,219,121312
291,121386,96,166,116,198,106,182,121313
291,121387,361,46,383,66,372,56,121314
291,121388,443,81,471,105,457,93,121315
291,121389,28,231,54,257,41,244,121316
291,121390,208,316,231,344,219,330,121317
291,121391,398,275,421,295,409,285,121318
291,121392,300,53,322,84,311,68,121319
291,121393,246,52,267,78,256,65,121320
291,121394,610,0,637,21,623,10,121321
291,121395,278,290,302,311,290,300,121322
291,121396,271,75,291,105,281,90,121323
291,121397,503,26,525,56,514,41,121324
291,121398,574,69,609,96,591,82,121325
291,121399,261,178,281,210,271,194,121326
291,121400,407,12,429,32,418,22,121327
291,121401,379,12,405,41,392,26,121328
291,121402,612,48,637,75,624,61,121329
291,121403,293,226,314,253,303,239,121330
291,121404,119,90,137,114,128,102,121331
291,121405,390,32,410,59,400,45,121332
291,121406,233,84,256,106,244,95,121333
291,121407,526,307,550,324,538,315,121334
291,121408,35,121,54,142,44,131,121335
291,121409,72,130,87,155,79,142,121336
291,121410,57,98,80,122,68,110,121337
291,121411,228,50,250,73,239,61,121338
291,121412,200,13,220,33,210,23,121339
291,121413,212,24,237,45,224,34,121340
291,121414,38,158,55,176,46,167,121341
291,121415,40,88,56,114,48,101,121342
291,121416,486,255,512,277,499,266,121343
291,121417,29,273,46,298,37,285,121344
291,121418,273,10,293,37,283,23,121345
291,121419,322,2,339,21,330,11,121346
291,121420,130,0,187,23,158,11,121347
291,121421,52,17,67,53,59,35,121348
291,121422,133,0,151,12,142,6,121349
291,121423,165,0,179,5,172,2,121350
291,121424,531,27,554,41,542,34,121351
291,121425,328,245,350,266,339,255,121352
291,121426,217,0,228,8,222,4,121353
291,121427,182,83,208,103,195,93,121354
291,121428,196,56,212,83,204,69,121355
291,121429,366,249,394,269,380,259,121356
291,121430,314,127,338,153,326,140,121357
291,121431,307,98,334,120,320,109,121358
291,121432,361,64,382,93,371,78,121359
291,121433,591,308,613,331,602,319,121360
291,121434,611,323,638,338,624,330,121361
291,121435,565,351,594,359,579,355,121362
291,121436,25,210,41,235,33,222,121363
291,121437,366,311,397,330,381,320,121364
291,121438,56,230,74,252,65,241,121365
291,121439,201,275,222,294,211,284,121366
291,121440,67,20,81,40,74,30,121367
291,121441,562,0,593,12,577,6,121368
291,121442,588,336,613,357,600,346,121369
291,121443,377,280,396,296,386,288,121370
291,121444,527,162,553,192,540,177,121371
291,121445,348,58,370,76,359,67,121373
291,121446,351,294,379,314,365,304,
291,121447,585,10,607,22,596,16,
291,121448,92,271,109,289,100,280,
292,121449,443,0,532,73,487,36,121375
292,121450,540,247,570,274,555,260,121376
292,121451,596,234,620,262,608,248,121377
292,121452,468,183,490,221,479,202,121378
292,121453,597,126,635,166,616,146,121379
292,121454,267,1,346,49,306,25,121380
292,121455,381,121,402,156,391,138,121381
292,121456,528,71,557,96,542,83,121382
292,121457,417,113,441,145,429,129,121383
292,121458,60,165,84,185,72,175,121384
292,121459,543,207,578,231,560,219,121385
292,121460,96,166,116,198,106,182,121386
292,121461,361,45,383,67,372,56,121387
292,121462,440,79,470,105,455,92,121388
292,121463,28,231,54,256,41,243,121389
292,121464,208,316,231,344,219,330,121390
292,121465,398,276,421,295,409,285,121391
292,121466,300,53,322,84,311,68,121392
292,121467,246,52,267,78,256,65,121393
292,121468,610,0,637,21,623,10,121394
292,121469,278,290,302,311,290,300,121395
292,121470,271,75,291,105,281,90,121396
292,121471,503,26,525,56,514,41,121397
292,121472,574,69,609,96,591,82,121398
292,121473,261,178,281,210,271,194,121399
292,121474,408,12,429,31,418,21,121400
292,121475,379,12,405,41,392,26,121401
292,121476,612,48,637,75,624,61,121402
292,121477,293,226,314,253,303,239,121403
292,121478,119,90,137,114,128,102,121404
292,121479,390,32,410,59,400,45,121405
292,121480,233,84,256,106,244,95,121406
292,121481,527,307,551,325,539,316,121407
292,121482,35,121,54,142,44,131,121408
292,121483,72,130,87,155,79,142,121409
292,121484,57,98,80,122,68,110,121410
292,121485,228,50,250,73,239,61,121411
292,121486,200,13,220,33,210,23,121412
292,121487,212,24,237,45,224,34,121413
292,121488,38,158,55,177,46,167,121414
292,121489,40,88,56,114,48,101,121415
292,121490,486,255,512,277,499,266,121416
292,121491,29,273,47,298,38,285,121417
292,121492,273,10,293,37,283,23,121418
292,121493,322,2,339,21,330,11,121419
292,121494,130,0,187,23,158,11,121420
292,121495,52,17,67,53,59,35,121421
292,121496,133,0,151,12,142,6,121422
292,121497,165,0,179,5,172,2,121423
292,121498,531,27,554,41,542,34,121424
292,121499,328,245,350,266,339,255,121425
292,121500,217,0,228,8,222,4,121426
292,121501,182,83,208,104,195,93,121427
292,121502,196,56,212,83,204,69,121428
292,121503,365,249,394,269,379,259,121429
292,121504,314,127,338,153,326,140,121430
292,121505,307,98,334,121,320,109,121431
292,121506,361,65,382,93,371,79,121432
292,121507,591,308,613,331,602,319,121433
292,121508,611,323,638,338,624,330,121434
292,121509,566,351,594,359,580,355,121435
292,121510,26,211,41,235,33,223,121436
292,121511,363,310,394,329,378,319,121437
292,121512,57,227,74,251,65,239,121438
292,121513,201,275,222,294,211,284,121439
292,121514,67,20,81,40,74,30,121440
292,121515,562,0,593,13,577,6,121441
292,121516,588,337,613,357,600,347,121442
292,121517,377,280,396,296,386,288,121443
292,121518,527,162,553,192,540,177,121444
292,121519,348,58,368,76,358,67,121445
292,121520,585,10,607,22,596,16,121447
292,121521,94,272,110,289,102,280,121448
293,121522,443,0,532,73,487,36,121449
293,121523,540,247,570,274,555,260,121450
293,121524,596,234,620,262,608,248,121451
293,121525,468,183,490,221,479,202,121452
293,121526,597,127,634,165,615,146,121453
293,121527,267,1,346,49,306,25,121454
293,121528,381,121,402,156,391,138,121455
293,121529,528,71,557,96,542,83,121456
293,121530,417,113,441,145,429,129,121457
293,121531,60,165,84,185,72,175,121458
293,121532,543,207,578,231,560,219,121459
293,121533,96,166,116,198,106,182,121460
293,121534,361,45,382,66,371,55,121461
293,121535,437,77,467,104,452,90,121462
293,121536,28,231,55,256,41,243,121463
293,121537,208,316,231,344,219,330,121464
293,121538,398,276,421,295,409,285,121465
293,121539,300,53,322,84,311,68,121466
293,121540,246,52,267,78,256,65,121467
293,121541,610,0,637,21,623,10,121468
293,121542,278,290,302,311,290,300,121469
293,121543,271,75,291,105,281,90,121470
293,121544,503,26,525,56,514,41,121471
293,121545,574,69,609,96,591,82,121472
293,121546,261,178,281,210,271,194,121473
293,121547,407,13,430,31,418,22,121474
293,121548,379,12,405,41,392,26,121475
293,121549,612,48,637,75,624,61,121476
293,121550,293,226,314,253,303,239,121477
293,121551,119,90,137,114,128,102,121478
293,121552,390,32,410,58,400,45,121479
293,121553,233,84,256,106,244,95,121480
293,121554,529,307,553,325,541,316,121481
293,121555,35,121,54,142,44,131,121482
293,121556,72,130,87,155,79,142,121483
293,121557,57,98,80,122,68,110,121484
293,121558,228,50,250,73,239,61,121485
293,121559,200,13,220,33,210,23,121486
293,121560,212,24,237,45,224,34,121487
293,121561,38,158,55,177,46,167,121488
293,121562,40,88,56,114,48,101,121489
293,121563,486,255,512,277,499,266,121490
293,121564,29,273,47,298,38,285,121491
293,121565,274,9,294,37,284,23,121492
293,121566,322,2,339,21,330,11,121493
293,121567,130,0,187,23,158,11,121494
293,121568,52,17,67,53,59,35,121495
293,121569,133,0,151,12,142,6,121496
293,121570,165,0,178,5,171,2,121497
293,121571,531,27,554,41,542,34,121498
293,121572,328,245,350,266,339,255,121499
293,121573,217,0,228,8,222,4,121500
293,121574,182,83,208,104,195,93,121501
293,121575,196,56,212,83,204,69,121502
293,121576,365,249,393,268,379,258,121503
293,121577,314,127,338,153,326,140,121504
293,121578,307,98,334,120,320,109,121505
293,121579,362,65,382,93,372,79,121506
293,121580,590,308,613,332,601,320,121507
293,121581,611,323,638,338,624,330,121508
293,121582,566,351,595,359,580,355,121509
293,121583,26,213,41,236,33,224,121510
293,121584,359,309,391,328,375,318,121511
293,121585,57,225,75,250,66,237,121512
293,121586,201,275,222,294,211,284,121513
293,121587,67,20,81,40,74,30,121514
293,121588,562,0,592,13,577,6,121515
293,121589,587,337,613,357,600,347,121516
293,121590,377,280,396,296,386,288,121517
293,121591,528,162,553,192,540,177,121518
293,121592,347,58,367,77,357,67,121519
293,121593,585,10,607,22,596,16,121520
293,121594,94,273,111,290,102,281,121521
293,121595,35,230,54,254,44,242,121463
293,121596,527,162,553,182,540,172,121518
294,121597,443,0,532,73,487,36,121522
294,121598,540,247,570,274,555,260,121523
294,121599,596,234,620,262,608,248,121524
294,121600,468,183,490,221,479,202,121525
294,121601,597,127,634,165,615,146,121526
294,121602,267,1,346,49,306,25,121527
294,121603,381,121,403,156,392,138,121528
294,121604,528,71,557,96,542,83,121529
294,121605,417,113,441,145,429,129,121530
294,121606,60,165,84,185,72,175,121531
294,121607,543,207,578,231,560,219,121532
294,121608,96,166,116,198,106,182,121533
294,121609,360,45,382,66,371,55,121534
294,121610,435,77,466,103,450,90,121535
294,121611,28,231,55,256,41,243,121536
294,121612,208,316,231,344,219,330,121537
294,121613,398,276,421,295,409,285,121538
294,121614,300,53,322,84,311,68,121539
294,121615,245,52,268,78,256,65,121540
294,121616,610,0,637,21,623,10,121541
294,121617,278,290,302,311,290,300,121542
294,121618,271,75,291,105,281,90,121543
294,121619,503,26,525,56,514,41,121544
294,121620,574,69,610,96,592,82,121545
294,121621,261,178,281,210,271,194,121546
294,121622,407,13,430,30,418,21,121547
294,121623,379,12,405,41,392,26,121548
294,121624,612,48,637,75,624,61,121549
294,121625,293,226,314,253,303,239,121550
294,121626,119,90,137,114,128,102,121551
294,121627,390,32,410,58,400,45,121552
294,121628,233,84,256,106,244,95,121553
294,121629,529,307,553,325,541,316,121554
294,121630,35,121,54,142,44,131,121555
294,121631,72,130,87,155,79,142,121556
294,121632,57,98,80,122,68,110,121557
294,121633,228,50,250,73,239,61,121558
294,121634,200,13,220,33,210,23,121559
294,121635,212,24,237,45,224,34,121560
294,121636,37,158,55,177,46,167,121561
294,121637,40,88,56,114,48,101,121562
294,121638,486,255,512,277,499,266,121563
294,121639,29,273,47,298,38,285,121564
294,121640,274,9,294,37,284,23,121565
294,121641,322,2,339,21,330,11,121566
294,121642,130,0,187,23,158,11,121567
294,121643,52,17,67,53,59,35,121568
294,121644,133,0,151,12,142,6,121569
294,121645,165,0,178,5,171,2,121570
294,121646,531,27,554,41,542,34,121571
294,121647,328,245,350,266,339,255,121572
294,121648,217,0,228,8,222,4,121573
294,121649,182,83,208,104,195,93,121574
294,121650,196,56,212,83,204,69,121575
294,121651,365,249,392,268,378,258,121576
294,121652,314,127,338,153,326,140,121577
294,121653,307,98,334,120,320,109,121578
294,121654,362,65,382,93,372,79,121579
294,121655,590,308,613,332,601,320,121580
294,121656,611,323,638,338,624,330,121581
294,121657,566,351,595,359,580,355,121582
294,121658,26,213,41,237,33,225,121583
294,121659,357,309,390,328,373,318,121584
294,121660,57,224,75,250,66,237,121585
294,121661,201,275,222,294,211,284,121586
294,121662,67,20,81,40,74,30,121587
294,121663,562,0,592,13,577,6,121588
294,121664,587,337,613,357,600,347,121589
294,121665,377,280,396,296,386,288,121590
294,121666,528,162,553,193,540,177,121591
294,121667,347,59,366,78,356,68,121592
294,121668,585,10,607,22,596,16,121593
294,121669,95,273,111,291,103,282,121594
294,121670,35,230,54,254,44,242,121536
294,121671,527,162,553,182,540,172,121591
295,121672,443,0,532,73,487,36,121597
295,121673,540,247,570,274,555,260,121598
295,121674,596,234,620,262,608,248,121599
295,121675,468,183,490,222,479,202,121600
295,121676,597,126,626,165,611,145,121601
295,121677,267,1,346,49,306,25,121602
295,121678,381,121,403,156,392,138,121603
295,121679,528,71,557,96,542,83,121604
295,121680,417,113,441,145,429,129,121605
295,121681,60,165,84,185,72,175,121606
295,121682,544,207,578,231,561,219,121607
295,121683,96,166,116,198,106,182,121608
295,121684,361,45,382,66,371,55,121609
295,121685,434,76,463,103,448,89,121610
295,121686,28,232,54,256,41,244,121611
295,121687,208,316,231,344,219,330,121612
295,121688,398,276,421,295,409,285,121613
295,121689,300,53,322,84,311,68,121614
295,121690,245,52,267,78,256,65,121615
295,121691,610,0,637,21,623,10,121616
295,121692,278,290,302,311,290,300,121617
295,121693,271,75,291,105,281,90,121618
295,121694,503,26,525,56,514,41,121619
295,121695,574,69,610,96,592,82,121620
295,121696,261,178,281,210,271,194,121621
295,121697,407,13,430,30,418,21,121622
295,121698,379,12,405,41,392,26,121623
295,121699,612,48,637,75,624,61,121624
295,121700,293,226,314,253,303,239,121625
295,121701,119,90,137,114,128,102,121626
295,121702,390,32,410,58,400,45,121627
295,121703,232,84,256,106,244,95,121628
295,121704,530,307,554,325,542,316,121629
295,121705,35,121,54,142,44,131,121630
295,121706,72,130,87,155,79,142,121631
295,121707,57,98,80,122,68,110,121632
295,121708,229,50,250,73,239,61,121633
295,121709,200,13,220,33,210,23,121634
295,121710,212,24,237,45,224,34,121635
295,121711,38,158,55,177,46,167,121636
295,121712,40,88,56,114,48,101,121637
295,121713,486,255,512,277,499,266,121638
295,121714,29,273,47,298,38,285,121639
295,121715,275,9,293,37,284,23,121640
295,121716,322,2,339,21,330,11,121641
295,121717,130,0,187,23,158,11,121642
295,121718,52,17,67,53,59,35,121643
295,121719,133,0,151,12,142,6,121644
295,121720,165,0,179,5,172,2,121645
295,121721,531,27,554,41,542,34,121646
295,121722,328,245,349,266,338,255,121647
295,121723,217,0,228,8,222,4,121648
295,121724,182,83,208,104,195,93,121649
295,121725,196,56,212,83,204,69,121650
295,121726,364,250,392,268,378,259,121651
295,121727,314,127,338,153,326,140,121652
295,121728,307,98,334,120,320,109,121653
295,121729,362,65,382,93,372,79,121654
295,121730,590,308,613,332,601,320,121655
295,121731,611,323,638,338,624,330,121656
295,121732,566,351,595,359,580,355,121657
295,121733,26,214,41,238,33,226,121658
295,121734,355,308,388,327,371,317,121659
295,121735,58,222,74,249,66,235,121660
295,121736,201,275,222,294,211,284,121661
295,121737,67,20,81,40,74,30,121662
295,121738,562,0,592,13,577,6,121663
295,121739,587,337,613,357,600,347,121664
295,121740,377,280,396,296,386,288,121665
295,121741,528,162,553,192,540,177,121666
295,121742,347,59,366,78,356,68,121667
295,121743,585,10,607,22,596,16,121668
295,121744,95,273,113,292,104,282,121669
295,121745,527,161,553,180,540,170,121666
295,121746,611,127,633,160,622,143,121601
295,121747,527,161,552,173,539,167,121671
295,121748,39,230,54,248,46,239,121670
296,121749,443,0,532,73,487,36,121672
296,121750,540,247,570,274,555,260,121673
296,121751,596,234,620,262,608,248,121674
296,121752,468,183,490,223,479,203,121675
296,121753,597,126,622,165,609,145,121676
296,121754,267,1,346,49,306,25,121677
296,121755,381,121,403,156,392,138,121678
296,121756,528,71,557,96,542,83,121679
296,121757,417,113,441,145,429,129,121680
296,121758,60,165,84,185,72,175,121681
296,121759,544,207,578,231,561,219,121682
296,121760,96,166,116,198,106,182,121683
296,121761,361,45,382,66,371,55,121684
296,121762,434,75,461,102,447,88,121685
296,121763,28,231,55,256,41,243,121686
296,121764,208,316,231,344,219,330,121687
296,121765,398,276,421,295,409,285,121688
296,121766,300,52,322,84,311,68,121689
296,121767,246,52,267,78,256,65,121690
296,121768,610,0,637,21,623,10,121691
296,121769,278,290,302,311,290,300,121692
296,121770,271,75,291,105,281,90,121693
296,121771,503,26,525,56,514,41,121694
296,121772,574,69,610,96,592,82,121695
296,121773,261,178,281,210,271,194,121696
296,121774,407,12,429,29,418,20,121697
296,121775,379,12,405,41,392,26,121698
296,121776,612,48,637,75,624,61,121699
296,121777,293,226,314,253,303,239,121700
296,121778,119,90,137,114,128,102,121701
296,121779,390,32,410,58,400,45,121702
296,121780,232,84,256,106,244,95,121703
296,121781,530,306,555,325,542,315,121704
296,121782,35,121,54,142,44,131,121705
296,121783,72,130,87,155,79,142,121706
296,121784,57,98,80,122,68,110,121707
296,121785,229,50,250,73,239,61,121708
296,121786,200,13,220,33,210,23,121709
296,121787,212,24,237,45,224,34,121710
296,121788,38,158,55,177,46,167,121711
296,121789,40,88,56,114,48,101,121712
296,121790,486,255,512,277,499,266,121713
296,121791,29,273,46,298,37,285,121714
296,121792,275,9,293,37,284,23,121715
296,121793,322,2,339,21,330,11,121716
296,121794,130,0,187,23,158,11,121717
296,121795,52,17,67,53,59,35,121718
296,121796,133,0,151,12,142,6,121719
296,121797,165,0,179,5,172,2,121720
296,121798,531,27,555,41,543,34,121721
296,121799,328,245,349,266,338,255,121722
296,121800,217,0,228,8,222,4,121723
296,121801,182,83,208,104,195,93,121724
296,121802,196,56,212,83,204,69,121725
296,121803,362,250,391,269,376,259,121726
296,121804,314,127,338,153,326,140,121727
296,121805,307,98,334,120,320,109,121728
296,121806,362,64,382,93,372,78,121729
296,121807,591,308,613,332,602,320,121730
296,121808,611,323,638,337,624,330,121731
296,121809,566,351,595,359,580,355,121732
296,121810,26,215,42,238,34,226,121733
296,121811,353,307,386,326,369,316,121734
296,121812,58,222,75,249,66,235,121735
296,121813,201,275,222,294,211,284,121736
296,121814,67,20,81,40,74,30,121737
296,121815,562,0,592,13,577,6,121738
296,121816,587,337,613,357,600,347,121739
296,121817,377,280,396,296,386,288,121740
296,121818,528,162,553,192,540,177,121741
296,121819,347,59,366,79,356,69,121742
296,121820,585,10,606,22,595,16,121743
296,121821,95,274,112,295,103,284,121744
296,121822,611,123,633,157,622,140,121746
296,121823,37,230,54,253,45,241,121686
297,121824,443,0,532,73,487,36,121749
297,121825,540,247,570,274,555,260,121750
297,121826,596,234,620,262,608,248,121751
297,121827,468,183,490,223,479,203,121752
297,121828,597,127,622,165,609,146,121753
297,121829,267,1,346,49,306,25,121754
297,121830,381,121,403,156,392,138,121755
297,121831,528,71,557,96,542,83,121756
297,121832,417,113,441,145,429,129,121757
297,121833,60,165,84,185,72,175,121758
297,121834,544,207,578,231,561,219,121759
297,121835,96,166,116,198,106,182,121760
297,121836,361,45,382,66,371,55,121761
297,121837,434,74,459,100,446,87,121762
297,121838,27,232,52,256,39,244,121763
297,121839,208,316,231,344,219,330,121764
297,121840,398,276,421,295,409,285,121765
297,121841,300,52,322,84,311,68,121766
297,121842,246,52,267,78,256,65,121767
297,121843,610,0,637,21,623,10,121768
297,121844,278,290,302,311,290,300,121769
297,121845,271,75,291,105,281,90,121770
297,121846,503,26,524,56,513,41,121771
297,121847,574,69,610,96,592,82,121772
297,121848,261,178,281,210,271,194,121773
297,121849,407,12,429,29,418,20,121774
297,121850,379,12,405,41,392,26,121775
297,121851,612,48,637,75,624,61,121776
297,121852,293,226,314,253,303,239,121777
297,121853,119,90,137,114,128,102,121778
297,121854,390,32,410,58,400,45,121779
297,121855,232,84,256,106,244,95,121780
297,121856,531,306,556,325,543,315,121781
297,121857,35,121,54,142,44,131,121782
297,121858,72,130,87,155,79,142,121783
297,121859,57,98,80,122,68,110,121784
297,121860,229,50,250,73,239,61,121785
297,121861,200,13,220,33,210,23,121786
297,121862,212,24,237,45,224,34,121787
297,121863,38,158,55,177,46,167,121788
297,121864,40,88,56,114,48,101,121789
297,121865,486,255,512,277,499,266,121790
297,121866,29,273,45,298,37,285,121791
297,121867,275,8,293,36,284,22,121792
297,121868,322,2,339,21,330,11,121793
297,121869,130,0,187,23,158,11,121794
297,121870,52,17,67,53,59,35,121795
297,121871,133,0,151,12,142,6,121796
297,121872,165,0,179,5,172,2,121797
297,121873,531,26,555,41,543,33,121798
297,121874,328,245,350,266,339,255,121799
297,121875,217,0,228,8,222,4,121800
297,121876,182,83,208,104,195,93,121801
297,121877,196,56,212,83,204,69,121802
297,121878,360,251,390,269,375,260,121803
297,121879,314,127,338,153,326,140,121804
297,121880,307,98,334,120,320,109,121805
297,121881,362,64,382,93,372,78,121806
297,121882,591,308,613,331,602,319,121807
297,121883,611,323,638,337,624,330,121808
297,121884,566,351,595,359,580,355,121809
297,121885,25,215,42,237,33,226,121810
297,121886,353,306,384,326,368,316,121811
297,121887,58,221,75,248,66,234,121812
297,121888,201,275,222,294,211,284,121813
297,121889,67,20,81,40,74,30,121814
297,121890,562,0,592,13,577,6,121815
297,121891,588,337,613,357,600,347,121816
297,121892,377,280,396,296,386,288,121817
297,121893,529,162,553,192,541,177,121818
297,121894,347,60,365,79,356,69,121819
297,121895,585,10,606,22,595,16,121820
297,121896,96,274,112,297,104,285,121821
297,121897,612,120,633,155,622,137,121822
297,121898,527,162,553,181,540,171,121818
297,121899,40,230,54,246,47,238,121823
298,121900,443,0,532,73,487,36,121824
298,121901,540,247,570,274,555,260,121825
298,121902,596,234,620,262,608,248,121826
298,121903,468,183,490,223,479,203,121827
298,121904,597,127,622,165,609,146,121828
298,121905,267,1,346,49,306,25,121829
298,121906,381,121,403,156,392,138,121830
298,121907,528,71,557,96,542,83,121831
298,121908,417,113,441,145,429,129,121832
298,121909,60,165,84,185,72,175,121833
298,121910,544,207,578,231,561,219,121834
298,121911,96,166,116,198,106,182,121835
298,121912,361,45,382,66,371,55,121836
298,121913,433,73,459,99,446,86,121837
298,121914,27,233,47,256,37,244,121838
298,121915,208,316,231,344,219,330,121839
298,121916,397,276,421,295,409,285,121840
298,121917,300,52,322,84,311,68,121841
298,121918,246,52,267,78,256,65,121842
298,121919,610,0,637,21,623,10,121843
298,121920,278,290,302,311,290,300,121844
298,121921,271,75,291,105,281,90,121845
298,121922,503,26,524,56,513,41,121846
298,121923,574,69,610,96,592,82,121847
298,121924,261,177,281,210,271,193,121848
298,121925,406,12,429,29,417,20,121849
298,121926,379,12,405,41,392,26,121850
298,121927,612,48,637,75,624,61,121851
298,121928,293,226,314,253,303,239,121852
298,121929,119,90,137,114,128,102,121853
298,121930,390,32,410,58,400,45,121854
298,121931,232,84,256,106,244,95,121855
298,121932,531,306,556,325,543,315,121856
298,121933,35,121,54,142,44,131,121857
298,121934,72,130,87,155,79,142,121858
298,121935,57,98,80,122,68,110,121859
298,121936,229,50,250,73,239,61,121860
298,121937,200,13,220,33,210,23,121861
298,121938,212,24,237,45,224,34,121862
298,121939,38,158,55,177,46,167,121863
298,121940,40,88,56,114,48,101,121864
298,121941,486,255,512,277,499,266,121865
298,121942,29,273,43,298,36,285,121866
298,121943,275,8,293,36,284,22,121867
298,121944,322,2,339,21,330,11,121868
298,121945,130,0,187,23,158,11,121869
298,121946,52,17,67,53,59,35,121870
298,121947,133,0,151,12,142,6,121871
298,121948,165,0,179,5,172,2,121872
298,121949,531,26,555,41,543,33,121873
298,121950,328,245,350,266,339,255,121874
298,121951,217,0,228,8,222,4,121875
298,121952,182,83,208,104,195,93,121876
298,121953,196,56,212,83,204,69,121877
298,121954,359,251,389,270,374,260,121878
298,121955,314,127,338,153,326,140,121879
298,121956,307,98,334,120,320,109,121880
298,121957,362,64,382,93,372,78,121881
298,121958,590,308,613,331,601,319,121882
298,121959,611,323,638,337,624,330,121883
298,121960,566,351,596,359,581,355,121884
298,121961,25,216,42,237,33,226,121885
298,121962,352,306,382,325,367,315,121886
298,121963,58,221,75,247,66,234,121887
298,121964,201,275,222,294,211,284,121888
298,121965,67,20,81,40,74,30,121889
298,121966,562,0,593,13,577,6,121890
298,121967,588,337,614,357,601,347,121891
298,121968,377,280,396,296,386,288,121892
298,121969,529,162,553,192,541,177,121893
298,121970,347,60,365,79,356,69,121894
298,121971,585,10,606,21,595,15,121895
298,121972,96,275,112,299,104,287,121896
298,121973,612,118,633,153,622,135,121897
298,121974,528,162,553,180,540,171,121893
298,121975,40,230,54,246,47,238,121899
299,121976,443,0,532,73,487,36,121900
299,121977,540,247,570,274,555,260,121901
299,121978,596,234,620,262,608,248,121902
299,121979,468,183,490,223,479,203,121903
299,121980,597,127,622,165,609,146,121904
299,121981,267,1,346,49,306,25,121905
299,121982,381,121,403,156,392,138,121906
299,121983,528,71,557,96,542,83,121907
299,121984,416,113,441,145,428,129,121908
299,121985,60,165,84,185,72,175,121909
299,121986,544,207,578,231,561,219,121910
299,121987,96,166,116,198,106,182,121911
299,121988,361,44,383,66,372,55,121912
299,121989,431,69,459,97,445,83,121913
299,121990,26,233,43,256,34,244,121914
299,121991,208,316,231,344,219,330,121915
299,121992,397,276,421,295,409,285,121916
299,121993,300,52,322,84,311,68,121917
299,121994,246,52,267,78,256,65,121918
299,121995,610,0,637,21,623,10,121919
299,121996,278,290,302,311,290,300,121920
299,121997,271,75,291,105,281,90,121921
299,121998,503,26,524,56,513,41,121922
299,121999,574,69,610,96,592,82,121923
299,122000,261,177,281,210,271,193,121924
299,122001,406,12,429,29,417,20,121925
299,122002,379,12,405,41,392,26,121926
299,122003,612,48,637,75,624,61,121927
299,122004,293,226,314,253,303,239,121928
299,122005,119,89,137,114,128,101,121929
299,122006,390,32,410,58,400,45,121930
299,122007,233,84,256,106,244,95,121931
299,122008,531,306,556,325,543,315,121932
299,122009,35,121,54,142,44,131,121933
299,122010,72,130,87,155,79,142,121934
299,122011,57,98,80,122,68,110,121935
299,122012,229,50,250,73,239,61,121936
299,122013,200,13,220,33,210,23,121937
299,122014,212,24,237,45,224,34,121938
299,122015,38,158,56,177,47,167,121939
299,122016,40,88,56,114,48,101,121940
299,122017,486,255,512,277,499,266,121941
299,122018,29,273,42,298,35,285,121942
299,122019,275,8,293,36,284,22,121943
299,122020,322,2,339,21,330,11,121944
299,122021,130,0,187,23,158,11,121945
299,122022,52,17,67,53,59,35,121946
299,122023,133,0,151,12,142,6,121947
299,122024,165,0,179,5,172,2,121948
299,122025,531,26,555,41,543,33,121949
299,122026,328,245,350,266,339,255,121950
299,122027,217,0,228,8,222,4,121951
299,122028,182,83,208,103,195,93,121952
299,122029,196,56,212,83,204,69,121953
299,122030,359,252,387,271,373,261,121954
299,122031,314,127,338,153,326,140,121955
299,122032,307,98,334,120,320,109,121956
299,122033,362,64,382,93,372,78,121957
299,122034,590,308,613,330,601,319,121958
299,122035,611,323,638,337,624,330,121959
299,122036,566,351,596,359,581,355,121960
299,122037,351,304,380,325,365,314,121962
299,122038,59,221,75,246,67,233,121963
299,122039,201,275,222,294,211,284,121964
299,122040,67,20,81,40,74,30,121965
299,122041,562,0,593,12,577,6,121966
299,122042,589,337,614,358,601,347,121967
299,122043,377,280,396,296,386,288,121968
299,122044,529,162,553,192,541,177,121969
299,122045,347,60,365,80,356,70,121970
299,122046,585,10,606,22,595,16,121971
299,122047,97,276,113,300,105,288,121972
299,122048,613,116,633,151,623,133,121973
299,122049,528,162,552,182,540,172,121969
299,122050,39,230,54,245,46,237,121975
300,122051,443,0,532,73,487,36,121976
300,122052,540,247,570,274,555,260,121977
300,122053,596,234,620,262,608,248,121978
300,122054,468,183,490,223,479,203,121979
300,122055,597,127,622,165,609,146,121980
300,122056,267,1,346,49,306,25,121981
300,122057,381,121,403,156,392,138,121982
300,122058,528,71,557,96,542,83,121983
300,122059,416,113,441,145,428,129,121984
300,122060,60,165,84,185,72,175,121985
300,122061,543,207,578,231,560,219,121986
300,122062,96,166,116,198,106,182,121987
300,122063,362,44,383,66,372,55,121988
300,122064,431,68,459,97,445,82,121989
300,122065,26,234,42,257,34,245,121990
300,122066,208,316,231,344,219,330,121991
300,122067,397,276,421,295,409,285,121992
300,122068,300,52,322,84,311,68,121993
300,122069,246,52,267,78,256,65,121994
300,122070,610,0,637,21,623,10,121995
300,122071,278,290,302,311,290,300,121996
300,122072,271,75,291,105,281,90,121997
300,122073,503,26,524,56,513,41,121998
300,122074,574,69,610,96,592,82,121999
300,122075,261,177,281,210,271,193,122000
300,122076,406,12,429,29,417,20,122001
300,122077,379,12,405,41,392,26,122002
300,122078,612,48,637,75,624,61,122003
300,122079,293,226,314,253,303,239,122004
300,122080,119,90,137,114,128,102,122005
300,122081,390,32,410,58,400,45,122006
300,122082,233,84,256,106,244,95,122007
300,122083,531,306,556,325,543,315,122008
300,122084,35,121,54,142,44,131,122009
300,122085,72,130,87,155,79,142,122010
300,122086,57,98,80,122,68,110,122011
300,122087,229,50,250,73,239,61,122012
300,122088,200,13,220,33,210,23,122013
300,122089,212,24,237,45,224,34,122014
300,122090,38,158,56,177,47,167,122015
300,122091,40,88,56,114,48,101,122016
300,122092,486,255,512,277,499,266,122017
300,122093,29,273,42,298,35,285,122018
300,122094,275,8,293,36,284,22,122019
300,122095,322,2,339,21,330,11,122020
300,122096,130,0,187,23,158,11,122021
300,122097,52,17,67,53,59,35,122022
300,122098,133,0,151,12,142,6,122023
300,122099,165,0,179,5,172,2,122024
300,122100,531,26,555,41,543,33,122025
300,122101,328,245,350,266,339,255,122026
300,122102,217,0,228,8,222,4,122027
300,122103,182,83,208,103,195,93,122028
300,122104,196,56,213,83,204,69,122029
300,122105,359,252,387,271,373,261,122030
300,122106,314,127,338,153,326,140,122031
300,122107,307,98,334,120,320,109,122032
300,122108,362,64,382,93,372,78,122033
300,122109,590,308,613,330,601,319,122034
300,122110,611,323,638,337,624,330,122035
300,122111,566,351,596,359,581,355,122036
300,122112,350,303,379,325,364,314,122037
300,122113,59,221,75,245,67,233,122038
300,122114,201,275,222,294,211,284,122039
300,122115,67,20,81,40,74,30,122040
300,122116,562,0,593,12,577,6,122041
300,122117,589,337,615,358,602,347,122042
300,122118,377,280,396,296,386,288,122043
300,122119,529,162,553,192,541,177,122044
300,122120,347,60,365,80,356,70,122045
300,122121,585,10,606,22,595,16,122046
300,122122,97,277,113,300,105,288,122047
300,122123,613,116,633,151,623,133,122048
300,122124,528,162,552,183,540,172,122044
300,122125,39,230,54,245,46,237,122050
300,122126,26,217,42,237,34,227,
301,122127,443,0,532,73,487,36,122051
301,122128,540,247,570,274,555,260,122052
301,122129,596,234,620,262,608,248,122053
301,122130,468,183,490,223,479,203,122054
301,122131,597,127,622,165,609,146,122055
301,122132,267,1,346,49,306,25,122056
301,122133,381,121,402,156,391,138,122057
301,122134,529,71,557,96,543,83,122058
301,122135,417,113,441,145,429,129,122059
301,122136,60,165,84,184,72,174,122060
301,122137,543,207,578,231,560,219,122061
301,122138,96,166,115,198,105,182,122062
301,122139,362,45,383,66,372,55,122063
301,122140,430,66,458,97,444,81,122064
301,122141,26,233,42,257,34,245,122065
301,122142,208,316,231,344,219,330,122066
301,122143,397,276,421,295,409,285,122067
301,122144,300,52,322,84,311,68,122068
301,122145,246,52,267,78,256,65,122069
301,122146,609,0,637,21,623,10,122070
301,122147,278,290,302,311,290,300,122071
301,122148,271,75,291,105,281,90,122072
301,122149,503,26,524,56,513,41,122073
301,122150,574,69,610,96,592,82,122074
301,122151,261,177,281,210,271,193,122075
301,122152,405,12,429,28,417,20,122076
301,122153,379,12,405,40,392,26,122077
301,122154,612,48,637,75,624,61,122078
301,122155,293,226,314,253,303,239,122079
301,122156,119,89,137,114,128,101,122080
301,122157,390,32,410,58,400,45,122081
301,122158,232,84,256,106,244,95,122082
301,122159,532,307,556,325,544,316,122083
301,122160,35,121,54,142,44,131,122084
301,122161,72,130,87,155,79,142,122085
301,122162,57,98,80,122,68,110,122086
301,122163,229,50,250,73,239,61,122087
301,122164,200,13,220,33,210,23,122088
301,122165,212,24,237,45,224,34,122089
301,122166,38,158,55,177,46,167,122090
301,122167,40,88,56,114,48,101,122091
301,122168,486,255,512,277,499,266,122092
301,122169,29,273,42,298,35,285,122093
301,122170,275,8,293,36,284,22,122094
301,122171,322,2,339,21,330,11,122095
301,122172,130,0,187,23,158,11,122096
301,122173,52,17,67,53,59,35,122097
301,122174,133,0,151,12,142,6,122098
301,122175,165,0,178,4,171,2,122099
301,122176,531,26,555,41,543,33,122100
301,122177,328,245,350,266,339,255,122101
301,122178,217,0,228,8,222,4,122102
301,122179,182,83,208,103,195,93,122103
301,122180,196,56,212,83,204,69,122104
301,122181,359,252,386,272,372,262,122105
301,122182,314,127,338,153,326,140,122106
301,122183,307,98,334,121,320,109,122107
301,122184,362,64,382,93,372,78,122108
301,122185,590,308,613,330,601,319,122109
301,122186,611,323,638,337,624,330,122110
301,122187,565,351,596,359,580,355,122111
301,122188,348,304,378,325,363,314,122112
301,122189,59,221,75,244,67,232,122113
301,122190,201,275,222,294,211,284,122114
301,122191,67,20,81,40,74,30,122115
301,122192,562,0,593,12,577,6,122116
301,122193,589,337,615,358,602,347,122117
301,122194,377,280,396,296,386,288,122118
301,122195,529,168,553,192,541,180,122119
301,122196,347,60,365,80,356,70,122120
301,122197,97,277,114,300,105,288,122122
301,122198,613,115,633,150,623,132,122123
301,122199,39,230,54,245,46,237,122125
301,122200,526,161,552,173,539,167,122124
302,122201,443,0,532,73,487,36,122127
302,122202,540,247,570,274,555,260,122128
302,122203,596,234,620,262,608,248,122129
302,122204,468,183,490,223,479,203,122130
302,122205,597,127,622,165,609,146,122131
302,122206,267,1,346,49,306,25,122132
302,122207,381,121,402,156,391,138,122133
302,122208,529,71,557,96,543,83,122134
302,122209,417,113,441,145,429,129,122135
302,122210,60,165,84,184,72,174,122136
302,122211,543,207,578,231,560,219,122137
302,122212,96,166,115,198,105,182,122138
302,122213,362,44,383,66,372,55,122139
302,122214,429,63,458,95,443,79,122140
302,122215,26,236,41,258,33,247,122141
302,122216,208,316,231,345,219,330,122142
302,122217,397,276,421,295,409,285,122143
302,122218,300,52,322,84,311,68,122144
302,122219,246,52,267,78,256,65,122145
302,122220,609,0,637,21,623,10,122146
302,122221,278,290,302,311,290,300,122147
302,122222,271,75,291,105,281,90,122148
302,122223,503,26,524,56,513,41,122149
302,122224,574,69,610,96,592,82,122150
302,122225,261,177,281,210,271,193,122151
302,122226,405,12,429,27,417,19,122152
302,122227,379,12,405,40,392,26,122153
302,122228,612,48,637,75,624,61,122154
302,122229,293,226,314,253,303,239,122155
302,122230,119,90,137,114,128,102,122156
302,122231,390,32,411,59,400,45,122157
302,122232,232,84,256,106,244,95,122158
302,122233,532,308,556,325,544,316,122159
302,122234,35,121,54,142,44,131,122160
302,122235,72,130,87,155,79,142,122161
302,122236,57,98,80,122,68,110,122162
302,122237,229,50,250,73,239,61,122163
302,122238,200,13,220,34,210,23,122164
302,122239,212,24,237,45,224,34,122165
302,122240,38,158,55,177,46,167,122166
302,122241,40,88,56,114,48,101,122167
302,122242,486,255,512,277,499,266,122168
302,122243,29,273,41,298,35,285,122169
302,122244,275,8,293,36,284,22,122170
302,122245,322,2,339,21,330,11,122171
302,122246,130,0,187,23,158,11,122172
302,122247,52,17,67,53,59,35,122173
302,122248,133,0,151,12,142,6,122174
302,122249,165,0,178,4,171,2,122175
302,122250,531,26,555,41,543,33,122176
302,122251,328,245,350,266,339,255,122177
302,122252,217,0,228,8,222,4,122178
302,122253,182,83,208,103,195,93,122179
302,122254,196,56,212,83,204,69,122180
302,122255,358,254,384,272,371,263,122181
302,122256,314,127,338,153,326,140,122182
302,122257,307,98,334,121,320,109,122183
302,122258,362,64,382,93,372,78,122184
302,122259,590,308,613,329,601,318,122185
302,122260,611,323,638,337,624,330,122186
302,122261,565,351,596,359,580,355,122187
302,122262,346,305,376,326,361,315,122188
302,122263,59,220,75,243,67,231,122189
302,122264,201,275,222,294,211,284,122190
302,122265,67,20,81,40,74,30,122191
302,122266,562,0,593,12,577,6,122192
302,122267,589,337,616,358,602,347,122193
302,122268,377,280,396,296,386,288,122194
302,122269,529,171,553,192,541,181,122195
302,122270,347,60,365,79,356,69,122196
302,122271,99,279,115,300,107,289,122197
302,122272,613,115,633,149,623,132,122198
302,122273,36,224,54,245,45,234,122199
302,122274,526,161,552,173,539,167,122200
303,122275,443,0,532,73,487,36,122201
303,122276,540,247,570,274,555,260,122202
303,122277,596,234,620,262,608,248,122203
303,122278,468,183,490,223,479,203,122204
303,122279,597,127,622,165,609,146,122205
303,122280,267,1,346,49,306,25,122206
303,122281,381,121,402,156,391,138,122207
303,122282,529,71,557,96,543,83,122208
303,122283,417,113,441,145,429,129,122209
303,122284,60,165,84,184,72,174,122210
303,122285,543,207,578,231,560,219,122211
303,122286,96,166,115,198,105,182,122212
303,122287,362,44,383,66,372,55,122213
303,122288,429,61,457,93,443,77,122214
303,122289,27,230,41,258,34,244,122215
303,122290,208,316,231,344,219,330,122216
303,122291,397,276,421,295,409,285,122217
303,122292,300,52,322,84,311,68,122218
303,122293,246,52,267,78,256,65,122219
303,122294,609,0,637,21,623,10,122220
303,122295,278,290,302,311,290,300,122221
303,122296,271,75,291,105,281,90,122222
303,122297,503,26,524,56,513,41,122223
303,122298,574,69,610,96,592,82,122224
303,122299,261,177,281,210,271,193,122225
303,122300,404,12,428,27,416,19,122226
303,122301,379,12,404,41,391,26,122227
303,122302,612,48,637,75,624,61,122228
303,122303,293,226,314,253,303,239,122229
303,122304,119,90,137,114,128,102,122230
303,122305,390,32,411,58,400,45,122231
303,122306,232,84,256,106,244,95,122232
303,122307,532,308,556,326,544,317,122233
303,122308,35,121,54,142,44,131,122234
303,122309,72,130,87,155,79,142,122235
303,122310,57,98,80,122,68,110,122236
303,122311,229,50,250,73,239,61,122237
303,122312,200,13,220,34,210,23,122238
303,122313,212,24,237,45,224,34,122239
303,122314,38,158,55,177,46,167,122240
303,122315,40,88,56,114,48,101,122241
303,122316,486,255,512,277,499,266,122242
303,122317,29,273,41,298,35,285,122243
303,122318,275,8,293,36,284,22,122244
303,122319,322,2,339,21,330,11,122245
303,122320,130,0,187,23,158,11,122246
303,122321,52,17,67,53,59,35,122247
303,122322,133,0,151,12,142,6,122248
303,122323,165,0,178,4,171,2,122249
303,122324,531,26,555,41,543,33,122250
303,122325,328,245,350,266,339,255,122251
303,122326,217,0,228,8,222,4,122252
303,122327,182,83,208,103,195,93,122253
303,122328,196,56,212,83,204,69,122254
303,122329,357,254,383,274,370,264,122255
303,122330,314,127,338,153,326,140,122256
303,122331,307,98,334,121,320,109,122257
303,122332,362,64,382,93,372,78,122258
303,122333,590,308,614,329,602,318,122259
303,122334,610,323,638,337,624,330,122260
303,122335,565,351,596,359,580,355,122261
303,122336,345,305,373,326,359,315,122262
303,122337,60,217,76,240,68,228,122263
303,122338,201,275,222,294,211,284,122264
303,122339,67,20,81,40,74,30,122265
303,122340,561,0,594,12,577,6,122266
303,122341,590,338,616,358,603,348,122267
303,122342,377,280,396,296,386,288,122268
303,122343,529,171,553,192,541,181,122269
303,122344,347,60,365,79,356,69,122270
303,122345,100,280,116,301,108,290,122271
303,122346,613,115,633,147,623,131,122272
303,122347,35,223,55,245,45,234,122273
303,122348,526,162,552,173,539,167,122274
303,122349,28,223,55,256,41,239,
304,122350,443,0,532,73,487,36,122275
304,122351,540,247,570,274,555,260,122276
304,122352,596,234,620,262,608,248,122277
304,122353,468,183,490,223,479,203,122278
304,122354,597,127,622,165,609,146,122279
304,122355,267,1,346,49,306,25,122280
304,122356,381,121,402,156,391,138,122281
304,122357,529,71,557,96,543,83,122282
304,122358,417,113,441,145,429,129,122283
304,122359,60,165,84,185,72,175,122284
304,122360,543,207,578,231,560,219,122285
304,122361,96,166,115,198,105,182,122286
304,122362,362,44,383,66,372,55,122287
304,122363,430,60,457,91,443,75,122288
304,122364,28,227,40,259,34,243,122289
304,122365,208,316,231,344,219,330,122290
304,122366,398,276,421,294,409,285,122291
304,122367,300,52,322,84,311,68,122292
304,122368,246,52,267,78,256,65,122293
304,122369,609,0,637,21,623,10,122294
304,122370,278,290,302,311,290,300,122295
304,122371,271,75,291,105,281,90,122296
304,122372,503,26,524,56,513,41,122297
304,122373,574,69,609,96,591,82,122298
304,122374,261,177,281,210,271,193,122299
304,122375,404,12,428,27,416,19,122300
304,122376,379,12,404,41,391,26,122301
304,122377,612,48,637,75,624,61,122302
304,122378,293,227,314,253,303,240,122303
304,122379,119,90,137,114,128,102,122304
304,122380,390,32,411,58,400,45,122305
304,122381,232,84,256,106,244,95,122306
304,122382,531,308,556,326,543,317,122307
304,122383,35,121,54,142,44,131,122308
304,122384,72,130,87,155,79,142,122309
304,122385,57,98,80,122,68,110,122310
304,122386,229,50,250,73,239,61,122311
304,122387,200,13,220,34,210,23,122312
304,122388,212,24,237,45,224,34,122313
304,122389,38,158,55,177,46,167,122314
304,122390,40,88,56,114,48,101,122315
304,122391,486,255,512,277,499,266,122316
304,122392,29,273,42,298,35,285,122317
304,122393,275,8,293,36,284,22,122318
304,122394,322,2,339,21,330,11,122319
304,122395,130,0,187,23,158,11,122320
304,122396,52,17,67,53,59,35,122321
304,122397,133,0,151,12,142,6,122322
304,122398,165,0,178,5,171,2,122323
304,122399,530,26,555,41,542,33,122324
304,122400,328,245,350,266,339,255,122325
304,122401,217,0,228,8,222,4,122326
304,122402,182,83,208,103,195,93,122327
304,122403,196,56,212,83,204,69,122328
304,122404,356,255,381,276,368,265,122329
304,122405,314,127,338,153,326,140,122330
304,122406,307,98,334,121,320,109,122331
304,122407,362,64,382,93,372,78,122332
304,122408,590,308,615,329,602,318,122333
304,122409,610,323,638,337,624,330,122334
304,122410,565,351,595,359,580,355,122335
304,122411,344,305,372,327,358,316,122336
304,122412,61,215,76,239,68,227,122337
304,122413,201,275,222,294,211,284,122338
304,122414,67,20,81,40,74,30,122339
304,122415,561,0,594,12,577,6,122340
304,122416,590,338,616,358,603,348,122341
304,122417,377,280,396,296,386,288,122342
304,122418,529,168,553,192,541,180,122343
304,122419,347,60,366,79,356,69,122344
304,122420,101,281,117,303,109,292,122345
304,122421,613,113,632,145,622,129,122346
304,122422,32,223,54,245,43,234,122347
304,122423,28,223,55,255,41,239,122349
305,122424,443,0,532,73,487,36,122350
305,122425,540,247,570,274,555,260,122351
305,122426,596,234,621,263,608,248,122352
305,122427,468,183,490,223,479,203,122353
305,122428,597,127,622,165,609,146,122354
305,122429,267,1,346,49,306,25,122355
305,122430,381,121,402,156,391,138,122356
305,122431,529,71,557,96,543,83,122357
305,122432,417,113,441,145,429,129,122358
305,122433,60,165,84,185,72,175,122359
305,122434,543,207,578,231,560,219,122360
305,122435,96,166,115,198,105,182,122361
305,122436,362,44,383,66,372,55,122362
305,122437,430,59,456,89,443,74,122363
305,122438,208,316,231,344,219,330,122365
305,122439,398,275,421,294,409,284,122366
305,122440,300,52,322,84,311,68,122367
305,122441,246,52,267,78,256,65,122368
305,122442,609,0,638,21,623,10,122369
305,122443,278,290,302,311,290,300,122370
305,122444,271,75,291,105,281,90,122371
305,122445,503,26,524,56,513,41,122372
305,122446,574,69,609,96,591,82,122373
305,122447,261,177,281,210,271,193,122374
305,122448,404,12,429,27,416,19,122375
305,122449,379,12,404,41,391,26,122376
305,122450,612,48,637,75,624,61,122377
305,122451,293,227,314,253,303,240,122378
305,122452,119,90,137,114,128,102,122379
305,122453,390,32,411,58,400,45,122380
305,122454,232,84,256,106,244,95,122381
305,122455,532,309,556,326,544,317,122382
305,122456,35,121,54,142,44,131,122383
305,122457,72,130,87,155,79,142,122384
305,122458,57,98,80,122,68,110,122385
305,122459,229,50,250,73,239,61,122386
305,122460,200,13,220,34,210,23,122387
305,122461,212,24,237,45,224,34,122388
305,122462,38,158,56,177,47,167,122389
305,122463,40,88,56,114,48,101,122390
305,122464,486,255,512,277,499,266,122391
305,122465,29,273,42,298,35,285,122392
305,122466,275,8,293,36,284,22,122393
305,122467,322,2,339,21,330,11,122394
305,122468,130,0,187,23,158,11,122395
305,122469,52,17,67,53,59,35,122396
305,122470,133,0,151,12,142,6,122397
305,122471,165,0,178,5,171,2,122398
305,122472,530,26,555,41,542,33,122399
305,122473,328,245,350,266,339,255,122400
305,122474,217,0,228,8,222,4,122401
305,122475,182,83,208,103,195,93,122402
305,122476,196,56,212,83,204,69,122403
305,122477,354,255,380,278,367,266,122404
305,122478,314,127,338,153,326,140,122405
305,122479,307,98,334,121,320,109,122406
305,122480,362,64,382,92,372,78,122407
305,122481,590,308,617,328,603,318,122408
305,122482,610,323,638,337,624,330,122409
305,122483,565,351,595,359,580,355,122410
305,122484,344,305,370,327,357,316,122411
305,122485,61,215,75,237,68,226,122412
305,122486,201,275,222,295,211,285,122413
305,122487,67,20,81,40,74,30,122414
305,122488,561,0,594,12,577,6,122415
305,122489,591,339,616,358,603,348,122416
305,122490,377,280,396,296,386,288,122417
305,122491,528,168,553,192,540,180,122418
305,122492,347,59,366,79,356,69,122419
305,122493,102,282,118,305,110,293,122420
305,122494,611,107,632,142,621,124,122421
305,122495,29,224,54,247,41,235,122422
305,122496,27,224,55,258,41,241,122423
305,122497,526,162,552,173,539,167,
306,122498,443,0,532,73,487,36,122424
306,122499,540,247,570,274,555,260,122425
306,122500,596,234,621,263,608,248,122426
306,122501,468,183,490,223,479,203,122427
306,122502,597,127,622,165,609,146,122428
306,122503,267,1,346,49,306,25,122429
306,122504,381,121,402,156,391,138,122430
306,122505,529,71,557,96,543,83,122431
306,122506,417,113,441,145,429,129,122432
306,122507,60,165,84,185,72,175,122433
306,122508,543,207,578,231,560,219,122434
306,122509,96,166,115,198,105,182,122435
306,122510,362,44,382,66,372,55,122436
306,122511,430,59,456,88,443,73,122437
306,122512,208,316,231,344,219,330,122438
306,122513,398,275,421,294,409,284,122439
306,122514,300,52,322,84,311,68,122440
306,122515,246,52,267,78,256,65,122441
306,122516,609,0,638,21,623,10,122442
306,122517,278,290,302,311,290,300,122443
306,122518,271,75,291,105,281,90,122444
306,122519,503,26,524,56,513,41,122445
306,122520,574,69,609,96,591,82,122446
306,122521,261,177,281,210,271,193,122447
306,122522,404,12,430,28,417,20,122448
306,122523,379,12,404,41,391,26,122449
306,122524,612,48,637,75,624,61,122450
306,122525,293,228,314,253,303,240,122451
306,122526,119,90,137,114,128,102,122452
306,122527,390,32,411,58,400,45,122453
306,122528,232,84,256,106,244,95,122454
306,122529,532,309,557,326,544,317,122455
306,122530,35,121,54,142,44,131,122456
306,122531,72,130,87,155,79,142,122457
306,122532,57,98,80,122,68,110,122458
306,122533,229,50,250,73,239,61,122459
306,122534,200,13,220,34,210,23,122460
306,122535,212,24,237,45,224,34,122461
306,122536,38,158,55,177,46,167,122462
306,122537,40,88,56,114,48,101,122463
306,122538,486,255,512,277,499,266,122464
306,122539,29,273,42,298,35,285,122465
306,122540,275,8,293,36,284,22,122466
306,122541,322,2,339,21,330,11,122467
306,122542,130,0,187,23,158,11,122468
306,122543,52,17,67,53,59,35,122469
306,122544,133,0,151,12,142,6,122470
306,122545,165,0,178,5,171,2,122471
306,122546,530,26,555,41,542,33,122472
306,122547,328,245,350,266,339,255,122473
306,122548,217,0,228,8,222,4,122474
306,122549,182,83,208,103,195,93,122475
306,122550,196,56,212,83,204,69,122476
306,122551,354,256,380,279,367,267,122477
306,122552,314,127,338,153,326,140,122478
306,122553,307,98,334,121,320,109,122479
306,122554,362,64,382,92,372,78,122480
306,122555,590,309,617,328,603,318,122481
306,122556,610,323,637,337,623,330,122482
306,122557,565,351,595,359,580,355,122483
306,122558,344,305,370,327,357,316,122484
306,122559,61,214,75,237,68,225,122485
306,122560,201,275,222,295,211,285,122486
306,122561,67,20,81,40,74,30,122487
306,122562,561,0,594,12,577,6,122488
306,122563,591,339,616,358,603,348,122489
306,122564,377,280,396,296,386,288,122490
306,122565,528,168,553,192,540,180,122491
306,122566,347,59,366,79,356,69,122492
306,122567,102,282,118,306,110,294,122493
306,122568,611,105,631,142,621,123,122494
306,122569,28,224,54,248,41,236,122495
306,122570,27,224,55,258,41,241,122495
306,122571,526,162,552,173,539,167,122497
307,122572,443,0,532,73,487,36,122498
307,122573,540,247,570,274,555,260,122499
307,122574,596,234,620,263,608,248,122500
307,122575,468,183,490,224,479,203,122501
307,122576,597,127,622,165,609,146,122502
307,122577,267,1,346,49,306,25,122503
307,122578,381,121,402,156,391,138,122504
307,122579,528,71,557,96,542,83,122505
307,122580,417,113,441,145,429,129,122506
307,122581,60,165,84,185,72,175,122507
307,122582,543,207,578,231,560,219,122508
307,122583,96,166,115,198,105,182,122509
307,122584,362,44,382,66,372,55,122510
307,122585,430,59,455,88,442,73,122511
307,122586,208,316,231,344,219,330,122512
307,122587,398,275,421,294,409,284,122513
307,122588,300,52,322,84,311,68,122514
307,122589,246,52,267,78,256,65,122515
307,122590,609,0,638,21,623,10,122516
307,122591,278,290,302,311,290,300,122517
307,122592,271,75,291,105,281,90,122518
307,122593,503,26,524,56,513,41,122519
307,122594,574,69,609,96,591,82,122520
307,122595,261,177,281,210,271,193,122521
307,122596,405,12,431,29,418,20,122522
307,122597,379,12,404,41,391,26,122523
307,122598,612,48,637,75,624,61,122524
307,122599,294,228,314,253,304,240,122525
307,122600,119,90,137,114,128,102,122526
307,122601,390,32,411,58,400,45,122527
307,122602,232,84,256,106,244,95,122528
307,122603,532,309,557,326,544,317,122529
307,122604,35,121,54,142,44,131,122530
307,122605,72,130,87,155,79,142,122531
307,122606,57,98,80,122,68,110,122532
307,122607,229,50,250,73,239,61,122533
307,122608,200,13,220,34,210,23,122534
307,122609,212,24,237,45,224,34,122535
307,122610,38,158,55,177,46,167,122536
307,122611,40,88,56,114,48,101,122537
307,122612,486,255,512,277,499,266,122538
307,122613,29,273,42,298,35,285,122539
307,122614,275,8,293,36,284,22,122540
307,122615,322,2,339,21,330,11,122541
307,122616,130,0,187,23,158,11,122542
307,122617,52,17,67,53,59,35,122543
307,122618,133,0,151,12,142,6,122544
307,122619,165,0,178,5,171,2,122545
307,122620,529,26,555,41,542,33,122546
307,122621,328,245,350,265,339,255,122547
307,122622,217,0,228,8,222,4,122548
307,122623,182,83,208,103,195,93,122549
307,122624,196,56,213,83,204,69,122550
307,122625,354,256,378,281,366,268,122551
307,122626,314,127,338,153,326,140,122552
307,122627,307,98,334,121,320,109,122553
307,122628,362,64,382,92,372,78,122554
307,122629,591,309,619,328,605,318,122555
307,122630,610,323,638,340,624,331,122556
307,122631,565,351,596,359,580,355,122557
307,122632,344,305,370,327,357,316,122558
307,122633,61,214,76,236,68,225,122559
307,122634,201,275,222,295,211,285,122560
307,122635,67,20,81,40,74,30,122561
307,122636,561,0,594,12,577,6,122562
307,122637,591,339,616,358,603,348,122563
307,122638,377,280,396,296,386,288,122564
307,122639,528,165,553,192,540,178,122565
307,122640,347,59,366,79,356,69,122566
307,122641,103,283,119,306,111,294,122567
307,122642,610,103,630,140,620,121,122568
307,122643,27,225,55,259,41,242,122569
307,122644,526,162,552,173,539,167,122571
308,122645,443,0,532,73,487,36,122572
308,122646,540,247,570,274,555,260,122573
308,122647,596,234,620,263,608,248,122574
308,122648,468,183,490,224,479,203,122575
308,122649,597,128,622,165,609,146,122576
308,122650,267,1,346,49,306,25,122577
308,122651,381,121,402,156,391,138,122578
308,122652,528,71,557,96,542,83,122579
308,122653,417,113,441,145,429,129,122580
308,122654,60,165,84,185,72,175,122581
308,122655,543,207,578,231,560,219,122582
308,122656,96,166,115,198,105,182,122583
308,122657,362,43,382,66,372,54,122584
308,122658,430,59,454,88,442,73,122585
308,122659,208,316,231,344,219,330,122586
308,122660,398,275,421,294,409,284,122587
308,122661,300,52,322,84,311,68,122588
308,122662,246,52,267,78,256,65,122589
308,122663,610,0,638,21,624,10,122590
308,122664,278,290,302,311,290,300,122591
308,122665,271,75,291,105,281,90,122592
308,122666,503,26,524,56,513,41,122593
308,122667,574,69,610,96,592,82,122594
308,122668,261,177,281,210,271,193,122595
308,122669,406,13,432,29,419,21,122596
308,122670,379,12,404,41,391,26,122597
308,122671,612,48,637,75,624,61,122598
308,122672,294,228,314,253,304,240,122599
308,122673,119,90,137,114,128,102,122600
308,122674,390,32,411,58,400,45,122601
308,122675,232,84,256,106,244,95,122602
308,122676,532,309,556,326,544,317,122603
308,122677,35,121,54,142,44,131,122604
308,122678,72,130,87,155,79,142,122605
308,122679,57,98,80,122,68,110,122606
308,122680,229,50,250,73,239,61,122607
308,122681,200,13,220,34,210,23,122608
308,122682,212,24,237,45,224,34,122609
308,122683,38,158,55,177,46,167,122610
308,122684,40,88,56,114,48,101,122611
308,122685,486,255,512,277,499,266,122612
308,122686,29,274,43,298,36,286,122613
308,122687,275,8,293,36,284,22,122614
308,122688,322,2,339,21,330,11,122615
308,122689,130,0,187,23,158,11,122616
308,122690,52,17,67,53,59,35,122617
308,122691,133,0,151,12,142,6,122618
308,122692,165,0,178,5,171,2,122619
308,122693,529,26,555,41,542,33,122620
308,122694,328,245,350,265,339,255,122621
308,122695,217,0,228,8,222,4,122622
308,122696,182,83,208,103,195,93,122623
308,122697,196,56,213,83,204,69,122624
308,122698,353,257,376,281,364,269,122625
308,122699,314,127,338,153,326,140,122626
308,122700,307,98,334,121,320,109,122627
308,122701,362,64,383,92,372,78,122628
308,122702,591,309,620,327,605,318,122629
308,122703,610,322,638,342,624,332,122630
308,122704,345,304,369,326,357,315,122632
308,122705,61,214,77,234,69,224,122633
308,122706,201,275,222,295,211,285,122634
308,122707,67,20,81,40,74,30,122635
308,122708,561,0,594,12,577,6,122636
308,122709,592,339,617,358,604,348,122637
308,122710,377,280,396,296,386,288,122638
308,122711,528,163,553,192,540,177,122639
308,122712,347,59,366,79,356,69,122640
308,122713,103,284,120,307,111,295,122641
308,122714,609,101,630,138,619,119,122642
308,122715,27,227,55,259,41,243,122643
308,122716,526,162,552,173,539,167,122644
309,122717,443,0,532,73,487,36,122645
309,122718,540,247,570,274,555,260,122646
309,122719,596,234,620,263,608,248,122647
309,122720,468,183,490,224,479,203,122648
309,122721,597,127,622,165,609,146,122649
309,122722,267,1,346,49,306,25,122650
309,122723,381,121,402,156,391,138,122651
309,122724,528,71,557,96,542,83,122652
309,122725,417,113,441,145,429,129,122653
309,122726,60,165,84,185,72,175,122654
309,122727,543,207,578,231,560,219,122655
309,122728,96,166,115,198,105,182,122656
309,122729,362,43,382,66,372,54,122657
309,122730,430,59,454,89,442,74,122658
309,122731,208,316,231,344,219,330,122659
309,122732,398,275,421,294,409,284,122660
309,122733,300,52,322,84,311,68,122661
309,122734,246,52,267,78,256,65,122662
309,122735,610,0,638,21,624,10,122663
309,122736,278,290,302,311,290,300,122664
309,122737,271,75,291,105,281,90,122665
309,122738,503,26,524,56,513,41,122666
309,122739,574,69,610,96,592,82,122667
309,122740,261,177,281,210,271,193,122668
309,122741,407,14,432,30,419,22,122669
309,122742,379,12,404,41,391,26,122670
309,122743,612,48,637,75,624,61,122671
309,122744,294,228,315,253,304,240,122672
309,122745,119,90,137,114,128,102,122673
309,122746,391,32,411,58,401,45,122674
309,122747,232,84,256,106,244,95,122675
309,122748,532,309,557,326,544,317,122676
309,122749,35,121,54,142,44,131,122677
309,122750,72,130,87,155,79,142,122678
309,122751,57,98,80,122,68,110,122679
309,122752,229,50,250,73,239,61,122680
309,122753,200,13,220,34,210,23,122681
309,122754,212,24,237,45,224,34,122682
309,122755,38,158,55,177,46,167,122683
309,122756,40,88,56,114,48,101,122684
309,122757,486,255,512,277,499,266,122685
309,122758,30,274,43,298,36,286,122686
309,122759,275,7,293,37,284,22,122687
309,122760,322,2,339,21,330,11,122688
309,122761,130,0,187,23,158,11,122689
309,122762,52,17,67,53,59,35,122690
309,122763,133,0,151,12,142,6,122691
309,122764,165,0,178,5,171,2,122692
309,122765,529,26,555,41,542,33,122693
309,122766,328,245,350,265,339,255,122694
309,122767,217,0,228,8,222,4,122695
309,122768,182,83,208,103,195,93,122696
309,122769,196,56,213,83,204,69,122697
309,122770,353,258,374,281,363,269,122698
309,122771,314,127,338,153,326,140,122699
309,122772,307,98,334,121,320,109,122700
309,122773,363,64,383,92,373,78,122701
309,122774,592,309,620,326,606,317,122702
309,122775,610,322,638,343,624,332,122703
309,122776,345,304,369,326,357,315,122704
309,122777,62,214,77,232,69,223,122705
309,122778,201,275,222,295,211,285,122706
309,122779,67,20,81,40,74,30,122707
309,122780,561,0,594,12,577,6,122708
309,122781,593,338,618,358,605,348,122709
309,122782,377,280,396,296,386,288,122710
309,122783,528,163,553,192,540,177,122711
309,122784,346,59,367,79,356,69,122712
309,122785,104,285,120,307,112,296,122713
309,122786,609,100,630,135,619,117,122714
309,122787,26,229,55,260,40,244,122715
309,122788,526,161,552,176,539,168,122716
309,122789,354,290,379,310,366,300,
310,122790,443,0,532,73,487,36,122717
310,122791,540,247,570,274,555,260,122718
310,122792,596,234,621,263,608,248,122719
310,122793,468,183,490,224,479,203,122720
310,122794,597,127,623,165,610,146,122721
310,122795,267,1,346,49,306,25,122722
310,122796,381,121,402,156,391,138,122723
310,122797,528,71,557,96,542,83,122724
310,122798,417,113,441,145,429,129,122725
310,122799,60,165,84,185,72,175,122726
310,122800,543,207,578,231,560,219,122727
310,122801,96,166,115,198,105,182,122728
310,122802,362,43,382,66,372,54,122729
310,122803,430,59,453,89,441,74,122730
310,122804,208,316,231,344,219,330,122731
310,122805,398,275,421,294,409,284,122732
310,122806,300,52,322,84,311,68,122733
310,122807,246,52,267,78,256,65,122734
310,122808,610,0,638,21,624,10,122735
310,122809,278,290,302,311,290,300,122736
310,122810,271,75,291,105,281,90,122737
310,122811,503,26,524,56,513,41,122738
310,122812,574,69,610,96,592,82,122739
310,122813,261,177,281,210,271,193,122740
310,122814,408,14,433,31,420,22,122741
310,122815,379,12,404,41,391,26,122742
310,122816,612,48,637,75,624,61,122743
310,122817,294,228,315,254,304,241,122744
310,122818,119,90,137,114,128,102,122745
310,122819,391,32,411,58,401,45,122746
310,122820,232,84,256,106,244,95,122747
310,122821,533,309,558,326,545,317,122748
310,122822,35,121,54,142,44,131,122749
310,122823,72,130,87,155,79,142,122750
310,122824,57,98,80,122,68,110,122751
310,122825,229,50,250,73,239,61,122752
310,122826,200,13,220,34,210,23,122753
310,122827,213,24,237,45,225,34,122754
310,122828,38,158,55,177,46,167,122755
310,122829,40,88,56,114,48,101,122756
310,122830,486,255,512,277,499,266,122757
310,122831,30,274,44,298,37,286,122758
310,122832,275,7,294,37,284,22,122759
310,122833,322,2,339,21,330,11,122760
310,122834,130,0,187,23,158,11,122761
310,122835,52,17,67,53,59,35,122762
310,122836,133,0,151,12,142,6,122763
310,122837,165,0,178,5,171,2,122764
310,122838,528,26,555,41,541,33,122765
310,122839,328,245,350,265,339,255,122766
310,122840,217,0,228,8,222,4,122767
310,122841,182,83,208,103,195,93,122768
310,122842,196,56,213,83,204,69,122769
310,122843,353,259,373,282,363,270,122770
310,122844,314,127,338,153,326,140,122771
310,122845,307,98,334,121,320,109,122772
310,122846,363,64,384,91,373,77,122773
310,122847,592,308,621,326,606,317,122774
310,122848,610,322,638,341,624,331,122775
310,122849,345,303,369,325,357,314,122776
310,122850,63,214,78,230,70,222,122777
310,122851,201,275,222,295,211,285,122778
310,122852,67,20,81,40,74,30,122779
310,122853,561,0,595,12,578,6,122780
310,122854,594,338,619,357,606,347,122781
310,122855,377,280,396,296,386,288,122782
310,122856,528,162,553,192,540,177,122783
310,122857,346,59,366,78,356,68,122784
310,122858,609,99,630,132,619,115,122786
310,122859,26,233,48,260,37,246,122787
310,122860,354,291,379,310,366,300,122789
310,122861,37,229,55,246,46,237,
310,122862,565,351,596,359,580,355,
311,122863,443,0,532,73,487,36,122790
311,122864,540,247,570,274,555,260,122791
311,122865,596,234,621,263,608,248,122792
311,122866,468,183,490,225,479,204,122793
311,122867,597,127,623,165,610,146,122794
311,122868,267,1,346,49,306,25,122795
311,122869,381,121,403,156,392,138,122796
311,122870,528,71,557,96,542,83,122797
311,122871,417,113,441,145,429,129,122798
311,122872,60,165,84,185,72,175,122799
311,122873,543,206,578,231,560,218,122800
311,122874,96,166,115,198,105,182,122801
311,122875,362,41,382,66,372,53,122802
311,122876,430,59,453,89,441,74,122803
311,122877,208,316,231,344,219,330,122804
311,122878,398,275,421,294,409,284,122805
311,122879,300,52,322,84,311,68,122806
311,122880,246,52,267,78,256,65,122807
311,122881,610,0,638,21,624,10,122808
311,122882,278,290,302,311,290,300,122809
311,122883,271,75,291,105,281,90,122810
311,122884,503,26,524,56,513,41,122811
311,122885,574,69,610,96,592,82,122812
311,122886,261,177,281,210,271,193,122813
311,122887,409,14,434,32,421,23,122814
311,122888,379,12,404,41,391,26,122815
311,122889,612,48,637,75,624,61,122816
311,122890,294,228,315,254,304,241,122817
311,122891,119,90,137,114,128,102,122818
311,122892,391,31,411,58,401,44,122819
311,122893,232,84,256,106,244,95,122820
311,122894,533,310,559,327,546,318,122821
311,122895,35,121,54,142,44,131,122822
311,122896,72,130,87,155,79,142,122823
311,122897,57,98,80,122,68,110,122824
311,122898,229,50,250,73,239,61,122825
311,122899,200,13,220,34,210,23,122826
311,122900,213,24,237,45,225,34,122827
311,122901,38,158,55,177,46,167,122828
311,122902,40,88,56,114,48,101,122829
311,122903,486,255,512,277,499,266,122830
311,122904,30,274,44,298,37,286,122831
311,122905,275,7,294,37,284,22,122832
311,122906,322,2,339,21,330,11,122833
311,122907,130,0,187,23,158,11,122834
311,122908,52,17,67,53,59,35,122835
311,122909,133,0,151,12,142,6,122836
311,122910,165,0,178,5,171,2,122837
311,122911,528,26,555,41,541,33,122838
311,122912,328,245,350,266,339,255,122839
311,122913,217,0,228,8,222,4,122840
311,122914,182,83,208,103,195,93,122841
311,122915,196,56,213,83,204,69,122842
311,122916,353,260,373,282,363,271,122843
311,122917,314,127,338,153,326,140,122844
311,122918,307,98,334,121,320,109,122845
311,122919,363,64,384,91,373,77,122846
311,122920,594,308,622,326,608,317,122847
311,122921,610,323,638,339,624,331,122848
311,122922,345,303,370,325,357,314,122849
311,122923,201,275,222,295,211,285,122851
311,122924,67,20,81,40,74,30,122852
311,122925,561,0,595,12,578,6,122853
311,122926,595,338,619,357,607,347,122854
311,122927,376,280,396,296,386,288,122855
311,122928,528,162,553,192,540,177,122856
311,122929,346,59,366,79,356,69,122857
311,122930,610,97,631,130,620,113,122858
311,122931,25,232,52,261,38,246,122859
311,122932,565,351,595,359,580,355,122862
311,122933,106,289,122,308,114,298,
312,122934,443,0,532,73,487,36,122863
312,122935,540,247,570,274,555,260,122864
312,122936,596,234,620,263,608,248,122865
312,122937,468,183,490,225,479,204,122866
312,122938,597,127,622,165,609,146,122867
312,122939,267,1,346,49,306,25,122868
312,122940,381,121,402,156,391,138,122869
312,122941,528,71,557,96,542,83,122870
312,122942,417,113,441,145,429,129,122871
312,122943,60,165,84,185,72,175,122872
312,122944,543,206,578,231,560,218,122873
312,122945,96,166,115,198,105,182,122874
312,122946,362,41,382,66,372,53,122875
312,122947,430,59,453,89,441,74,122876
312,122948,208,316,231,344,219,330,122877
312,122949,398,275,421,294,409,284,122878
312,122950,300,52,322,84,311,68,122879
312,122951,246,52,267,78,256,65,122880
312,122952,610,0,638,21,624,10,122881
312,122953,278,290,302,311,290,300,122882
312,122954,271,75,291,105,281,90,122883
312,122955,503,26,524,56,513,41,122884
312,122956,574,69,610,96,592,82,122885
312,122957,261,177,281,210,271,193,122886
312,122958,409,15,434,32,421,23,122887
312,122959,379,12,404,41,391,26,122888
312,122960,612,48,637,75,624,61,122889
312,122961,294,228,315,254,304,241,122890
312,122962,119,90,137,114,128,102,122891
312,122963,391,31,411,58,401,44,122892
312,122964,232,84,256,106,244,95,122893
312,122965,533,310,559,327,546,318,122894
312,122966,35,121,54,142,44,131,122895
312,122967,72,130,87,155,79,142,122896
312,122968,57,97,80,122,68,109,122897
312,122969,229,50,250,73,239,61,122898
312,122970,200,13,220,34,210,23,122899
312,122971,213,24,237,45,225,34,122900
312,122972,38,158,55,177,46,167,122901
312,122973,40,88,56,114,48,101,122902
312,122974,486,255,512,277,499,266,122903
312,122975,30,274,44,298,37,286,122904
312,122976,275,7,294,38,284,22,122905
312,122977,322,2,339,21,330,11,122906
312,122978,130,0,187,23,158,11,122907
312,122979,52,17,67,53,59,35,122908
312,122980,133,0,151,12,142,6,122909
312,122981,165,0,178,5,171,2,122910
312,122982,528,26,555,41,541,33,122911
312,122983,328,245,350,266,339,255,122912
312,122984,217,0,228,8,222,4,122913
312,122985,182,83,208,103,195,93,122914
312,122986,196,56,213,83,204,69,122915
312,122987,353,260,373,282,363,271,122916
312,122988,314,127,338,153,326,140,122917
312,122989,307,98,334,121,320,109,122918
312,122990,363,64,384,91,373,77,122919
312,122991,594,308,622,325,608,316,122920
312,122992,610,323,638,338,624,330,122921
312,122993,345,303,370,325,357,314,122922
312,122994,201,275,222,294,211,284,122923
312,122995,67,20,81,40,74,30,122924
312,122996,561,0,595,12,578,6,122925
312,122997,595,338,620,358,607,348,122926
312,122998,376,280,396,296,386,288,122927
312,122999,528,162,553,192,540,177,122928
312,123000,346,59,366,79,356,69,122929
312,123001,610,96,631,129,620,112,122930
312,123002,25,231,52,262,38,246,122931
312,123003,565,351,595,359,580,355,122932
312,123004,106,289,122,308,114,298,122933
313,123005,443,0,532,73,487,36,122934
313,123006,540,247,570,274,555,260,122935
313,123007,596,234,621,263,608,248,122936
313,123008,468,183,490,227,479,205,122937
313,123009,597,127,622,165,609,146,122938
313,123010,267,1,346,49,306,25,122939
313,123011,381,121,403,156,392,138,122940
313,123012,528,71,557,95,542,83,122941
313,123013,417,113,441,145,429,129,122942
313,123014,60,165,84,185,72,175,122943
313,123015,544,206,578,231,561,218,122944
313,123016,96,166,115,198,105,182,122945
313,123017,362,41,382,65,372,53,122946
313,123018,429,59,452,88,440,73,122947
313,123019,208,316,231,345,219,330,122948
313,123020,398,275,421,294,409,284,122949
313,123021,300,52,322,84,311,68,122950
313,123022,246,52,267,78,256,65,122951
313,123023,610,0,638,21,624,10,122952
313,123024,278,290,302,311,290,300,122953
313,123025,271,75,291,105,281,90,122954
313,123026,503,26,524,56,513,41,122955
313,123027,574,69,609,96,591,82,122956
313,123028,261,178,281,210,271,194,122957
313,123029,410,15,434,33,422,24,122958
313,123030,379,12,404,41,391,26,122959
313,123031,612,48,637,75,624,61,122960
313,123032,294,228,315,254,304,241,122961
313,123033,119,90,137,114,128,102,122962
313,123034,391,31,410,58,400,44,122963
313,123035,232,84,256,106,244,95,122964
313,123036,534,311,560,327,547,319,122965
313,123037,35,121,54,142,44,131,122966
313,123038,72,130,88,155,80,142,122967
313,123039,57,98,80,122,68,110,122968
313,123040,229,50,250,73,239,61,122969
313,123041,200,13,220,34,210,23,122970
313,123042,213,24,237,45,225,34,122971
313,123043,38,158,55,177,46,167,122972
313,123044,40,88,56,114,48,101,122973
313,123045,486,255,512,277,499,266,122974
313,123046,30,274,44,298,37,286,122975
313,123047,275,8,293,38,284,23,122976
313,123048,322,2,339,21,330,11,122977
313,123049,129,0,187,23,158,11,122978
313,123050,52,17,67,53,59,35,122979
313,123051,133,0,151,12,142,6,122980
313,123052,165,0,179,4,172,2,122981
313,123053,528,26,555,41,541,33,122982
313,123054,328,245,350,266,339,255,122983
313,123055,217,0,228,8,222,4,122984
313,123056,182,83,208,103,195,93,122985
313,123057,196,56,213,83,204,69,122986
313,123058,352,261,373,283,362,272,122987
313,123059,314,127,338,153,326,140,122988
313,123060,307,98,334,120,320,109,122989
313,123061,363,64,384,91,373,77,122990
313,123062,596,309,625,325,610,317,122991
313,123063,610,323,638,338,624,330,122992
313,123064,345,303,370,324,357,313,122993
313,123065,201,275,222,294,211,284,122994
313,123066,67,20,81,40,74,30,122995
313,123067,561,0,595,12,578,6,122996
313,123068,596,339,620,358,608,348,122997
313,123069,376,280,396,296,386,288,122998
313,123070,527,162,553,192,540,177,122999
313,123071,346,59,366,79,356,69,123000
313,123072,611,93,632,127,621,110,123001
313,123073,26,237,48,262,37,249,123002
313,123074,107,291,123,309,115,300,123004
313,123075,355,292,378,310,366,301,
313,123076,37,227,55,243,46,235,
314,123077,443,0,532,73,487,36,123005
314,123078,540,247,570,274,555,260,123006
314,123079,596,234,620,263,608,248,123007
314,123080,468,183,490,228,479,205,123008
314,123081,597,127,622,165,609,146,123009
314,123082,267,1,346,50,306,25,123010
314,123083,381,121,403,156,392,138,123011
314,123084,528,71,557,95,542,83,123012
314,123085,417,113,441,145,429,129,123013
314,123086,60,165,84,185,72,175,123014
314,123087,544,206,578,231,561,218,123015
314,123088,96,166,115,198,105,182,123016
314,123089,362,40,382,65,372,52,123017
314,123090,428,58,452,88,440,73,123018
314,123091,208,316,231,345,219,330,123019
314,123092,398,275,421,294,409,284,123020
314,123093,300,52,322,84,311,68,123021
314,123094,246,52,267,78,256,65,123022
314,123095,610,0,638,20,624,10,123023
314,123096,278,290,302,311,290,300,123024
314,123097,271,75,291,105,281,90,123025
314,123098,503,26,524,56,513,41,123026
314,123099,574,69,609,97,591,83,123027
314,123100,261,178,281,210,271,194,123028
314,123101,410,15,434,33,422,24,123029
314,123102,379,12,404,41,391,26,123030
314,123103,612,48,637,75,624,61,123031
314,123104,294,228,316,254,305,241,123032
314,123105,119,90,137,114,128,102,123033
314,123106,391,31,410,58,400,44,123034
314,123107,232,84,256,107,244,95,123035
314,123108,534,311,560,327,547,319,123036
314,123109,35,121,54,142,44,131,123037
314,123110,72,130,88,155,80,142,123038
314,123111,57,98,80,122,68,110,123039
314,123112,229,50,250,73,239,61,123040
314,123113,200,13,220,34,210,23,123041
314,123114,213,24,237,45,225,34,123042
314,123115,37,158,55,177,46,167,123043
314,123116,40,88,56,114,48,101,123044
314,123117,486,255,512,277,499,266,123045
314,123118,30,274,45,298,37,286,123046
314,123119,275,8,293,37,284,22,123047
314,123120,322,2,339,21,330,11,123048
314,123121,129,0,187,23,158,11,123049
314,123122,52,17,67,53,59,35,123050
314,123123,133,0,151,12,142,6,123051
314,123124,164,0,179,4,171,2,123052
314,123125,528,26,555,41,541,33,123053
314,123126,328,245,350,266,339,255,123054
314,123127,217,0,228,8,222,4,123055
314,123128,182,83,208,103,195,93,123056
314,123129,196,56,213,83,204,69,123057
314,123130,352,262,373,284,362,273,123058
314,123131,314,127,338,153,326,140,123059
314,123132,307,98,334,120,320,109,123060
314,123133,363,64,384,91,373,77,123061
314,123134,598,309,627,326,612,317,123062
314,123135,610,323,637,338,623,330,123063
314,123136,345,303,370,324,357,313,123064
314,123137,201,275,222,294,211,284,123065
314,123138,67,20,81,40,74,30,123066
314,123139,561,0,596,12,578,6,123067
314,123140,597,339,620,358,608,348,123068
314,123141,376,280,396,296,386,288,123069
314,123142,527,162,553,192,540,177,123070
314,123143,346,59,366,79,356,69,123071
314,123144,612,90,633,125,622,107,123072
314,123145,26,240,47,262,36,251,123073
314,123146,108,293,125,312,116,302,123074
314,123147,354,292,378,310,366,301,123075
314,123148,36,226,56,243,46,234,123076
314,123149,565,351,594,359,579,355,
315,123150,443,0,532,73,487,36,123077
315,123151,540,247,570,274,555,260,123078
315,123152,596,234,620,263,608,248,123079
315,123153,468,183,490,228,479,205,123080
315,123154,597,127,622,165,609,146,123081
315,123155,267,1,346,50,306,25,123082
315,123156,381,121,403,156,392,138,123083
315,123157,528,71,557,95,542,83,123084
315,123158,417,113,441,145,429,129,123085
315,123159,60,165,84,185,72,175,123086
315,123160,544,206,578,231,561,218,123087
315,123161,96,166,115,198,105,182,123088
315,123162,362,40,381,65,371,52,123089
315,123163,427,57,451,88,439,72,123090
315,123164,208,316,231,345,219,330,123091
315,123165,398,274,421,294,409,284,123092
315,123166,300,52,322,84,311,68,123093
315,123167,246,52,267,78,256,65,123094
315,123168,610,0,638,20,624,10,123095
315,123169,278,290,302,311,290,300,123096
315,123170,271,75,291,105,281,90,123097
315,123171,503,26,524,56,513,41,123098
315,123172,574,69,609,97,591,83,123099
315,123173,261,178,281,210,271,194,123100
315,123174,410,15,435,34,422,24,123101
315,123175,379,12,405,41,392,26,123102
315,123176,612,48,637,75,624,61,123103
315,123177,294,228,316,254,305,241,123104
315,123178,119,90,137,114,128,102,123105
315,123179,391,31,410,58,400,44,123106
315,123180,232,84,256,107,244,95,123107
315,123181,535,311,560,327,547,319,123108
315,123182,35,121,54,142,44,131,123109
315,123183,72,130,88,155,80,142,123110
315,123184,57,98,80,122,68,110,123111
315,123185,229,50,250,73,239,61,123112
315,123186,200,13,220,34,210,23,123113
315,123187,213,24,237,45,225,34,123114
315,123188,37,158,55,177,46,167,123115
315,123189,40,88,56,114,48,101,123116
315,123190,486,255,512,277,499,266,123117
315,123191,31,274,45,298,38,286,123118
315,123192,275,8,293,37,284,22,123119
315,123193,322,2,339,21,330,11,123120
315,123194,129,0,187,23,158,11,123121
315,123195,52,17,67,53,59,35,123122
315,123196,133,0,151,12,142,6,123123
315,123197,164,0,179,4,171,2,123124
315,123198,528,26,555,41,541,33,123125
315,123199,328,245,350,266,339,255,123126
315,123200,217,0,228,8,222,4,123127
315,123201,182,83,208,103,195,93,123128
315,123202,196,56,213,83,204,69,123129
315,123203,352,263,373,285,362,274,123130
315,123204,314,127,338,153,326,140,123131
315,123205,307,98,334,120,320,109,123132
315,123206,363,64,384,91,373,77,123133
315,123207,600,309,629,326,614,317,123134
315,123208,610,323,637,338,623,330,123135
315,123209,344,303,370,324,357,313,123136
315,123210,201,275,222,294,211,284,123137
315,123211,67,20,81,39,74,29,123138
315,123212,561,0,596,12,578,6,123139
315,123213,598,340,620,358,609,349,123140
315,123214,376,280,396,296,386,288,123141
315,123215,527,162,553,192,540,177,123142
315,123216,346,59,366,79,356,69,123143
315,123217,613,88,634,124,623,106,123144
315,123218,26,242,47,262,36,252,123145
315,123219,109,294,125,315,117,304,123146
315,123220,354,291,378,310,366,300,123147
315,123221,36,225,56,243,46,234,123148
315,123222,565,351,594,359,579,355,123149
316,123223,443,0,532,73,487,36,123150
316,123224,540,247,570,274,555,260,123151
316,123225,596,234,620,263,608,248,123152
316,123226,468,183,490,229,479,206,123153
316,123227,597,127,622,165,609,146,123154
316,123228,267,1,346,50,306,25,123155
316,123229,381,121,403,156,392,138,123156
316,123230,528,71,557,95,542,83,123157
316,123231,417,113,441,145,429,129,123158
316,123232,60,165,84,185,72,175,123159
316,123233,544,206,578,231,561,218,123160
316,123234,96,166,115,198,105,182,123161
316,123235,361,39,381,65,371,52,123162
316,123236,426,56,451,88,438,72,123163
316,123237,208,316,231,345,219,330,123164
316,123238,398,274,421,295,409,284,123165
316,123239,300,52,322,84,311,68,123166
316,123240,245,52,267,78,256,65,123167
316,123241,610,0,638,20,624,10,123168
316,123242,278,290,302,311,290,300,123169
316,123243,271,75,291,105,281,90,123170
316,123244,503,26,524,56,513,41,123171
316,123245,574,69,609,97,591,83,123172
316,123246,261,178,281,210,271,194,123173
316,123247,410,15,435,35,422,25,123174
316,123248,379,12,405,40,392,26,123175
316,123249,612,48,637,74,624,61,123176
316,123250,294,228,316,254,305,241,123177
316,123251,119,90,137,114,128,102,123178
316,123252,391,31,410,58,400,44,123179
316,123253,232,84,256,107,244,95,123180
316,123254,536,312,562,327,549,319,123181
316,123255,35,121,54,142,44,131,123182
316,123256,72,130,88,155,80,142,123183
316,123257,57,98,80,122,68,110,123184
316,123258,229,50,250,73,239,61,123185
316,123259,200,13,220,34,210,23,123186
316,123260,213,24,237,45,225,34,123187
316,123261,37,158,55,177,46,167,123188
316,123262,40,88,56,114,48,101,123189
316,123263,486,255,512,277,499,266,123190
316,123264,31,274,45,298,38,286,123191
316,123265,275,8,293,37,284,22,123192
316,123266,322,2,339,21,330,11,123193
316,123267,129,0,187,23,158,11,123194
316,123268,52,17,67,53,59,35,123195
316,123269,133,0,151,12,142,6,123196
316,123270,164,0,179,4,171,2,123197
316,123271,527,26,555,41,541,33,123198
316,123272,328,245,350,266,339,255,123199
316,123273,217,0,228,8,222,4,123200
316,123274,182,83,208,103,195,93,123201
316,123275,196,56,213,83,204,69,123202
316,123276,352,263,374,285,363,274,123203
316,123277,314,127,338,153,326,140,123204
316,123278,307,98,334,120,320,109,123205
316,123279,363,64,384,91,373,77,123206
316,123280,602,310,633,326,617,318,123207
316,123281,609,323,637,337,623,330,123208
316,123282,344,303,370,324,357,313,123209
316,123283,201,275,222,294,211,284,123210
316,123284,67,20,81,39,74,29,123211
316,123285,561,0,597,12,579,6,123212
316,123286,598,340,620,358,609,349,123213
316,123287,376,280,395,296,385,288,123214
316,123288,527,162,553,192,540,177,123215
316,123289,346,59,366,79,356,69,123216
316,123290,614,87,635,122,624,104,123217
316,123291,26,243,48,263,37,253,123218
316,123292,109,294,126,318,117,306,123219
316,123293,36,225,57,244,46,234,123221
316,123294,565,351,595,359,580,355,123222
316,123295,526,162,553,173,539,167,
317,123296,444,0,533,73,488,36,123223
317,123297,540,247,570,274,555,260,123224
317,123298,596,234,620,263,608,248,123225
317,123299,468,183,490,229,479,206,123226
317,123300,597,127,622,165,609,146,123227
317,123301,267,1,346,50,306,25,123228
317,123302,381,121,403,156,392,138,123229
317,123303,528,71,557,95,542,83,123230
317,123304,417,113,441,145,429,129,123231
317,123305,60,165,84,185,72,175,123232
317,123306,544,206,578,231,561,218,123233
317,123307,96,166,115,198,105,182,123234
317,123308,361,39,381,64,371,51,123235
317,123309,426,56,450,88,438,72,123236
317,123310,208,316,231,345,219,330,123237
317,123311,398,274,421,296,409,285,123238
317,123312,300,52,322,84,311,68,123239
317,123313,245,52,267,78,256,65,123240
317,123314,610,0,638,20,624,10,123241
317,123315,278,290,302,311,290,300,123242
317,123316,271,75,291,105,281,90,123243
317,123317,503,26,524,56,513,41,123244
317,123318,574,69,609,97,591,83,123245
317,123319,261,178,281,210,271,194,123246
317,123320,410,15,435,35,422,25,123247
317,123321,379,12,405,40,392,26,123248
317,123322,612,48,637,74,624,61,123249
317,123323,294,228,316,254,305,241,123250
317,123324,119,90,137,114,128,102,123251
317,123325,391,31,410,58,400,44,123252
317,123326,232,84,256,107,244,95,123253
317,123327,538,311,564,328,551,319,123254
317,123328,35,121,54,142,44,131,123255
317,123329,72,130,88,155,80,142,123256
317,123330,57,98,80,122,68,110,123257
317,123331,229,50,250,73,239,61,123258
317,123332,200,13,220,34,210,23,123259
317,123333,213,24,237,45,225,34,123260
317,123334,37,158,55,177,46,167,123261
317,123335,40,88,56,114,48,101,123262
317,123336,486,255,512,277,499,266,123263
317,123337,31,274,45,297,38,285,123264
317,123338,275,8,293,37,284,22,123265
317,123339,322,2,339,21,330,11,123266
317,123340,129,0,187,23,158,11,123267
317,123341,52,17,67,53,59,35,123268
317,123342,133,0,151,12,142,6,123269
317,123343,164,0,179,4,171,2,123270
317,123344,527,26,555,41,541,33,123271
317,123345,328,245,350,266,339,255,123272
317,123346,217,0,228,8,222,4,123273
317,123347,182,83,208,103,195,93,123274
317,123348,196,56,213,83,204,69,123275
317,123349,352,264,374,286,363,275,123276
317,123350,314,127,338,153,326,140,123277
317,123351,307,98,334,120,320,109,123278
317,123352,363,64,384,91,373,77,123279
317,123353,604,310,635,326,619,318,123280
317,123354,609,324,637,338,623,331,123281
317,123355,344,303,371,324,357,313,123282
317,123356,201,275,222,294,211,284,123283
317,123357,67,20,81,39,74,29,123284
317,123358,561,0,598,12,579,6,123285
317,123359,599,340,620,359,609,349,123286
317,123360,376,280,395,296,385,288,123287
317,123361,527,162,553,192,540,177,123288
317,123362,346,59,366,79,356,69,123289
317,123363,614,86,636,121,625,103,123290
317,123364,26,243,48,263,37,253,123291
317,123365,110,295,127,319,118,307,123292
317,123366,36,225,57,243,46,234,123293
317,123367,565,351,595,359,580,355,123294
317,123368,526,162,553,173,539,167,123295
318,123369,444,0,532,73,488,36,123296
318,123370,540,247,570,274,555,260,123297
318,123371,595,234,620,263,607,248,123298
318,123372,468,183,490,229,479,206,123299
318,123373,597,127,622,165,609,146,123300
318,123374,267,1,346,50,306,25,123301
318,123375,381,121,403,156,392,138,123302
318,123376,528,71,557,95,542,83,123303
318,123377,417,113,441,145,429,129,123304
318,123378,60,165,84,185,72,175,123305
318,123379,544,206,578,231,561,218,123306
318,123380,96,166,115,198,105,182,123307
318,123381,361,39,381,64,371,51,123308
318,123382,426,56,449,88,437,72,123309
318,123383,208,316,231,345,219,330,123310
318,123384,398,274,421,296,409,285,123311
318,123385,300,52,321,84,310,68,123312
318,123386,245,52,267,78,256,65,123313
318,123387,610,0,638,20,624,10,123314
318,123388,278,290,302,311,290,300,123315
318,123389,271,75,291,105,281,90,123316
318,123390,503,26,524,56,513,41,123317
318,123391,574,69,609,97,591,83,123318
318,123392,261,178,281,210,271,194,123319
318,123393,410,15,435,35,422,25,123320
318,123394,379,12,405,40,392,26,123321
318,123395,612,48,637,74,624,61,123322
318,123396,294,228,316,254,305,241,123323
318,123397,119,90,137,114,128,102,123324
318,123398,391,31,410,58,400,44,123325
318,123399,232,84,256,107,244,95,123326
318,123400,539,311,565,328,552,319,123327
318,123401,35,121,54,142,44,131,123328
318,123402,72,130,88,155,80,142,123329
318,123403,57,98,80,122,68,110,123330
318,123404,229,50,250,73,239,61,123331
318,123405,200,13,220,34,210,23,123332
318,123406,213,24,237,45,225,34,123333
318,123407,37,158,55,177,46,167,123334
318,123408,40,88,56,114,48,101,123335
318,123409,486,255,512,277,499,266,123336
318,123410,31,274,45,297,38,285,123337
318,123411,275,8,293,37,284,22,123338
318,123412,322,2,339,21,330,11,123339
318,123413,129,0,187,23,158,11,123340
318,123414,52,17,67,53,59,35,123341
318,123415,133,0,151,12,142,6,123342
318,123416,164,0,179,4,171,2,123343
318,123417,527,26,555,41,541,33,123344
318,123418,328,245,350,266,339,255,123345
318,123419,217,0,228,8,222,4,123346
318,123420,182,83,208,103,195,93,123347
318,123421,196,56,213,83,204,69,123348
318,123422,352,264,374,286,363,275,123349
318,123423,314,127,338,153,326,140,123350
318,123424,307,98,334,120,320,109,123351
318,123425,363,64,384,91,373,77,123352
318,123426,605,310,636,326,620,318,123353
318,123427,609,324,637,338,623,331,123354
318,123428,344,303,371,324,357,313,123355
318,123429,201,275,222,294,211,284,123356
318,123430,67,20,81,39,74,29,123357
318,123431,561,0,598,12,579,6,123358
318,123432,599,340,620,359,609,349,123359
318,123433,376,280,395,296,385,288,123360
318,123434,527,162,553,192,540,177,123361
318,123435,346,59,366,79,356,69,123362
318,123436,614,86,636,121,625,103,123363
318,123437,26,243,48,263,37,253,123364
318,123438,110,295,127,320,118,307,123365
318,123439,36,225,57,243,46,234,123366
318,123440,565,351,595,359,580,355,123367
318,123441,526,162,553,173,539,167,123368
318,123442,408,294,429,303,418,298,
319,123443,444,0,533,73,488,36,123369
319,123444,540,247,570,274,555,260,123370
319,123445,596,234,620,263,608,248,123371
319,123446,468,183,490,229,479,206,123372
319,123447,597,127,622,165,609,146,123373
319,123448,267,1,346,50,306,25,123374
319,123449,381,121,403,156,392,138,123375
319,123450,528,71,557,95,542,83,123376
319,123451,417,113,441,145,429,129,123377
319,123452,60,165,84,185,72,175,123378
319,123453,544,206,578,231,561,218,123379
319,123454,96,166,115,198,105,182,123380
319,123455,361,39,380,64,370,51,123381
319,123456,425,56,448,87,436,71,123382
319,123457,208,316,231,345,219,330,123383
319,123458,399,274,421,296,410,285,123384
319,123459,300,52,321,84,310,68,123385
319,123460,245,52,267,78,256,65,123386
319,123461,610,0,638,20,624,10,123387
319,123462,278,290,302,311,290,300,123388
319,123463,271,75,291,105,281,90,123389
319,123464,503,26,524,56,513,41,123390
319,123465,574,69,609,97,591,83,123391
319,123466,261,178,281,210,271,194,123392
319,123467,411,15,435,35,423,25,123393
319,123468,379,12,405,40,392,26,123394
319,123469,612,48,637,74,624,61,123395
319,123470,294,228,316,254,305,241,123396
319,123471,119,90,137,114,128,102,123397
319,123472,391,31,410,58,400,44,123398
319,123473,232,84,256,107,244,95,123399
319,123474,542,310,568,328,555,319,123400
319,123475,35,121,54,142,44,131,123401
319,123476,72,130,88,155,80,142,123402
319,123477,57,98,80,122,68,110,123403
319,123478,229,50,250,73,239,61,123404
319,123479,200,13,220,34,210,23,123405
319,123480,213,24,237,45,225,34,123406
319,123481,37,158,55,177,46,167,123407
319,123482,40,88,56,114,48,101,123408
319,123483,486,255,512,277,499,266,123409
319,123484,31,274,45,297,38,285,123410
319,123485,275,8,293,37,284,22,123411
319,123486,322,2,339,21,330,11,123412
319,123487,129,0,187,23,158,11,123413
319,123488,52,17,67,53,59,35,123414
319,123489,133,0,151,12,142,6,123415
319,123490,164,0,179,4,171,2,123416
319,123491,528,26,555,41,541,33,123417
319,123492,328,245,350,266,339,255,123418
319,123493,217,0,228,8,222,4,123419
319,123494,182,83,208,103,195,93,123420
319,123495,196,56,213,83,204,69,123421
319,123496,352,264,374,287,363,275,123422
319,123497,314,127,338,153,326,140,123423
319,123498,307,98,334,120,320,109,123424
319,123499,363,64,384,91,373,77,123425
319,123500,607,310,636,326,621,318,123426
319,123501,609,325,637,338,623,331,123427
319,123502,345,303,371,324,358,313,123428
319,123503,201,275,222,294,211,284,123429
319,123504,67,20,81,39,74,29,123430
319,123505,561,0,599,12,580,6,123431
319,123506,598,340,619,359,608,349,123432
319,123507,376,280,395,296,385,288,123433
319,123508,527,162,553,192,540,177,123434
319,123509,346,59,366,79,356,69,123435
319,123510,614,86,637,121,625,103,123436
319,123511,27,244,48,263,37,253,123437
319,123512,111,296,127,320,119,308,123438
319,123513,36,226,57,243,46,234,123439
319,123514,565,351,595,359,580,355,123440
319,123515,354,294,378,310,366,302,
320,123516,444,0,533,73,488,36,123443
320,123517,539,247,570,274,554,260,123444
320,123518,596,234,621,263,608,248,123445
320,123519,468,183,490,228,479,205,123446
320,123520,597,127,623,165,610,146,123447
320,123521,267,1,346,50,306,25,123448
320,123522,381,121,403,156,392,138,123449
320,123523,528,70,557,96,542,83,123450
320,123524,417,113,441,145,429,129,123451
320,123525,60,165,84,185,72,175,123452
320,123526,544,207,578,231,561,219,123453
320,123527,96,167,115,198,105,182,123454
320,123528,360,38,380,63,370,50,123455
320,123529,425,55,448,86,436,70,123456
320,123530,208,316,231,345,219,330,123457
320,123531,399,274,421,296,410,285,123458
320,123532,300,52,321,84,310,68,123459
320,123533,246,52,267,78,256,65,123460
320,123534,610,0,638,21,624,10,123461
320,123535,278,290,302,312,290,301,123462
320,123536,271,75,291,105,281,90,123463
320,123537,503,26,524,56,513,41,123464
320,123538,574,69,609,96,591,82,123465
320,123539,261,178,281,210,271,194,123466
320,123540,411,15,435,34,423,24,123467
320,123541,379,12,405,40,392,26,123468
320,123542,612,48,637,74,624,61,123469
320,123543,294,228,316,254,305,241,123470
320,123544,119,90,137,114,128,102,123471
320,123545,391,30,410,57,400,43,123472
320,123546,232,84,256,107,244,95,123473
320,123547,544,308,571,328,557,318,123474
320,123548,36,121,54,142,45,131,123475
320,123549,72,130,88,155,80,142,123476
320,123550,57,98,80,123,68,110,123477
320,123551,229,50,249,73,239,61,123478
320,123552,200,13,220,34,210,23,123479
320,123553,212,24,237,45,224,34,123480
320,123554,37,159,55,177,46,168,123481
320,123555,40,88,56,114,48,101,123482
320,123556,486,254,512,277,499,265,123483
320,123557,31,274,45,297,38,285,123484
320,123558,275,7,293,37,284,22,123485
320,123559,322,2,339,21,330,11,123486
320,123560,129,0,187,23,158,11,123487
320,123561,52,17,67,53,59,35,123488
320,123562,133,0,151,12,142,6,123489
320,123563,164,0,178,4,171,2,123490
320,123564,528,25,555,41,541,33,123491
320,123565,328,245,350,266,339,255,123492
320,123566,217,0,229,8,223,4,123493
320,123567,182,83,208,103,195,93,123494
320,123568,196,56,213,83,204,69,123495
320,123569,353,264,373,288,363,276,123496
320,123570,315,127,338,153,326,140,123497
320,123571,307,98,334,121,320,109,123498
320,123572,363,64,384,90,373,77,123499
320,123573,608,310,637,326,622,318,123500
320,123574,609,325,638,338,623,331,123501
320,123575,345,303,371,324,358,313,123502
320,123576,201,275,222,295,211,285,123503
320,123577,561,0,600,12,580,6,123505
320,123578,598,340,619,359,608,349,123506
320,123579,376,280,396,296,386,288,123507
320,123580,527,162,553,192,540,177,123508
320,123581,346,59,366,79,356,69,123509
320,123582,614,86,637,121,625,103,123510
320,123583,27,244,48,263,37,253,123511
320,123584,111,298,128,320,119,309,123512
320,123585,36,226,57,243,46,234,123513
320,123586,565,351,595,359,580,355,123514
320,123587,355,292,378,310,366,301,123515
320,123588,527,162,553,182,540,172,123508
321,123589,444,0,532,73,488,36,123516
321,123590,539,247,570,273,554,260,123517
321,123591,596,234,621,263,608,248,123518
321,123592,468,183,490,229,479,206,123519
321,123593,597,127,623,165,610,146,123520
321,123594,267,1,346,50,306,25,123521
321,123595,381,121,403,156,392,138,123522
321,123596,528,70,557,96,542,83,123523
321,123597,417,113,441,145,429,129,123524
321,123598,60,165,84,185,72,175,123525
321,123599,544,207,578,231,561,219,123526
321,123600,96,167,116,198,106,182,123527
321,123601,360,38,380,63,370,50,123528
321,123602,425,55,447,86,436,70,123529
321,123603,208,316,231,345,219,330,123530
321,123604,399,274,420,296,409,285,123531
321,123605,300,52,321,84,310,68,123532
321,123606,245,52,267,78,256,65,123533
321,123607,610,0,638,21,624,10,123534
321,123608,278,290,302,312,290,301,123535
321,123609,271,75,291,105,281,90,123536
321,123610,503,26,524,56,513,41,123537
321,123611,574,69,609,96,591,82,123538
321,123612,261,178,281,210,271,194,123539
321,123613,411,15,435,34,423,24,123540
321,123614,379,12,405,40,392,26,123541
321,123615,612,48,637,74,624,61,123542
321,123616,294,227,316,254,305,240,123543
321,123617,119,90,137,115,128,102,123544
321,123618,391,30,410,57,400,43,123545
321,123619,232,84,256,107,244,95,123546
321,123620,545,308,572,328,558,318,123547
321,123621,36,121,54,142,45,131,123548
321,123622,72,130,88,155,80,142,123549
321,123623,57,98,80,123,68,110,123550
321,123624,229,50,249,74,239,62,123551
321,123625,200,13,220,34,210,23,123552
321,123626,212,24,237,45,224,34,123553
321,123627,37,159,55,177,46,168,123554
321,123628,40,88,56,114,48,101,123555
321,123629,486,254,512,277,499,265,123556
321,123630,31,274,45,297,38,285,123557
321,123631,275,7,293,37,284,22,123558
321,123632,322,2,339,21,330,11,123559
321,123633,128,0,187,23,157,11,123560
321,123634,52,17,67,53,59,35,123561
321,123635,133,0,151,13,142,6,123562
321,123636,164,0,178,4,171,2,123563
321,123637,528,25,555,41,541,33,123564
321,123638,328,245,350,266,339,255,123565
321,123639,217,0,229,8,223,4,123566
321,123640,182,83,208,103,195,93,123567
321,123641,196,56,213,83,204,69,123568
321,123642,353,264,373,289,363,276,123569
321,123643,315,127,338,153,326,140,123570
321,123644,306,98,334,121,320,109,123571
321,123645,363,64,384,90,373,77,123572
321,123646,608,311,637,326,622,318,123573
321,123647,609,325,638,338,623,331,123574
321,123648,344,303,371,324,357,313,123575
321,123649,561,0,600,12,580,6,123577
321,123650,597,340,619,359,608,349,123578
321,123651,376,280,396,296,386,288,123579
321,123652,528,165,553,192,540,178,123580
321,123653,346,58,366,80,356,69,123581
321,123654,614,86,637,120,625,103,123582
321,123655,27,244,48,263,37,253,123583
321,123656,112,298,128,320,120,309,123584
321,123657,36,226,58,243,47,234,123585
321,123658,565,351,594,359,579,355,123586
321,123659,355,292,378,310,366,301,123587
321,123660,527,162,553,175,540,168,123588
322,123661,444,0,532,73,488,36,123589
322,123662,539,247,570,273,554,260,123590
322,123663,596,234,621,263,608,248,123591
322,123664,468,183,490,229,479,206,123592
322,123665,597,127,623,165,610,146,123593
322,123666,267,1,346,50,306,25,123594
322,123667,381,121,403,156,392,138,123595
322,123668,528,70,557,96,542,83,123596
322,123669,417,114,441,145,429,129,123597
322,123670,60,165,84,185,72,175,123598
322,123671,544,207,578,231,561,219,123599
322,123672,96,167,116,198,106,182,123600
322,123673,360,38,380,62,370,50,123601
322,123674,425,55,448,84,436,69,123602
322,123675,208,316,231,345,219,330,123603
322,123676,398,274,421,297,409,285,123604
322,123677,300,52,321,84,310,68,123605
322,123678,245,52,267,78,256,65,123606
322,123679,610,0,637,21,623,10,123607
322,123680,278,290,302,312,290,301,123608
322,123681,271,75,291,105,281,90,123609
322,123682,503,26,524,56,513,41,123610
322,123683,574,69,609,96,591,82,123611
322,123684,261,177,281,210,271,193,123612
322,123685,411,15,435,33,423,24,123613
322,123686,379,12,405,40,392,26,123614
322,123687,612,48,637,74,624,61,123615
322,123688,294,227,316,254,305,240,123616
322,123689,119,90,137,115,128,102,123617
322,123690,391,30,410,57,400,43,123618
322,123691,232,84,256,107,244,95,123619
322,123692,547,308,574,328,560,318,123620
322,123693,36,121,54,142,45,131,123621
322,123694,72,130,88,155,80,142,123622
322,123695,57,98,80,123,68,110,123623
322,123696,229,50,249,74,239,62,123624
322,123697,200,13,220,34,210,23,123625
322,123698,212,24,237,45,224,34,123626
322,123699,37,159,55,177,46,168,123627
322,123700,40,88,56,114,48,101,123628
322,123701,486,254,512,277,499,265,123629
322,123702,31,274,45,297,38,285,123630
322,123703,275,7,293,36,284,21,123631
322,123704,322,2,339,21,330,11,123632
322,123705,128,0,187,23,157,11,123633
322,123706,52,17,67,53,59,35,123634
322,123707,133,0,151,12,142,6,123635
322,123708,164,0,178,4,171,2,123636
322,123709,528,25,555,41,541,33,123637
322,123710,328,245,350,266,339,255,123638
322,123711,217,0,229,8,223,4,123639
322,123712,182,83,208,103,195,93,123640
322,123713,196,56,213,83,204,69,123641
322,123714,353,264,373,289,363,276,123642
322,123715,315,127,337,153,326,140,123643
322,123716,307,98,334,121,320,109,123644
322,123717,363,64,384,90,373,77,123645
322,123718,609,311,638,326,623,318,123646
322,123719,344,303,371,324,357,313,123648
322,123720,561,0,600,12,580,6,123649
322,123721,597,341,619,359,608,350,123650
322,123722,376,280,396,296,386,288,123651
322,123723,528,171,553,192,540,181,123652
322,123724,346,58,366,80,356,69,123653
322,123725,614,86,637,120,625,103,123654
322,123726,27,244,48,263,37,253,123655
322,123727,112,299,129,321,120,310,123656
322,123728,36,226,58,244,47,235,123657
322,123729,565,351,594,359,579,355,123658
322,123730,355,292,378,310,366,301,123659
322,123731,526,162,552,174,539,168,123660
322,123732,69,191,83,215,76,203,
323,123733,443,0,532,73,487,36,123661
323,123734,539,247,570,274,554,260,123662
323,123735,596,234,621,263,608,248,123663
323,123736,468,183,490,228,479,205,123664
323,123737,597,127,623,165,610,146,123665
323,123738,267,1,346,50,306,25,123666
323,123739,381,121,403,156,392,138,123667
323,123740,528,70,557,96,542,83,123668
323,123741,417,114,441,145,429,129,123669
323,123742,60,165,84,185,72,175,123670
323,123743,544,207,578,231,561,219,123671
323,123744,96,167,115,198,105,182,123672
323,123745,360,38,380,62,370,50,123673
323,123746,425,55,448,84,436,69,123674
323,123747,208,316,231,345,219,330,123675
323,123748,398,274,421,297,409,285,123676
323,123749,300,52,321,84,310,68,123677
323,123750,245,52,267,78,256,65,123678
323,123751,610,0,637,21,623,10,123679
323,123752,278,290,302,312,290,301,123680
323,123753,271,75,291,105,281,90,123681
323,123754,503,26,524,56,513,41,123682
323,123755,574,69,609,96,591,82,123683
323,123756,261,177,281,210,271,193,123684
323,123757,411,15,435,33,423,24,123685
323,123758,379,12,405,40,392,26,123686
323,123759,611,48,637,74,624,61,123687
323,123760,294,227,315,254,304,240,123688
323,123761,119,90,137,115,128,102,123689
323,123762,391,30,410,57,400,43,123690
323,123763,232,84,256,107,244,95,123691
323,123764,548,307,575,328,561,317,123692
323,123765,36,121,54,142,45,131,123693
323,123766,72,130,88,155,80,142,123694
323,123767,57,98,80,123,68,110,123695
323,123768,229,50,249,74,239,62,123696
323,123769,200,13,220,34,210,23,123697
323,123770,212,24,237,45,224,34,123698
323,123771,37,159,55,177,46,168,123699
323,123772,40,88,56,114,48,101,123700
323,123773,486,254,512,277,499,265,123701
323,123774,31,274,45,297,38,285,123702
323,123775,275,7,293,36,284,21,123703
323,123776,322,2,339,21,330,11,123704
323,123777,128,0,187,23,157,11,123705
323,123778,52,17,67,53,59,35,123706
323,123779,132,0,151,13,141,6,123707
323,123780,164,0,178,4,171,2,123708
323,123781,528,25,555,41,541,33,123709
323,123782,328,245,350,266,339,255,123710
323,123783,217,0,229,8,223,4,123711
323,123784,182,83,208,103,195,93,123712
323,123785,196,56,213,83,204,69,123713
323,123786,353,264,373,289,363,276,123714
323,123787,315,127,337,153,326,140,123715
323,123788,307,98,334,121,320,109,123716
323,123789,363,64,384,90,373,77,123717
323,123790,610,311,639,326,624,318,123718
323,123791,344,303,371,324,357,313,123719
323,123792,561,0,599,12,580,6,123720
323,123793,597,341,619,359,608,350,123721
323,123794,376,280,396,296,386,288,123722
323,123795,529,173,553,192,541,182,123723
323,123796,346,58,366,80,356,69,123724
323,123797,614,86,637,120,625,103,123725
323,123798,27,244,48,263,37,253,123726
323,123799,113,300,130,321,121,310,123727
323,123800,36,226,58,244,47,235,123728
323,123801,565,351,594,359,579,355,123729
323,123802,355,292,378,310,366,301,123730
323,123803,526,162,552,173,539,167,123731
323,123804,44,191,58,205,51,198,
323,123805,409,0,425,4,417,2,
323,123806,69,190,83,214,76,202,123732
323,123807,609,326,638,338,623,332,
324,123808,444,0,532,73,488,36,123733
324,123809,539,247,570,274,554,260,123734
324,123810,596,234,621,263,608,248,123735
324,123811,468,183,490,229,479,206,123736
324,123812,597,127,623,164,610,145,123737
324,123813,267,1,345,50,306,25,123738
324,123814,381,121,403,156,392,138,123739
324,123815,528,70,557,96,542,83,123740
324,123816,417,114,442,145,429,129,123741
324,123817,60,165,83,185,71,175,123742
324,123818,544,207,578,231,561,219,123743
324,123819,96,167,115,197,105,182,123744
324,123820,359,38,380,60,369,49,123745
324,123821,425,53,449,82,437,67,123746
324,123822,208,316,231,345,219,330,123747
324,123823,398,274,421,297,409,285,123748
324,123824,300,52,321,84,310,68,123749
324,123825,246,52,267,78,256,65,123750
324,123826,610,0,638,21,624,10,123751
324,123827,278,290,302,312,290,301,123752
324,123828,271,75,291,105,281,90,123753
324,123829,503,26,524,56,513,41,123754
324,123830,574,69,610,96,592,82,123755
324,123831,261,177,281,210,271,193,123756
324,123832,412,14,435,32,423,23,123757
324,123833,379,12,405,40,392,26,123758
324,123834,612,48,637,74,624,61,123759
324,123835,294,227,315,254,304,240,123760
324,123836,119,89,136,115,127,102,123761
324,123837,391,30,410,56,400,43,123762
324,123838,232,84,256,107,244,95,123763
324,123839,551,308,579,329,565,318,123764
324,123840,36,121,54,142,45,131,123765
324,123841,72,130,88,155,80,142,123766
324,123842,57,98,80,123,68,110,123767
324,123843,229,50,249,74,239,62,123768
324,123844,200,13,220,35,210,24,123769
324,123845,212,24,237,45,224,34,123770
324,123846,37,159,55,177,46,168,123771
324,123847,40,88,56,114,48,101,123772
324,123848,486,254,512,277,499,265,123773
324,123849,31,273,45,297,38,285,123774
324,123850,275,5,293,36,284,20,123775
324,123851,322,2,339,21,330,11,123776
324,123852,127,0,188,23,157,11,123777
324,123853,52,17,67,53,59,35,123778
324,123854,132,0,152,13,142,6,123779
324,123855,164,0,179,4,171,2,123780
324,123856,527,25,555,40,541,32,123781
324,123857,329,245,350,266,339,255,123782
324,123858,217,0,229,8,223,4,123783
324,123859,182,83,208,103,195,93,123784
324,123860,196,56,213,83,204,69,123785
324,123861,353,265,374,290,363,277,123786
324,123862,315,127,338,153,326,140,123787
324,123863,307,98,334,121,320,109,123788
324,123864,363,63,384,89,373,76,123789
324,123865,613,311,640,327,626,319,123790
324,123866,345,303,371,324,358,313,123791
324,123867,561,0,599,11,580,5,123792
324,123868,597,341,620,359,608,350,123793
324,123869,376,280,396,296,386,288,123794
324,123870,529,174,553,192,541,183,123795
324,123871,346,58,366,80,356,69,123796
324,123872,615,86,637,120,626,103,123797
324,123873,27,244,48,263,37,253,123798
324,123874,114,301,131,323,122,312,123799
324,123875,36,226,58,244,47,235,123800
324,123876,565,351,594,359,579,355,123801
324,123877,355,290,379,311,367,300,123802
324,123878,525,162,552,173,538,167,123803
324,123879,44,191,58,205,51,198,123804
324,123880,410,0,424,4,417,2,123805
324,123881,70,188,83,213,76,200,123806
324,123882,609,326,639,339,624,332,123807
324,123883,407,294,429,303,418,298,
324,123884,201,275,222,295,211,285,
325,123885,444,0,532,73,488,36,123808
325,123886,539,247,570,274,554,260,123809
325,123887,596,234,621,263,608,248,123810
325,123888,468,183,490,229,479,206,123811
325,123889,597,127,623,164,610,145,123812
325,123890,267,1,345,50,306,25,123813
325,123891,381,121,403,156,392,138,123814
325,123892,528,70,557,96,542,83,123815
325,123893,417,114,441,145,429,129,123816
325,123894,60,165,83,185,71,175,123817
325,123895,544,207,578,231,561,219,123818
325,123896,96,167,115,197,105,182,123819
325,123897,359,38,379,60,369,49,123820
325,123898,426,51,449,82,437,66,123821
325,123899,208,316,231,345,219,330,123822
325,123900,398,274,420,297,409,285,123823
325,123901,300,52,321,84,310,68,123824
325,123902,246,52,267,78,256,65,123825
325,123903,610,0,638,21,624,10,123826
325,123904,278,290,302,312,290,301,123827
325,123905,271,75,291,105,281,90,123828
325,123906,503,27,524,56,513,41,123829
325,123907,574,69,609,96,591,82,123830
325,123908,261,177,281,210,271,193,123831
325,123909,412,14,435,32,423,23,123832
325,123910,379,12,405,40,392,26,123833
325,123911,612,48,637,74,624,61,123834
325,123912,294,227,315,254,304,240,123835
325,123913,119,89,136,115,127,102,123836
325,123914,391,29,410,55,400,42,123837
325,123915,232,84,256,107,244,95,123838
325,123916,555,310,583,330,569,320,123839
325,123917,36,121,54,142,45,131,123840
325,123918,72,130,88,155,80,142,123841
325,123919,57,98,80,123,68,110,123842
325,123920,229,50,249,74,239,62,123843
325,123921,200,13,220,35,210,24,123844
325,123922,211,24,237,45,224,34,123845
325,123923,37,159,55,177,46,168,123846
325,123924,40,88,56,114,48,101,123847
325,123925,486,254,512,277,499,265,123848
325,123926,31,273,45,297,38,285,123849
325,123927,275,5,293,36,284,20,123850
325,123928,322,2,339,21,330,11,123851
325,123929,127,0,188,23,157,11,123852
325,123930,52,17,67,53,59,35,123853
325,123931,132,0,152,13,142,6,123854
325,123932,164,0,179,4,171,2,123855
325,123933,527,25,555,40,541,32,123856
325,123934,329,245,350,266,339,255,123857
325,123935,217,0,229,8,223,4,123858
325,123936,182,83,208,103,195,93,123859
325,123937,196,56,213,83,204,69,123860
325,123938,353,265,374,290,363,277,123861
325,123939,315,127,338,153,326,140,123862
325,123940,307,98,334,121,320,109,123863
325,123941,363,62,384,89,373,75,123864
325,123942,617,310,640,329,628,319,123865
325,123943,345,303,371,324,358,313,123866
325,123944,560,0,598,11,579,5,123867
325,123945,597,341,619,359,608,350,123868
325,123946,376,280,396,296,386,288,123869
325,123947,529,174,553,192,541,183,123870
325,123948,346,58,366,80,356,69,123871
325,123949,615,86,637,120,626,103,123872
325,123950,27,244,48,263,37,253,123873
325,123951,115,301,132,325,123,313,123874
325,123952,36,226,58,244,47,235,123875
325,123953,565,351,594,359,579,355,123876
325,123954,355,290,379,311,367,300,123877
325,123955,525,162,552,173,538,167,123878
325,123956,44,191,58,205,51,198,123879
325,123957,411,0,423,4,417,2,123880
325,123958,70,188,82,212,76,200,123881
325,123959,608,325,639,340,623,332,123882
325,123960,407,293,429,303,418,298,123883
326,123961,444,0,532,73,488,36,123885
326,123962,539,247,570,273,554,260,123886
326,123963,596,234,621,263,608,248,123887
326,123964,468,183,490,229,479,206,123888
326,123965,597,127,623,164,610,145,123889
326,123966,267,1,346,50,306,25,123890
326,123967,381,121,403,156,392,138,123891
326,123968,528,70,557,96,542,83,123892
326,123969,417,114,441,145,429,129,123893
326,123970,60,165,83,184,71,174,123894
326,123971,544,207,578,231,561,219,123895
326,123972,96,167,115,197,105,182,123896
326,123973,359,38,379,59,369,48,123897
326,123974,426,50,449,81,437,65,123898
326,123975,208,316,231,345,219,330,123899
326,123976,398,274,420,297,409,285,123900
326,123977,300,52,321,84,310,68,123901
326,123978,246,52,267,78,256,65,123902
326,123979,610,0,638,21,624,10,123903
326,123980,278,290,302,312,290,301,123904
326,123981,271,75,291,105,281,90,123905
326,123982,503,26,524,56,513,41,123906
326,123983,574,69,609,96,591,82,123907
326,123984,261,177,281,210,271,193,123908
326,123985,412,14,435,32,423,23,123909
326,123986,379,12,405,40,392,26,123910
326,123987,612,48,637,74,624,61,123911
326,123988,294,227,315,254,304,240,123912
326,123989,119,89,137,115,128,102,123913
326,123990,391,29,410,53,400,41,123914
326,123991,232,84,256,107,244,95,123915
326,123992,558,311,586,331,572,321,123916
326,123993,36,121,54,142,45,131,123917
326,123994,72,130,88,155,80,142,123918
326,123995,57,98,80,123,68,110,123919
326,123996,229,50,249,74,239,62,123920
326,123997,200,13,220,35,210,24,123921
326,123998,211,24,237,45,224,34,123922
326,123999,37,159,55,177,46,168,123923
326,124000,40,88,56,114,48,101,123924
326,124001,486,254,512,277,499,265,123925
326,124002,31,273,45,297,38,285,123926
326,124003,275,5,293,36,284,20,123927
326,124004,322,2,339,21,330,11,123928
326,124005,128,0,188,23,158,11,123929
326,124006,52,17,67,53,59,35,123930
326,124007,132,0,152,13,142,6,123931
326,124008,164,0,179,4,171,2,123932
326,124009,528,25,555,40,541,32,123933
326,124010,329,245,350,266,339,255,123934
326,124011,217,0,229,8,223,4,123935
326,124012,182,83,208,103,195,93,123936
326,124013,196,55,213,83,204,69,123937
326,124014,353,265,374,290,363,277,123938
326,124015,315,127,338,153,326,140,123939
326,124016,307,98,334,121,320,109,123940
326,124017,363,60,384,89,373,74,123941
326,124018,620,310,640,331,630,320,123942
326,124019,345,301,371,324,358,312,123943
326,124020,560,0,597,11,578,5,123944
326,124021,597,341,619,359,608,350,123945
326,124022,376,280,396,297,386,288,123946
326,124023,529,174,553,192,541,183,123947
326,124024,345,58,366,80,355,69,123948
326,124025,615,86,637,120,626,103,123949
326,124026,27,243,48,263,37,253,123950
326,124027,115,302,132,325,123,313,123951
326,124028,36,226,58,244,47,235,123952
326,124029,565,351,593,359,579,355,123953
326,124030,355,291,379,311,367,301,123954
326,124031,525,162,552,173,538,167,123955
326,124032,44,189,58,205,51,197,123956
326,124033,411,0,427,5,419,2,123957
326,124034,70,187,83,211,76,199,123958
326,124035,608,325,639,340,623,332,123959
326,124036,406,293,429,304,417,298,123960
327,124037,444,0,532,73,488,36,123961
327,124038,539,247,570,273,554,260,123962
327,124039,596,234,621,263,608,248,123963
327,124040,468,183,490,229,479,206,123964
327,124041,597,127,623,164,610,145,123965
327,124042,267,1,346,50,306,25,123966
327,124043,381,121,403,156,392,138,123967
327,124044,528,70,557,96,542,83,123968
327,124045,417,114,441,145,429,129,123969
327,124046,60,165,83,184,71,174,123970
327,124047,544,207,578,231,561,219,123971
327,124048,96,167,115,197,105,182,123972
327,124049,359,38,379,59,369,48,123973
327,124050,427,49,449,81,438,65,123974
327,124051,208,316,231,345,219,330,123975
327,124052,398,274,420,297,409,285,123976
327,124053,300,52,321,84,310,68,123977
327,124054,246,52,267,78,256,65,123978
327,124055,610,0,638,21,624,10,123979
327,124056,278,290,302,312,290,301,123980
327,124057,271,75,291,105,281,90,123981
327,124058,503,26,524,56,513,41,123982
327,124059,574,69,609,96,591,82,123983
327,124060,261,177,281,210,271,193,123984
327,124061,412,14,436,31,424,22,123985
327,124062,379,12,405,40,392,26,123986
327,124063,611,48,637,74,624,61,123987
327,124064,294,227,315,254,304,240,123988
327,124065,119,89,137,115,128,102,123989
327,124066,391,29,411,53,401,41,123990
327,124067,232,84,256,107,244,95,123991
327,124068,561,313,590,332,575,322,123992
327,124069,36,121,54,142,45,131,123993
327,124070,72,130,88,155,80,142,123994
327,124071,57,98,80,123,68,110,123995
327,124072,229,50,250,74,239,62,123996
327,124073,200,13,220,35,210,24,123997
327,124074,211,24,237,45,224,34,123998
327,124075,37,159,55,177,46,168,123999
327,124076,40,88,56,114,48,101,124000
327,124077,486,254,512,277,499,265,124001
327,124078,31,273,44,297,37,285,124002
327,124079,275,5,293,36,284,20,124003
327,124080,322,2,339,21,330,11,124004
327,124081,128,0,187,23,157,11,124005
327,124082,52,17,67,53,59,35,124006
327,124083,132,0,152,13,142,6,124007
327,124084,164,0,179,4,171,2,124008
327,124085,528,25,555,40,541,32,124009
327,124086,329,245,350,266,339,255,124010
327,124087,217,0,229,8,223,4,124011
327,124088,182,83,208,103,195,93,124012
327,124089,196,55,213,83,204,69,124013
327,124090,353,265,375,290,364,277,124014
327,124091,315,127,338,153,326,140,124015
327,124092,307,98,334,121,320,109,124016
327,124093,363,59,384,89,373,74,124017
327,124094,623,310,640,330,631,320,124018
327,124095,346,301,371,324,358,312,124019
327,124096,560,0,597,11,578,5,124020
327,124097,597,341,619,359,608,350,124021
327,124098,376,280,396,297,386,288,124022
327,124099,529,174,553,192,541,183,124023
327,124100,345,58,366,80,355,69,124024
327,124101,615,86,636,120,625,103,124025
327,124102,26,243,48,263,37,253,124026
327,124103,115,303,132,326,123,314,124027
327,124104,36,226,58,244,47,235,124028
327,124105,565,351,593,359,579,355,124029
327,124106,355,292,379,310,367,301,124030
327,124107,525,162,552,173,538,167,124031
327,124108,44,189,58,205,51,197,124032
327,124109,411,0,428,5,419,2,124033
327,124110,70,187,84,210,77,198,124034
327,124111,608,325,639,340,623,332,124035
327,124112,406,293,429,304,417,298,124036
328,124113,443,0,532,73,487,36,124037
328,124114,539,247,570,273,554,260,124038
328,124115,596,234,621,263,608,248,124039
328,124116,468,183,490,229,479,206,124040
328,124117,597,127,623,164,610,145,124041
328,124118,267,1,346,50,306,25,124042
328,124119,381,121,403,156,392,138,124043
328,124120,528,70,557,96,542,83,124044
328,124121,417,114,441,145,429,129,124045
328,124122,60,165,83,184,71,174,124046
328,124123,544,207,578,231,561,219,124047
328,124124,96,167,115,197,105,182,124048
328,124125,359,38,379,59,369,48,124049
328,124126,427,49,449,80,438,64,124050
328,124127,208,316,231,345,219,330,124051
328,124128,398,274,419,298,408,286,124052
328,124129,300,52,321,84,310,68,124053
328,124130,246,52,267,78,256,65,124054
328,124131,610,0,638,21,624,10,124055
328,124132,278,290,302,312,290,301,124056
328,124133,271,75,291,105,281,90,124057
328,124134,503,26,524,56,513,41,124058
328,124135,574,69,610,96,592,82,124059
328,124136,261,177,281,210,271,193,124060
328,124137,412,14,435,31,423,22,124061
328,124138,379,12,405,40,392,26,124062
328,124139,611,48,637,74,624,61,124063
328,124140,294,227,315,254,304,240,124064
328,124141,119,89,137,115,128,102,124065
328,124142,391,30,412,53,401,41,124066
328,124143,232,84,256,107,244,95,124067
328,124144,564,315,591,332,577,323,124068
328,124145,36,121,54,142,45,131,124069
328,124146,72,130,88,155,80,142,124070
328,124147,57,98,80,123,68,110,124071
328,124148,229,50,250,74,239,62,124072
328,124149,200,13,220,34,210,23,124073
328,124150,211,24,237,45,224,34,124074
328,124151,37,159,55,177,46,168,124075
328,124152,40,87,56,114,48,100,124076
328,124153,486,254,512,277,499,265,124077
328,124154,31,273,44,297,37,285,124078
328,124155,275,6,293,35,284,20,124079
328,124156,322,2,339,21,330,11,124080
328,124157,128,0,187,23,157,11,124081
328,124158,52,17,67,53,59,35,124082
328,124159,132,0,152,13,142,6,124083
328,124160,164,0,179,4,171,2,124084
328,124161,527,25,555,40,541,32,124085
328,124162,329,245,350,266,339,255,124086
328,124163,217,0,229,8,223,4,124087
328,124164,182,83,208,103,195,93,124088
328,124165,196,55,213,83,204,69,124089
328,124166,353,265,375,290,364,277,124090
328,124167,315,127,338,153,326,140,124091
328,124168,307,98,334,121,320,109,124092
328,124169,363,58,384,89,373,73,124093
328,124170,626,310,639,331,632,320,124094
328,124171,346,299,371,324,358,311,124095
328,124172,560,0,597,11,578,5,124096
328,124173,597,341,619,359,608,350,124097
328,124174,376,280,396,297,386,288,124098
328,124175,529,174,553,192,541,183,124099
328,124176,345,58,366,80,355,69,124100
328,124177,615,86,636,120,625,103,124101
328,124178,26,244,48,263,37,253,124102
328,124179,115,303,132,326,123,314,124103
328,124180,36,226,58,244,47,235,124104
328,124181,354,293,379,310,366,301,124106
328,124182,525,162,552,173,538,167,124107
328,124183,44,189,58,205,51,197,124108
328,124184,412,0,428,5,420,2,124109
328,124185,71,186,85,208,78,197,124110
328,124186,608,325,639,340,623,332,124111
328,124187,406,293,429,304,417,298,124112
328,124188,201,275,222,295,211,285,
329,124189,443,0,532,73,487,36,124113
329,124190,539,247,570,273,554,260,124114
329,124191,596,234,621,263,608,248,124115
329,124192,468,183,490,229,479,206,124116
329,124193,597,127,623,164,610,145,124117
329,124194,267,1,346,50,306,25,124118
329,124195,381,121,403,156,392,138,124119
329,124196,528,70,557,96,542,83,124120
329,124197,417,114,441,145,429,129,124121
329,124198,60,165,83,184,71,174,124122
329,124199,544,207,578,231,561,219,124123
329,124200,96,167,115,198,105,182,124124
329,124201,359,37,379,59,369,48,124125
329,124202,427,49,449,80,438,64,124126
329,124203,208,316,231,345,219,330,124127
329,124204,398,274,419,298,408,286,124128
329,124205,300,52,321,84,310,68,124129
329,124206,246,52,267,78,256,65,124130
329,124207,609,0,638,21,623,10,124131
329,124208,278,290,302,312,290,301,124132
329,124209,271,75,291,105,281,90,124133
329,124210,503,26,524,56,513,41,124134
329,124211,574,69,609,96,591,82,124135
329,124212,261,177,281,210,271,193,124136
329,124213,412,14,435,31,423,22,124137
329,124214,379,12,405,40,392,26,124138
329,124215,611,48,637,74,624,61,124139
329,124216,294,227,314,254,304,240,124140
329,124217,119,89,137,115,128,102,124141
329,124218,392,29,413,53,402,41,124142
329,124219,232,84,256,107,244,95,124143
329,124220,566,316,595,332,580,324,124144
329,124221,36,121,54,142,45,131,124145
329,124222,72,130,88,155,80,142,124146
329,124223,57,98,80,123,68,110,124147
329,124224,229,50,250,74,239,62,124148
329,124225,200,13,220,34,210,23,124149
329,124226,211,24,237,45,224,34,124150
329,124227,37,159,55,177,46,168,124151
329,124228,40,87,56,114,48,100,124152
329,124229,486,254,512,277,499,265,124153
329,124230,31,273,44,297,37,285,124154
329,124231,275,7,293,35,284,21,124155
329,124232,322,2,339,21,330,11,124156
329,124233,128,0,187,23,157,11,124157
329,124234,52,17,67,53,59,35,124158
329,124235,132,0,152,13,142,6,124159
329,124236,164,0,179,4,171,2,124160
329,124237,527,25,555,40,541,32,124161
329,124238,328,244,350,266,339,255,124162
329,124239,217,0,229,8,223,4,124163
329,124240,182,83,208,103,195,93,124164
329,124241,196,55,213,83,204,69,124165
329,124242,354,266,375,290,364,278,124166
329,124243,315,127,338,153,326,140,124167
329,124244,307,98,334,121,320,109,124168
329,124245,363,58,384,89,373,73,124169
329,124246,628,311,639,333,633,322,124170
329,124247,346,297,371,324,358,310,124171
329,124248,560,0,598,11,579,5,124172
329,124249,597,341,619,359,608,350,124173
329,124250,376,280,396,297,386,288,124174
329,124251,529,174,553,192,541,183,124175
329,124252,345,58,366,80,355,69,124176
329,124253,614,86,636,119,625,102,124177
329,124254,26,244,48,263,37,253,124178
329,124255,115,303,132,325,123,314,124179
329,124256,36,226,58,244,47,235,124180
329,124257,356,292,379,310,367,301,124181
329,124258,525,162,552,173,538,167,124182
329,124259,44,189,58,205,51,197,124183
329,124260,412,0,429,5,420,2,124184
329,124261,72,183,86,205,79,194,124185
329,124262,608,325,638,340,623,332,124186
329,124263,407,294,429,309,418,301,124187
329,124264,201,275,222,295,211,285,124188
330,124265,443,0,532,73,487,36,124189
330,124266,539,247,570,273,554,260,124190
330,124267,596,234,621,263,608,248,124191
330,124268,468,183,490,229,479,206,124192
330,124269,597,127,623,164,610,145,124193
330,124270,267,1,346,50,306,25,124194
330,124271,381,121,403,156,392,138,124195
330,124272,528,70,557,96,542,83,124196
330,124273,417,114,441,145,429,129,124197
330,124274,60,165,83,184,71,174,124198
330,124275,544,207,578,231,561,219,124199
330,124276,96,167,115,198,105,182,124200
330,124277,359,36,379,59,369,47,124201
330,124278,427,49,449,80,438,64,124202
330,124279,208,316,231,345,219,330,124203
330,124280,398,274,419,298,408,286,124204
330,124281,300,52,321,84,310,68,124205
330,124282,246,52,267,78,256,65,124206
330,124283,609,0,638,21,623,10,124207
330,124284,278,290,302,312,290,301,124208
330,124285,271,75,291,105,281,90,124209
330,124286,503,26,524,56,513,41,124210
330,124287,574,69,609,96,591,82,124211
330,124288,261,177,281,210,271,193,124212
330,124289,412,14,435,31,423,22,124213
330,124290,379,12,405,41,392,26,124214
330,124291,611,48,637,74,624,61,124215
330,124292,294,227,314,254,304,240,124216
330,124293,119,89,137,115,128,102,124217
330,124294,393,29,413,53,403,41,124218
330,124295,232,84,256,107,244,95,124219
330,124296,567,316,596,332,581,324,124220
330,124297,36,121,54,142,45,131,124221
330,124298,72,130,88,155,80,142,124222
330,124299,57,98,80,123,68,110,124223
330,124300,229,50,250,74,239,62,124224
330,124301,200,13,220,34,210,23,124225
330,124302,211,24,237,45,224,34,124226
330,124303,37,159,55,177,46,168,124227
330,124304,40,87,56,114,48,100,124228
330,124305,486,254,512,277,499,265,124229
330,124306,31,273,44,297,37,285,124230
330,124307,275,7,293,35,284,21,124231
330,124308,322,2,339,21,330,11,124232
330,124309,128,0,187,23,157,11,124233
330,124310,52,17,67,53,59,35,124234
330,124311,132,0,152,13,142,6,124235
330,124312,164,0,179,4,171,2,124236
330,124313,527,25,555,40,541,32,124237
330,124314,328,244,350,266,339,255,124238
330,124315,217,0,229,8,223,4,124239
330,124316,182,83,208,103,195,93,124240
330,124317,196,55,213,83,204,69,124241
330,124318,354,266,375,290,364,278,124242
330,124319,315,127,338,153,326,140,124243
330,124320,307,98,334,121,320,109,124244
330,124321,363,58,384,89,373,73,124245
330,124322,629,311,639,333,634,322,124246
330,124323,346,297,371,324,358,310,124247
330,124324,560,0,598,11,579,5,124248
330,124325,597,341,619,359,608,350,124249
330,124326,376,280,396,297,386,288,124250
330,124327,528,174,553,192,540,183,124251
330,124328,345,58,366,80,355,69,124252
330,124329,614,86,636,119,625,102,124253
330,124330,26,243,48,263,37,253,124254
330,124331,115,303,132,325,123,314,124255
330,124332,36,226,58,244,47,235,124256
330,124333,357,292,379,310,368,301,124257
330,124334,525,162,552,173,538,167,124258
330,124335,44,189,58,205,51,197,124259
330,124336,412,0,430,5,421,2,124260
330,124337,72,182,86,204,79,193,124261
330,124338,607,325,638,340,622,332,124262
330,124339,407,294,429,311,418,302,124263
330,124340,201,275,222,295,211,285,124264
331,124341,444,0,532,73,488,36,124265
331,124342,539,247,570,274,554,260,124266
331,124343,596,234,621,263,608,248,124267
331,124344,468,183,490,229,479,206,124268
331,124345,597,127,623,164,610,145,124269
331,124346,267,1,346,50,306,25,124270
331,124347,381,121,403,157,392,139,124271
331,124348,528,70,557,96,542,83,124272
331,124349,417,114,441,145,429,129,124273
331,124350,60,165,83,185,71,175,124274
331,124351,544,207,578,231,561,219,124275
331,124352,96,167,115,198,105,182,124276
331,124353,359,36,379,59,369,47,124277
331,124354,427,49,450,80,438,64,124278
331,124355,208,316,231,345,219,330,124279
331,124356,398,274,419,297,408,285,124280
331,124357,300,52,321,84,310,68,124281
331,124358,246,52,267,78,256,65,124282
331,124359,609,0,638,21,623,10,124283
331,124360,278,290,302,312,290,301,124284
331,124361,271,75,291,105,281,90,124285
331,124362,503,26,524,56,513,41,124286
331,124363,573,69,610,97,591,83,124287
331,124364,261,177,281,210,271,193,124288
331,124365,412,14,435,30,423,22,124289
331,124366,379,12,404,41,391,26,124290
331,124367,611,48,637,74,624,61,124291
331,124368,294,227,314,254,304,240,124292
331,124369,119,89,137,115,128,102,124293
331,124370,394,29,415,54,404,41,124294
331,124371,232,84,256,107,244,95,124295
331,124372,569,316,598,333,583,324,124296
331,124373,36,121,54,142,45,131,124297
331,124374,72,130,88,155,80,142,124298
331,124375,57,98,80,123,68,110,124299
331,124376,229,50,250,74,239,62,124300
331,124377,200,13,220,34,210,23,124301
331,124378,212,24,237,45,224,34,124302
331,124379,37,159,55,177,46,168,124303
331,124380,40,87,56,114,48,100,124304
331,124381,486,254,512,277,499,265,124305
331,124382,31,273,45,297,38,285,124306
331,124383,275,8,293,35,284,21,124307
331,124384,322,2,339,21,330,11,124308
331,124385,128,0,188,23,158,11,124309
331,124386,52,17,67,53,59,35,124310
331,124387,132,0,151,13,141,6,124311
331,124388,164,0,178,4,171,2,124312
331,124389,527,26,555,40,541,33,124313
331,124390,328,244,350,266,339,255,124314
331,124391,217,0,229,8,223,4,124315
331,124392,182,83,208,103,195,93,124316
331,124393,196,55,213,83,204,69,124317
331,124394,354,266,375,290,364,278,124318
331,124395,315,127,338,153,326,140,124319
331,124396,307,98,334,121,320,109,124320
331,124397,363,58,384,88,373,73,124321
331,124398,630,311,639,335,634,323,124322
331,124399,346,296,371,324,358,310,124323
331,124400,560,0,599,11,579,5,124324
331,124401,597,341,619,359,608,350,124325
331,124402,375,280,396,296,385,288,124326
331,124403,528,174,553,192,540,183,124327
331,124404,345,58,366,81,355,69,124328
331,124405,614,86,636,119,625,102,124329
331,124406,25,243,48,264,36,253,124330
331,124407,115,303,132,325,123,314,124331
331,124408,36,227,58,244,47,235,124332
331,124409,359,291,379,310,369,300,124333
331,124410,525,162,552,173,538,167,124334
331,124411,44,190,58,205,51,197,124335
331,124412,412,0,430,5,421,2,124336
331,124413,73,179,86,203,79,191,124337
331,124414,607,325,638,340,622,332,124338
331,124415,407,294,430,315,418,304,124339
331,124416,201,275,222,295,211,285,124340
331,124417,565,351,592,359,578,355,
332,124418,444,0,532,73,488,36,124341
332,124419,539,247,570,274,554,260,124342
332,124420,596,234,621,263,608,248,124343
332,124421,468,183,490,229,479,206,124344
332,124422,597,127,623,164,610,145,124345
332,124423,267,1,346,50,306,25,124346
332,124424,381,121,403,157,392,139,124347
332,124425,528,70,557,96,542,83,124348
332,124426,417,114,441,145,429,129,124349
332,124427,60,165,82,185,71,175,124350
332,124428,544,207,578,231,561,219,124351
332,124429,96,167,115,197,105,182,124352
332,124430,360,37,380,60,370,48,124353
332,124431,427,49,450,80,438,64,124354
332,124432,208,316,231,345,219,330,124355
332,124433,398,274,419,297,408,285,124356
332,124434,300,52,321,84,310,68,124357
332,124435,246,52,267,78,256,65,124358
332,124436,609,0,638,21,623,10,124359
332,124437,278,290,302,312,290,301,124360
332,124438,271,75,291,105,281,90,124361
332,124439,503,26,524,56,513,41,124362
332,124440,573,69,610,97,591,83,124363
332,124441,261,177,281,210,271,193,124364
332,124442,412,14,435,30,423,22,124365
332,124443,379,12,403,41,391,26,124366
332,124444,611,48,637,74,624,61,124367
332,124445,294,227,313,254,303,240,124368
332,124446,118,89,137,114,127,101,124369
332,124447,395,29,416,54,405,41,124370
332,124448,232,84,256,107,244,95,124371
332,124449,572,316,600,333,586,324,124372
332,124450,36,121,54,142,45,131,124373
332,124451,71,130,88,155,79,142,124374
332,124452,57,98,80,123,68,110,124375
332,124453,229,50,250,74,239,62,124376
332,124454,200,13,220,34,210,23,124377
332,124455,212,24,237,45,224,34,124378
332,124456,37,159,55,177,46,168,124379
332,124457,40,88,56,114,48,101,124380
332,124458,486,255,512,277,499,266,124381
332,124459,31,273,45,297,38,285,124382
332,124460,275,9,293,35,284,22,124383
332,124461,322,2,339,21,330,11,124384
332,124462,128,0,188,23,158,11,124385
332,124463,52,17,67,53,59,35,124386
332,124464,132,0,151,13,141,6,124387
332,124465,164,0,178,4,171,2,124388
332,124466,527,26,555,40,541,33,124389
332,124467,328,244,350,266,339,255,124390
332,124468,217,0,229,8,223,4,124391
332,124469,182,82,208,103,195,92,124392
332,124470,196,55,213,83,204,69,124393
332,124471,354,266,375,290,364,278,124394
332,124472,315,127,338,153,326,140,124395
332,124473,307,98,334,121,320,109,124396
332,124474,363,58,384,88,373,73,124397
332,124475,347,296,371,323,359,309,124399
332,124476,560,0,599,11,579,5,124400
332,124477,597,341,619,359,608,350,124401
332,124478,375,280,396,296,385,288,124402
332,124479,528,174,553,192,540,183,124403
332,124480,345,58,366,81,355,69,124404
332,124481,613,87,636,118,624,102,124405
332,124482,25,243,48,264,36,253,124406
332,124483,115,303,132,325,123,314,124407
332,124484,36,227,58,244,47,235,124408
332,124485,526,161,552,173,539,167,124410
332,124486,44,190,58,205,51,197,124411
332,124487,412,0,430,5,421,2,124412
332,124488,73,178,87,203,80,190,124413
332,124489,608,325,638,340,623,332,124414
332,124490,407,294,430,316,418,305,124415
332,124491,201,275,222,295,211,285,124416
332,124492,564,351,592,359,578,355,124417
333,124493,444,0,532,73,488,36,124418
333,124494,539,247,570,274,554,260,124419
333,124495,596,234,621,263,608,248,124420
333,124496,468,183,490,229,479,206,124421
333,124497,597,127,623,164,610,145,124422
333,124498,267,1,346,51,306,26,124423
333,124499,381,121,403,157,392,139,124424
333,124500,528,70,557,96,542,83,124425
333,124501,416,114,441,145,428,129,124426
333,124502,60,165,83,185,71,175,124427
333,124503,544,207,578,231,561,219,124428
333,124504,96,167,115,198,105,182,124429
333,124505,360,37,380,60,370,48,124430
333,124506,427,49,450,80,438,64,124431
333,124507,208,316,231,345,219,330,124432
333,124508,398,274,419,297,408,285,124433
333,124509,300,52,321,84,310,68,124434
333,124510,246,52,267,78,256,65,124435
333,124511,609,0,638,21,623,10,124436
333,124512,278,290,302,312,290,301,124437
333,124513,271,75,291,105,281,90,124438
333,124514,503,26,524,56,513,41,124439
333,124515,573,69,610,97,591,83,124440
333,124516,261,178,282,210,271,194,124441
333,124517,412,14,435,30,423,22,124442
333,124518,379,12,403,41,391,26,124443
333,124519,611,48,637,74,624,61,124444
333,124520,294,226,313,254,303,240,124445
333,124521,118,89,137,114,127,101,124446
333,124522,396,30,418,54,407,42,124447
333,124523,232,84,256,107,244,95,124448
333,124524,574,315,602,333,588,324,124449
333,124525,36,121,54,142,45,131,124450
333,124526,71,130,88,155,79,142,124451
333,124527,57,98,80,123,68,110,124452
333,124528,229,50,249,74,239,62,124453
333,124529,200,13,220,34,210,23,124454
333,124530,212,24,237,45,224,34,124455
333,124531,37,159,55,177,46,168,124456
333,124532,40,88,56,114,48,101,124457
333,124533,486,254,512,277,499,265,124458
333,124534,31,273,45,297,38,285,124459
333,124535,275,9,293,36,284,22,124460
333,124536,322,2,339,21,330,11,124461
333,124537,128,0,188,22,158,11,124462
333,124538,52,17,67,53,59,35,124463
333,124539,132,0,151,13,141,6,124464
333,124540,164,0,178,4,171,2,124465
333,124541,527,26,555,40,541,33,124466
333,124542,328,244,350,266,339,255,124467
333,124543,217,0,229,8,223,4,124468
333,124544,182,82,208,103,195,92,124469
333,124545,196,55,213,83,204,69,124470
333,124546,354,266,375,290,364,278,124471
333,124547,315,127,338,153,326,140,124472
333,124548,307,98,334,121,320,109,124473
333,124549,363,59,383,88,373,73,124474
333,124550,347,296,370,323,358,309,124475
333,124551,560,0,599,11,579,5,124476
333,124552,597,341,619,359,608,350,124477
333,124553,376,280,396,296,386,288,124478
333,124554,529,174,553,192,541,183,124479
333,124555,345,58,366,81,355,69,124480
333,124556,613,87,636,118,624,102,124481
333,124557,25,243,48,264,36,253,124482
333,124558,115,303,132,325,123,314,124483
333,124559,36,227,58,244,47,235,124484
333,124560,525,161,552,173,538,167,124485
333,124561,44,190,58,205,51,197,124486
333,124562,412,0,430,5,421,2,124487
333,124563,73,179,87,202,80,190,124488
333,124564,608,325,638,340,623,332,124489
333,124565,408,294,431,317,419,305,124490
333,124566,564,351,593,359,578,355,124492
334,124567,443,0,532,73,487,36,124493
334,124568,539,247,570,274,554,260,124494
334,124569,596,234,621,263,608,248,124495
334,124570,468,183,490,229,479,206,124496
334,124571,597,127,623,164,610,145,124497
334,124572,267,1,346,51,306,26,124498
334,124573,381,121,403,157,392,139,124499
334,124574,528,70,557,95,542,82,124500
334,124575,416,114,441,145,428,129,124501
334,124576,60,165,83,185,71,175,124502
334,124577,544,207,578,231,561,219,124503
334,124578,96,167,115,198,105,182,124504
334,124579,361,38,381,61,371,49,124505
334,124580,427,49,450,80,438,64,124506
334,124581,208,316,231,345,219,330,124507
334,124582,398,274,419,298,408,286,124508
334,124583,300,52,321,84,310,68,124509
334,124584,246,52,267,78,256,65,124510
334,124585,609,0,638,21,623,10,124511
334,124586,278,290,302,312,290,301,124512
334,124587,271,75,291,105,281,90,124513
334,124588,503,26,524,56,513,41,124514
334,124589,573,69,610,97,591,83,124515
334,124590,261,178,282,210,271,194,124516
334,124591,412,14,435,30,423,22,124517
334,124592,378,12,403,41,390,26,124518
334,124593,611,48,637,74,624,61,124519
334,124594,294,225,313,254,303,239,124520
334,124595,118,89,137,114,127,101,124521
334,124596,396,30,419,54,407,42,124522
334,124597,232,84,256,107,244,95,124523
334,124598,576,315,603,333,589,324,124524
334,124599,36,121,54,142,45,131,124525
334,124600,71,130,88,155,79,142,124526
334,124601,57,98,80,123,68,110,124527
334,124602,229,50,249,74,239,62,124528
334,124603,200,13,220,34,210,23,124529
334,124604,212,24,237,45,224,34,124530
334,124605,37,159,55,177,46,168,124531
334,124606,40,88,56,114,48,101,124532
334,124607,486,254,512,277,499,265,124533
334,124608,31,273,45,297,38,285,124534
334,124609,275,9,293,36,284,22,124535
334,124610,322,2,339,21,330,11,124536
334,124611,128,0,188,22,158,11,124537
334,124612,52,17,67,53,59,35,124538
334,124613,132,0,151,13,141,6,124539
334,124614,164,0,178,4,171,2,124540
334,124615,527,26,555,40,541,33,124541
334,124616,328,244,350,266,339,255,124542
334,124617,217,0,229,8,223,4,124543
334,124618,182,82,208,103,195,92,124544
334,124619,196,55,213,83,204,69,124545
334,124620,354,266,375,290,364,278,124546
334,124621,315,127,338,153,326,140,124547
334,124622,307,98,334,121,320,109,124548
334,124623,363,59,383,88,373,73,124549
334,124624,347,295,370,322,358,308,124550
334,124625,560,0,599,11,579,5,124551
334,124626,597,341,619,359,608,350,124552
334,124627,376,280,396,296,386,288,124553
334,124628,529,174,553,192,541,183,124554
334,124629,346,58,367,81,356,69,124555
334,124630,613,87,635,118,624,102,124556
334,124631,25,243,48,264,36,253,124557
334,124632,115,303,132,325,123,314,124558
334,124633,36,227,58,244,47,235,124559
334,124634,525,161,552,173,538,167,124560
334,124635,44,190,58,205,51,197,124561
334,124636,411,0,431,5,421,2,124562
334,124637,73,178,88,201,80,189,124563
334,124638,608,324,639,340,623,332,124564
334,124639,408,294,431,317,419,305,124565
334,124640,564,351,592,359,578,355,124566
335,124641,443,0,532,73,487,36,124567
335,124642,539,247,570,274,554,260,124568
335,124643,596,234,621,263,608,248,124569
335,124644,468,183,490,229,479,206,124570
335,124645,597,127,623,164,610,145,124571
335,124646,267,1,346,51,306,26,124572
335,124647,381,121,403,157,392,139,124573
335,124648,528,70,557,95,542,82,124574
335,124649,416,114,441,145,428,129,124575
335,124650,60,165,83,185,71,175,124576
335,124651,544,207,578,231,561,219,124577
335,124652,96,167,115,198,105,182,124578
335,124653,361,38,382,61,371,49,124579
335,124654,427,49,450,80,438,64,124580
335,124655,208,316,231,345,219,330,124581
335,124656,398,274,419,298,408,286,124582
335,124657,300,52,321,84,310,68,124583
335,124658,246,52,267,78,256,65,124584
335,124659,609,0,638,21,623,10,124585
335,124660,278,290,302,312,290,301,124586
335,124661,271,75,291,105,281,90,124587
335,124662,503,26,524,56,513,41,124588
335,124663,573,69,610,97,591,83,124589
335,124664,261,178,282,210,271,194,124590
335,124665,412,14,435,30,423,22,124591
335,124666,378,12,403,41,390,26,124592
335,124667,611,48,637,74,624,61,124593
335,124668,294,225,313,254,303,239,124594
335,124669,118,89,137,114,127,101,124595
335,124670,396,30,420,55,408,42,124596
335,124671,232,84,256,107,244,95,124597
335,124672,577,315,603,334,590,324,124598
335,124673,36,121,54,142,45,131,124599
335,124674,71,130,88,155,79,142,124600
335,124675,57,98,80,123,68,110,124601
335,124676,229,50,249,74,239,62,124602
335,124677,200,13,220,34,210,23,124603
335,124678,212,24,237,45,224,34,124604
335,124679,37,159,55,177,46,168,124605
335,124680,40,88,56,114,48,101,124606
335,124681,486,254,512,277,499,265,124607
335,124682,31,273,46,297,38,285,124608
335,124683,275,9,293,36,284,22,124609
335,124684,322,2,339,21,330,11,124610
335,124685,128,0,188,22,158,11,124611
335,124686,52,17,67,53,59,35,124612
335,124687,132,0,151,13,141,6,124613
335,124688,164,0,178,4,171,2,124614
335,124689,527,26,556,41,541,33,124615
335,124690,328,244,350,266,339,255,124616
335,124691,217,0,229,8,223,4,124617
335,124692,182,82,208,103,195,92,124618
335,124693,196,55,213,83,204,69,124619
335,124694,354,265,375,290,364,277,124620
335,124695,315,127,338,153,326,140,124621
335,124696,307,98,334,121,320,109,124622
335,124697,363,60,383,88,373,74,124623
335,124698,347,295,371,321,359,308,124624
335,124699,560,0,599,11,579,5,124625
335,124700,597,341,619,359,608,350,124626
335,124701,376,280,396,296,386,288,124627
335,124702,529,174,553,192,541,183,124628
335,124703,346,59,366,81,356,70,124629
335,124704,613,87,635,117,624,102,124630
335,124705,25,243,48,264,36,253,124631
335,124706,115,304,132,326,123,315,124632
335,124707,36,226,58,244,47,235,124633
335,124708,526,161,552,173,539,167,124634
335,124709,44,190,58,205,51,197,124635
335,124710,411,0,431,5,421,2,124636
335,124711,73,178,88,200,80,189,124637
335,124712,608,323,639,340,623,331,124638
335,124713,409,294,432,317,420,305,124639
335,124714,564,351,593,359,578,355,124640
335,124715,201,275,222,295,211,285,
336,124716,443,0,532,73,487,36,124641
336,124717,539,247,570,274,554,260,124642
336,124718,596,234,621,263,608,248,124643
336,124719,468,183,490,229,479,206,124644
336,124720,597,127,623,164,610,145,124645
336,124721,267,1,346,51,306,26,124646
336,124722,381,121,403,157,392,139,124647
336,124723,528,70,557,95,542,82,124648
336,124724,416,114,441,145,428,129,124649
336,124725,60,165,83,185,71,175,124650
336,124726,544,207,578,231,561,219,124651
336,124727,96,167,115,198,105,182,124652
336,124728,361,38,382,61,371,49,124653
336,124729,427,50,450,81,438,65,124654
336,124730,208,316,231,345,219,330,124655
336,124731,398,274,419,298,408,286,124656
336,124732,300,52,321,84,310,68,124657
336,124733,246,52,267,78,256,65,124658
336,124734,609,0,638,21,623,10,124659
336,124735,278,290,302,312,290,301,124660
336,124736,271,75,291,105,281,90,124661
336,124737,503,26,524,56,513,41,124662
336,124738,574,69,610,97,592,83,124663
336,124739,261,178,281,210,271,194,124664
336,124740,412,14,435,30,423,22,124665
336,124741,378,12,403,41,390,26,124666
336,124742,611,48,637,75,624,61,124667
336,124743,294,224,313,254,303,239,124668
336,124744,118,89,137,114,127,101,124669
336,124745,396,31,420,55,408,43,124670
336,124746,232,84,256,107,244,95,124671
336,124747,578,315,604,334,591,324,124672
336,124748,36,121,54,142,45,131,124673
336,124749,71,130,88,155,79,142,124674
336,124750,57,98,80,123,68,110,124675
336,124751,228,50,249,74,238,62,124676
336,124752,200,13,220,34,210,23,124677
336,124753,212,24,237,45,224,34,124678
336,124754,37,159,55,177,46,168,124679
336,124755,40,88,56,114,48,101,124680
336,124756,486,254,511,277,498,265,124681
336,124757,31,273,46,297,38,285,124682
336,124758,275,9,293,36,284,22,124683
336,124759,322,2,339,21,330,11,124684
336,124760,128,0,188,22,158,11,124685
336,124761,52,17,67,53,59,35,124686
336,124762,132,0,151,13,141,6,124687
336,124763,164,0,178,4,171,2,124688
336,124764,527,26,556,41,541,33,124689
336,124765,328,244,350,266,339,255,124690
336,124766,217,0,229,8,223,4,124691
336,124767,182,82,208,103,195,92,124692
336,124768,196,55,213,83,204,69,124693
336,124769,354,265,375,289,364,277,124694
336,124770,315,127,338,153,326,140,124695
336,124771,307,98,334,121,320,109,124696
336,124772,363,60,383,88,373,74,124697
336,124773,347,294,371,321,359,307,124698
336,124774,560,0,599,11,579,5,124699
336,124775,597,341,619,359,608,350,124700
336,124776,376,280,396,296,386,288,124701
336,124777,529,174,553,192,541,183,124702
336,124778,346,59,366,81,356,70,124703
336,124779,612,87,635,117,623,102,124704
336,124780,25,243,48,264,36,253,124705
336,124781,115,304,132,326,123,315,124706
336,124782,36,226,58,244,47,235,124707
336,124783,526,161,552,173,539,167,124708
336,124784,44,190,58,205,51,197,124709
336,124785,411,0,431,5,421,2,124710
336,124786,74,177,88,199,81,188,124711
336,124787,608,323,639,340,623,331,124712
336,124788,409,294,432,317,420,305,124713
336,124789,565,351,593,359,579,355,124714
336,124790,201,275,222,295,211,285,124715
337,124791,444,0,532,73,488,36,124716
337,124792,539,247,570,274,554,260,124717
337,124793,596,234,621,263,608,248,124718
337,124794,468,183,490,229,479,206,124719
337,124795,597,127,623,164,610,145,124720
337,124796,267,1,346,51,306,26,124721
337,124797,381,121,403,157,392,139,124722
337,124798,528,70,557,95,542,82,124723
337,124799,416,114,441,145,428,129,124724
337,124800,60,165,87,189,73,177,124725
337,124801,544,207,578,231,561,219,124726
337,124802,96,167,115,198,105,182,124727
337,124803,361,38,382,61,371,49,124728
337,124804,427,50,450,80,438,65,124729
337,124805,208,316,231,345,219,330,124730
337,124806,398,274,419,299,408,286,124731
337,124807,300,52,321,84,310,68,124732
337,124808,246,52,267,78,256,65,124733
337,124809,609,0,638,21,623,10,124734
337,124810,278,290,302,312,290,301,124735
337,124811,271,75,291,105,281,90,124736
337,124812,503,26,524,56,513,41,124737
337,124813,573,69,610,97,591,83,124738
337,124814,261,177,281,210,271,193,124739
337,124815,412,14,435,31,423,22,124740
337,124816,378,12,403,41,390,26,124741
337,124817,611,48,637,75,624,61,124742
337,124818,294,224,313,254,303,239,124743
337,124819,118,89,137,115,127,102,124744
337,124820,397,31,420,55,408,43,124745
337,124821,232,84,256,107,244,95,124746
337,124822,578,316,604,334,591,325,124747
337,124823,36,121,54,142,45,131,124748
337,124824,71,130,88,155,79,142,124749
337,124825,57,98,80,123,68,110,124750
337,124826,228,50,249,74,238,62,124751
337,124827,200,13,220,34,210,23,124752
337,124828,212,24,237,45,224,34,124753
337,124829,37,159,55,177,46,168,124754
337,124830,40,88,56,114,48,101,124755
337,124831,486,254,512,277,499,265,124756
337,124832,31,273,46,297,38,285,124757
337,124833,275,9,293,36,284,22,124758
337,124834,322,2,339,21,330,11,124759
337,124835,128,0,188,22,158,11,124760
337,124836,52,17,67,53,59,35,124761
337,124837,132,0,151,13,141,6,124762
337,124838,164,0,178,4,171,2,124763
337,124839,528,26,556,41,542,33,124764
337,124840,328,244,350,266,339,255,124765
337,124841,217,0,229,8,223,4,124766
337,124842,182,82,208,103,195,92,124767
337,124843,196,55,213,83,204,69,124768
337,124844,354,265,375,289,364,277,124769
337,124845,315,127,338,153,326,140,124770
337,124846,307,98,334,121,320,109,124771
337,124847,363,60,383,88,373,74,124772
337,124848,347,294,371,320,359,307,124773
337,124849,560,0,598,11,579,5,124774
337,124850,597,340,619,359,608,349,124775
337,124851,376,280,396,296,386,288,124776
337,124852,529,174,553,192,541,183,124777
337,124853,346,59,366,81,356,70,124778
337,124854,612,86,635,117,623,101,124779
337,124855,25,243,48,264,36,253,124780
337,124856,116,304,132,326,124,315,124781
337,124857,36,226,58,244,47,235,124782
337,124858,526,161,552,173,539,167,124783
337,124859,409,0,431,5,420,2,124785
337,124860,608,323,639,340,623,331,124787
337,124861,411,294,433,317,422,305,124788
337,124862,564,351,594,359,579,355,124789
338,124863,444,0,532,73,488,36,124791
338,124864,539,247,570,274,554,260,124792
338,124865,596,234,621,263,608,248,124793
338,124866,468,183,490,229,479,206,124794
338,124867,597,127,623,164,610,145,124795
338,124868,267,1,346,51,306,26,124796
338,124869,381,121,403,157,392,139,124797
338,124870,528,70,557,95,542,82,124798
338,124871,416,114,441,145,428,129,124799
338,124872,60,165,85,190,72,177,124800
338,124873,544,207,578,231,561,219,124801
338,124874,96,167,115,198,105,182,124802
338,124875,361,38,382,61,371,49,124803
338,124876,427,50,450,80,438,65,124804
338,124877,208,316,231,345,219,330,124805
338,124878,398,274,419,299,408,286,124806
338,124879,300,52,321,84,310,68,124807
338,124880,246,52,267,78,256,65,124808
338,124881,609,0,638,21,623,10,124809
338,124882,278,290,302,312,290,301,124810
338,124883,271,75,291,105,281,90,124811
338,124884,503,25,524,56,513,40,124812
338,124885,574,69,610,97,592,83,124813
338,124886,261,177,281,210,271,193,124814
338,124887,412,14,436,31,424,22,124815
338,124888,378,12,403,41,390,26,124816
338,124889,611,48,637,75,624,61,124817
338,124890,294,224,313,254,303,239,124818
338,124891,118,89,137,115,127,102,124819
338,124892,397,31,420,55,408,43,124820
338,124893,232,84,256,107,244,95,124821
338,124894,579,317,605,334,592,325,124822
338,124895,36,121,54,142,45,131,124823
338,124896,71,130,88,155,79,142,124824
338,124897,57,98,80,123,68,110,124825
338,124898,228,50,250,74,239,62,124826
338,124899,200,13,220,34,210,23,124827
338,124900,212,24,237,45,224,34,124828
338,124901,37,159,55,177,46,168,124829
338,124902,40,88,56,114,48,101,124830
338,124903,486,254,512,277,499,265,124831
338,124904,31,273,46,297,38,285,124832
338,124905,275,9,293,35,284,22,124833
338,124906,322,2,339,21,330,11,124834
338,124907,128,0,188,22,158,11,124835
338,124908,52,17,67,53,59,35,124836
338,124909,132,0,151,13,141,6,124837
338,124910,164,0,178,4,171,2,124838
338,124911,529,25,556,42,542,33,124839
338,124912,328,244,350,266,339,255,124840
338,124913,217,0,229,8,223,4,124841
338,124914,182,82,208,103,195,92,124842
338,124915,196,56,213,83,204,69,124843
338,124916,354,265,375,289,364,277,124844
338,124917,315,127,338,153,326,140,124845
338,124918,307,98,334,121,320,109,124846
338,124919,363,60,383,88,373,74,124847
338,124920,347,293,377,320,362,306,124848
338,124921,560,0,598,11,579,5,124849
338,124922,597,340,619,359,608,349,124850
338,124923,376,280,397,296,386,288,124851
338,124924,529,174,553,192,541,183,124852
338,124925,346,59,366,81,356,70,124853
338,124926,612,85,635,117,623,101,124854
338,124927,25,243,48,264,36,253,124855
338,124928,116,305,132,327,124,316,124856
338,124929,36,226,58,244,47,235,124857
338,124930,526,161,552,173,539,167,124858
338,124931,409,0,431,5,420,2,124859
338,124932,608,323,639,340,623,331,124860
338,124933,411,293,433,316,422,304,124861
338,124934,564,351,594,359,579,355,124862
338,124935,75,171,90,196,82,183,
339,124936,444,0,532,73,488,36,124863
339,124937,539,247,570,274,554,260,124864
339,124938,596,234,621,263,608,248,124865
339,124939,468,183,490,229,479,206,124866
339,124940,597,127,623,164,610,145,124867
339,124941,267,1,346,51,306,26,124868
339,124942,381,121,403,157,392,139,124869
339,124943,528,70,557,95,542,82,124870
339,124944,416,114,442,145,429,129,124871
339,124945,60,165,79,187,69,176,124872
339,124946,544,207,578,231,561,219,124873
339,124947,96,167,115,198,105,182,124874
339,124948,361,38,382,61,371,49,124875
339,124949,427,50,450,80,438,65,124876
339,124950,208,316,231,345,219,330,124877
339,124951,398,274,419,299,408,286,124878
339,124952,300,52,321,84,310,68,124879
339,124953,246,52,267,78,256,65,124880
339,124954,609,0,638,21,623,10,124881
339,124955,278,290,302,312,290,301,124882
339,124956,271,75,291,105,281,90,124883
339,124957,503,25,524,56,513,40,124884
339,124958,574,69,610,97,592,83,124885
339,124959,261,177,281,210,271,193,124886
339,124960,412,14,437,31,424,22,124887
339,124961,378,12,403,41,390,26,124888
339,124962,611,48,637,75,624,61,124889
339,124963,294,225,313,254,303,239,124890
339,124964,118,89,137,115,127,102,124891
339,124965,398,31,420,56,409,43,124892
339,124966,232,84,256,107,244,95,124893
339,124967,579,318,604,334,591,326,124894
339,124968,36,121,54,142,45,131,124895
339,124969,72,130,88,155,80,142,124896
339,124970,57,98,80,123,68,110,124897
339,124971,228,50,250,74,239,62,124898
339,124972,200,13,220,34,210,23,124899
339,124973,212,24,237,45,224,34,124900
339,124974,37,158,55,177,46,167,124901
339,124975,40,88,56,114,48,101,124902
339,124976,486,254,512,277,499,265,124903
339,124977,31,273,46,297,38,285,124904
339,124978,275,9,294,35,284,22,124905
339,124979,322,2,339,21,330,11,124906
339,124980,128,0,188,22,158,11,124907
339,124981,52,17,67,53,59,35,124908
339,124982,132,0,151,13,141,6,124909
339,124983,164,0,178,4,171,2,124910
339,124984,530,25,556,42,543,33,124911
339,124985,328,244,350,266,339,255,124912
339,124986,217,0,229,8,223,4,124913
339,124987,182,82,208,103,195,92,124914
339,124988,196,56,213,83,204,69,124915
339,124989,354,265,375,289,364,277,124916
339,124990,315,127,338,153,326,140,124917
339,124991,307,98,334,121,320,109,124918
339,124992,363,60,383,88,373,74,124919
339,124993,347,292,379,319,363,305,124920
339,124994,560,0,599,10,579,5,124921
339,124995,597,340,619,359,608,349,124922
339,124996,376,280,397,296,386,288,124923
339,124997,529,174,553,192,541,183,124924
339,124998,346,59,366,81,356,70,124925
339,124999,612,84,634,117,623,100,124926
339,125000,26,243,48,264,37,253,124927
339,125001,117,305,132,328,124,316,124928
339,125002,36,226,58,244,47,235,124929
339,125003,526,161,552,173,539,167,124930
339,125004,408,0,430,5,419,2,124931
339,125005,608,323,639,340,623,331,124932
339,125006,411,293,433,313,422,303,124933
339,125007,564,351,594,359,579,355,124934
339,125008,75,169,90,194,82,181,124935
340,125009,444,0,532,73,488,36,124936
340,125010,539,247,570,274,554,260,124937
340,125011,596,234,621,263,608,248,124938
340,125012,468,183,490,229,479,206,124939
340,125013,597,127,623,164,610,145,124940
340,125014,268,1,346,51,307,26,124941
340,125015,381,121,403,157,392,139,124942
340,125016,528,70,557,95,542,82,124943
340,125017,416,114,442,145,429,129,124944
340,125018,60,165,77,186,68,175,124945
340,125019,544,207,578,231,561,219,124946
340,125020,96,167,116,198,106,182,124947
340,125021,361,38,382,61,371,49,124948
340,125022,427,49,450,80,438,64,124949
340,125023,208,316,231,345,219,330,124950
340,125024,398,274,419,299,408,286,124951
340,125025,300,52,321,84,310,68,124952
340,125026,246,52,267,78,256,65,124953
340,125027,609,0,638,20,623,10,124954
340,125028,278,290,302,312,290,301,124955
340,125029,271,75,292,105,281,90,124956
340,125030,503,25,524,56,513,40,124957
340,125031,574,69,610,97,592,83,124958
340,125032,261,177,281,210,271,193,124959
340,125033,412,14,438,31,425,22,124960
340,125034,378,12,403,41,390,26,124961
340,125035,611,48,637,75,624,61,124962
340,125036,293,224,314,254,303,239,124963
340,125037,118,89,137,115,127,102,124964
340,125038,398,31,420,56,409,43,124965
340,125039,232,84,256,107,244,95,124966
340,125040,579,319,604,334,591,326,124967
340,125041,36,121,54,142,45,131,124968
340,125042,72,130,88,155,80,142,124969
340,125043,57,98,80,123,68,110,124970
340,125044,228,50,250,74,239,62,124971
340,125045,200,13,220,34,210,23,124972
340,125046,212,24,237,45,224,34,124973
340,125047,37,158,55,177,46,167,124974
340,125048,40,88,56,114,48,101,124975
340,125049,486,254,512,277,499,265,124976
340,125050,31,273,46,296,38,284,124977
340,125051,275,9,295,35,285,22,124978
340,125052,322,2,339,21,330,11,124979
340,125053,128,0,188,22,158,11,124980
340,125054,52,17,67,53,59,35,124981
340,125055,132,0,151,13,141,6,124982
340,125056,164,0,178,4,171,2,124983
340,125057,530,25,556,42,543,33,124984
340,125058,328,244,350,266,339,255,124985
340,125059,217,0,229,8,223,4,124986
340,125060,182,82,208,103,195,92,124987
340,125061,196,56,213,83,204,69,124988
340,125062,354,265,375,290,364,277,124989
340,125063,315,127,338,153,326,140,124990
340,125064,307,98,334,121,320,109,124991
340,125065,363,60,383,88,373,74,124992
340,125066,347,292,380,318,363,305,124993
340,125067,560,0,600,10,580,5,124994
340,125068,597,340,619,359,608,349,124995
340,125069,376,280,397,296,386,288,124996
340,125070,529,174,553,192,541,183,124997
340,125071,346,59,367,81,356,70,124998
340,125072,612,84,634,117,623,100,124999
340,125073,26,243,48,264,37,253,125000
340,125074,118,306,133,329,125,317,125001
340,125075,36,226,58,244,47,235,125002
340,125076,526,162,552,173,539,167,125003
340,125077,408,0,429,5,418,2,125004
340,125078,608,323,638,340,623,331,125005
340,125079,411,293,433,311,422,302,125006
340,125080,564,351,594,359,579,355,125007
340,125081,76,167,90,192,83,179,125008
340,125082,44,190,58,205,51,197,
341,125083,443,0,532,73,487,36,125009
341,125084,539,247,570,274,554,260,125010
341,125085,596,234,621,263,608,248,125011
341,125086,468,183,490,229,479,206,125012
341,125087,597,127,623,164,610,145,125013
341,125088,268,1,346,51,307,26,125014
341,125089,381,121,403,157,392,139,125015
341,125090,528,70,557,95,542,82,125016
341,125091,416,114,442,145,429,129,125017
341,125092,60,165,76,185,68,175,125018
341,125093,544,207,578,231,561,219,125019
341,125094,96,167,116,198,106,182,125020
341,125095,361,38,382,61,371,49,125021
341,125096,428,49,450,81,439,65,125022
341,125097,208,316,231,345,219,330,125023
341,125098,398,274,419,299,408,286,125024
341,125099,300,52,321,84,310,68,125025
341,125100,246,52,267,78,256,65,125026
341,125101,609,0,638,20,623,10,125027
341,125102,278,290,302,312,290,301,125028
341,125103,271,75,292,105,281,90,125029
341,125104,503,25,524,56,513,40,125030
341,125105,574,69,610,97,592,83,125031
341,125106,261,177,281,210,271,193,125032
341,125107,412,14,438,31,425,22,125033
341,125108,378,12,403,41,390,26,125034
341,125109,611,48,637,75,624,61,125035
341,125110,293,224,314,254,303,239,125036
341,125111,118,89,137,115,127,102,125037
341,125112,398,31,420,55,409,43,125038
341,125113,232,84,256,107,244,95,125039
341,125114,579,319,605,334,592,326,125040
341,125115,36,121,54,142,45,131,125041
341,125116,71,130,88,155,79,142,125042
341,125117,57,98,80,123,68,110,125043
341,125118,228,50,250,74,239,62,125044
341,125119,200,13,220,34,210,23,125045
341,125120,211,24,237,45,224,34,125046
341,125121,37,158,55,177,46,167,125047
341,125122,40,88,56,114,48,101,125048
341,125123,486,254,512,277,499,265,125049
341,125124,31,273,46,297,38,285,125050
341,125125,275,9,296,35,285,22,125051
341,125126,322,2,339,21,330,11,125052
341,125127,128,0,188,22,158,11,125053
341,125128,52,17,67,53,59,35,125054
341,125129,132,0,151,13,141,6,125055
341,125130,164,0,178,4,171,2,125056
341,125131,530,25,556,42,543,33,125057
341,125132,328,244,350,266,339,255,125058
341,125133,217,0,229,8,223,4,125059
341,125134,182,82,208,103,195,92,125060
341,125135,196,56,213,83,204,69,125061
341,125136,354,265,375,290,364,277,125062
341,125137,315,127,338,153,326,140,125063
341,125138,307,98,334,121,320,109,125064
341,125139,363,60,383,87,373,73,125065
341,125140,347,293,381,318,364,305,125066
341,125141,560,0,600,10,580,5,125067
341,125142,597,340,619,358,608,349,125068
341,125143,376,280,397,296,386,288,125069
341,125144,529,174,553,192,541,183,125070
341,125145,346,59,367,81,356,70,125071
341,125146,612,84,634,117,623,100,125072
341,125147,26,243,48,264,37,253,125073
341,125148,118,307,134,329,126,318,125074
341,125149,36,226,58,244,47,235,125075
341,125150,527,162,552,173,539,167,125076
341,125151,408,0,430,5,419,2,125077
341,125152,609,324,638,340,623,332,125078
341,125153,411,293,433,315,422,304,125079
341,125154,564,351,594,359,579,355,125080
341,125155,76,166,90,191,83,178,125081
341,125156,586,8,607,23,596,15,
342,125157,443,0,532,73,487,36,125083
342,125158,539,247,570,274,554,260,125084
342,125159,596,234,621,263,608,248,125085
342,125160,468,183,490,229,479,206,125086
342,125161,597,127,623,164,610,145,125087
342,125162,268,1,346,51,307,26,125088
342,125163,381,121,403,157,392,139,125089
342,125164,528,70,557,95,542,82,125090
342,125165,416,114,442,145,429,129,125091
342,125166,60,165,76,185,68,175,125092
342,125167,544,207,578,231,561,219,125093
342,125168,96,167,116,198,106,182,125094
342,125169,361,38,382,61,371,49,125095
342,125170,428,48,450,81,439,64,125096
342,125171,208,316,231,345,219,330,125097
342,125172,398,274,419,299,408,286,125098
342,125173,300,52,321,84,310,68,125099
342,125174,246,52,267,78,256,65,125100
342,125175,609,0,638,20,623,10,125101
342,125176,278,290,302,312,290,301,125102
342,125177,271,75,292,105,281,90,125103
342,125178,503,25,524,56,513,40,125104
342,125179,574,69,610,97,592,83,125105
342,125180,261,177,281,210,271,193,125106
342,125181,412,14,438,31,425,22,125107
342,125182,378,12,403,41,390,26,125108
342,125183,611,48,637,75,624,61,125109
342,125184,293,224,314,254,303,239,125110
342,125185,118,89,137,115,127,102,125111
342,125186,398,31,420,55,409,43,125112
342,125187,232,84,256,107,244,95,125113
342,125188,579,320,605,334,592,327,125114
342,125189,36,121,54,142,45,131,125115
342,125190,71,130,88,155,79,142,125116
342,125191,57,98,80,123,68,110,125117
342,125192,228,50,250,74,239,62,125118
342,125193,200,13,220,34,210,23,125119
342,125194,211,24,237,45,224,34,125120
342,125195,37,158,55,177,46,167,125121
342,125196,40,88,56,114,48,101,125122
342,125197,486,254,512,277,499,265,125123
342,125198,31,273,46,297,38,285,125124
342,125199,276,9,296,36,286,22,125125
342,125200,322,2,339,21,330,11,125126
342,125201,128,0,188,22,158,11,125127
342,125202,52,17,67,53,59,35,125128
342,125203,132,0,151,13,141,6,125129
342,125204,164,0,178,4,171,2,125130
342,125205,530,25,556,42,543,33,125131
342,125206,328,244,350,266,339,255,125132
342,125207,217,0,229,8,223,4,125133
342,125208,182,82,208,103,195,92,125134
342,125209,196,56,213,83,204,69,125135
342,125210,354,265,375,290,364,277,125136
342,125211,315,127,338,153,326,140,125137
342,125212,307,98,334,121,320,109,125138
342,125213,363,60,383,87,373,73,125139
342,125214,347,293,381,318,364,305,125140
342,125215,560,0,600,10,580,5,125141
342,125216,597,340,619,358,608,349,125142
342,125217,376,280,397,296,386,288,125143
342,125218,529,174,553,192,541,183,125144
342,125219,346,59,367,81,356,70,125145
342,125220,612,84,634,117,623,100,125146
342,125221,26,243,48,264,37,253,125147
342,125222,118,307,134,329,126,318,125148
342,125223,36,226,58,244,47,235,125149
342,125224,527,162,552,173,539,167,125150
342,125225,408,0,430,5,419,2,125151
342,125226,609,324,638,340,623,332,125152
342,125227,411,293,433,316,422,304,125153
342,125228,564,351,594,359,579,355,125154
342,125229,76,165,90,191,83,178,125155
342,125230,586,8,607,23,596,15,125156
343,125231,443,0,532,73,487,36,125157
343,125232,539,247,570,274,554,260,125158
343,125233,596,234,621,263,608,248,125159
343,125234,468,183,490,229,479,206,125160
343,125235,597,127,623,164,610,145,125161
343,125236,268,1,346,51,307,26,125162
343,125237,381,121,403,157,392,139,125163
343,125238,528,70,557,95,542,82,125164
343,125239,416,114,442,145,429,129,125165
343,125240,60,165,76,185,68,175,125166
343,125241,544,207,578,231,561,219,125167
343,125242,96,167,116,199,106,183,125168
343,125243,361,38,382,61,371,49,125169
343,125244,429,47,451,81,440,64,125170
343,125245,208,316,231,345,219,330,125171
343,125246,398,274,419,299,408,286,125172
343,125247,300,52,321,84,310,68,125173
343,125248,246,52,267,78,256,65,125174
343,125249,609,0,638,20,623,10,125175
343,125250,278,290,302,312,290,301,125176
343,125251,271,75,292,105,281,90,125177
343,125252,503,25,524,56,513,40,125178
343,125253,574,69,610,97,592,83,125179
343,125254,261,177,281,210,271,193,125180
343,125255,412,14,438,31,425,22,125181
343,125256,378,12,403,41,390,26,125182
343,125257,611,48,637,74,624,61,125183
343,125258,294,225,314,255,304,240,125184
343,125259,118,89,137,115,127,102,125185
343,125260,398,31,420,55,409,43,125186
343,125261,232,84,256,107,244,95,125187
343,125262,579,320,606,334,592,327,125188
343,125263,36,121,54,142,45,131,125189
343,125264,71,130,88,155,79,142,125190
343,125265,57,98,80,123,68,110,125191
343,125266,228,50,250,74,239,62,125192
343,125267,200,13,220,34,210,23,125193
343,125268,211,24,237,45,224,34,125194
343,125269,37,158,55,177,46,167,125195
343,125270,40,88,56,114,48,101,125196
343,125271,486,254,512,277,499,265,125197
343,125272,31,273,46,297,38,285,125198
343,125273,276,9,296,36,286,22,125199
343,125274,322,2,339,21,330,11,125200
343,125275,128,0,188,22,158,11,125201
343,125276,52,17,67,53,59,35,125202
343,125277,132,0,151,13,141,6,125203
343,125278,164,0,178,4,171,2,125204
343,125279,530,26,556,42,543,34,125205
343,125280,328,244,350,266,339,255,125206
343,125281,217,0,229,8,223,4,125207
343,125282,182,82,208,103,195,92,125208
343,125283,196,56,213,83,204,69,125209
343,125284,354,265,375,290,364,277,125210
343,125285,315,127,338,153,326,140,125211
343,125286,307,98,334,121,320,109,125212
343,125287,363,60,383,87,373,73,125213
343,125288,347,293,381,318,364,305,125214
343,125289,560,0,600,11,580,5,125215
343,125290,596,340,619,358,607,349,125216
343,125291,376,280,397,296,386,288,125217
343,125292,529,174,553,192,541,183,125218
343,125293,345,59,367,81,356,70,125219
343,125294,612,83,634,117,623,100,125220
343,125295,26,243,48,264,37,253,125221
343,125296,119,310,135,330,127,320,125222
343,125297,36,226,58,244,47,235,125223
343,125298,527,162,552,173,539,167,125224
343,125299,409,0,431,6,420,3,125225
343,125300,609,324,638,340,623,332,125226
343,125301,412,294,433,317,422,305,125227
343,125302,563,351,594,359,578,355,125228
343,125303,76,165,90,189,83,177,125229
343,125304,586,9,607,23,596,16,125230
344,125305,444,0,532,73,488,36,125231
344,125306,539,247,570,274,554,260,125232
344,125307,596,234,621,263,608,248,125233
344,125308,468,183,490,229,479,206,125234
344,125309,597,127,623,164,610,145,125235
344,125310,268,1,346,51,307,26,125236
344,125311,381,121,403,157,392,139,125237
344,125312,528,70,557,95,542,82,125238
344,125313,416,114,442,145,429,129,125239
344,125314,60,165,76,185,68,175,125240
344,125315,544,207,578,231,561,219,125241
344,125316,96,167,116,198,106,182,125242
344,125317,361,38,382,61,371,49,125243
344,125318,430,46,450,81,440,63,125244
344,125319,208,316,231,345,219,330,125245
344,125320,398,274,419,299,408,286,125246
344,125321,300,52,321,84,310,68,125247
344,125322,246,52,267,78,256,65,125248
344,125323,609,0,638,20,623,10,125249
344,125324,278,290,302,312,290,301,125250
344,125325,271,75,292,105,281,90,125251
344,125326,503,25,524,56,513,40,125252
344,125327,574,69,610,97,592,83,125253
344,125328,261,177,281,210,271,193,125254
344,125329,412,14,438,30,425,22,125255
344,125330,378,12,403,41,390,26,125256
344,125331,611,48,637,74,624,61,125257
344,125332,294,226,314,255,304,240,125258
344,125333,118,89,137,115,127,102,125259
344,125334,398,30,420,55,409,42,125260
344,125335,232,84,256,107,244,95,125261
344,125336,579,320,606,333,592,326,125262
344,125337,36,121,54,142,45,131,125263
344,125338,71,130,88,155,79,142,125264
344,125339,57,98,80,123,68,110,125265
344,125340,228,50,250,74,239,62,125266
344,125341,200,13,220,34,210,23,125267
344,125342,211,24,237,45,224,34,125268
344,125343,37,159,55,177,46,168,125269
344,125344,40,88,56,114,48,101,125270
344,125345,486,254,512,277,499,265,125271
344,125346,31,273,47,297,39,285,125272
344,125347,276,11,296,36,286,23,125273
344,125348,322,2,339,21,330,11,125274
344,125349,128,0,188,23,158,11,125275
344,125350,52,17,67,53,59,35,125276
344,125351,132,0,151,13,141,6,125277
344,125352,164,0,178,4,171,2,125278
344,125353,530,26,556,42,543,34,125279
344,125354,328,244,350,266,339,255,125280
344,125355,217,0,229,8,223,4,125281
344,125356,182,82,208,103,195,92,125282
344,125357,196,56,213,83,204,69,125283
344,125358,354,265,375,290,364,277,125284
344,125359,315,127,338,153,326,140,125285
344,125360,307,98,334,120,320,109,125286
344,125361,363,60,383,87,373,73,125287
344,125362,347,293,381,318,364,305,125288
344,125363,561,0,601,11,581,5,125289
344,125364,596,340,619,358,607,349,125290
344,125365,376,280,397,296,386,288,125291
344,125366,529,174,553,192,541,183,125292
344,125367,345,58,366,81,355,69,125293
344,125368,612,83,634,117,623,100,125294
344,125369,26,243,48,264,37,253,125295
344,125370,120,312,136,332,128,322,125296
344,125371,36,226,58,244,47,235,125297
344,125372,526,162,552,173,539,167,125298
344,125373,409,0,432,6,420,3,125299
344,125374,609,324,638,340,623,332,125300
344,125375,412,294,433,317,422,305,125301
344,125376,563,351,594,359,578,355,125302
344,125377,76,165,90,188,83,176,125303
344,125378,586,9,607,23,596,16,125304
344,125379,201,275,222,295,211,285,
345,125380,444,0,532,73,488,36,125305
345,125381,539,247,570,274,554,260,125306
345,125382,596,234,621,263,608,248,125307
345,125383,468,183,490,229,479,206,125308
345,125384,597,127,623,164,610,145,125309
345,125385,267,1,346,51,306,26,125310
345,125386,381,121,403,157,392,139,125311
345,125387,528,70,557,95,542,82,125312
345,125388,416,114,442,145,429,129,125313
345,125389,60,165,76,185,68,175,125314
345,125390,544,207,578,231,561,219,125315
345,125391,96,167,116,198,106,182,125316
345,125392,361,37,381,61,371,49,125317
345,125393,430,45,450,80,440,62,125318
345,125394,208,316,231,345,219,330,125319
345,125395,398,274,419,299,408,286,125320
345,125396,300,52,321,84,310,68,125321
345,125397,246,52,267,78,256,65,125322
345,125398,610,0,638,20,624,10,125323
345,125399,278,290,302,312,290,301,125324
345,125400,271,75,292,105,281,90,125325
345,125401,503,26,524,56,513,41,125326
345,125402,574,69,609,97,591,83,125327
345,125403,261,177,281,210,271,193,125328
345,125404,412,14,438,30,425,22,125329
345,125405,378,12,403,41,390,26,125330
345,125406,611,48,637,74,624,61,125331
345,125407,294,226,314,255,304,240,125332
345,125408,118,89,137,115,127,102,125333
345,125409,398,30,420,55,409,42,125334
345,125410,232,84,256,107,244,95,125335
345,125411,579,320,606,333,592,326,125336
345,125412,36,121,54,142,45,131,125337
345,125413,71,130,88,155,79,142,125338
345,125414,57,98,80,123,68,110,125339
345,125415,228,50,250,74,239,62,125340
345,125416,200,13,220,34,210,23,125341
345,125417,211,24,237,45,224,34,125342
345,125418,37,159,55,177,46,168,125343
345,125419,40,88,56,114,48,101,125344
345,125420,486,254,512,277,499,265,125345
345,125421,31,273,47,297,39,285,125346
345,125422,277,12,296,36,286,24,125347
345,125423,322,2,339,21,330,11,125348
345,125424,128,0,188,22,158,11,125349
345,125425,52,17,67,53,59,35,125350
345,125426,132,0,151,13,141,6,125351
345,125427,164,0,178,4,171,2,125352
345,125428,531,26,556,42,543,34,125353
345,125429,328,244,350,266,339,255,125354
345,125430,217,0,229,8,223,4,125355
345,125431,182,82,208,103,195,92,125356
345,125432,196,56,213,83,204,69,125357
345,125433,354,265,375,290,364,277,125358
345,125434,315,127,338,153,326,140,125359
345,125435,307,98,334,120,320,109,125360
345,125436,363,59,383,86,373,72,125361
345,125437,347,292,381,317,364,304,125362
345,125438,561,0,601,11,581,5,125363
345,125439,596,340,619,358,607,349,125364
345,125440,376,280,397,296,386,288,125365
345,125441,529,174,553,192,541,183,125366
345,125442,346,58,365,81,355,69,125367
345,125443,612,83,634,117,623,100,125368
345,125444,26,243,48,264,37,253,125369
345,125445,121,315,136,335,128,325,125370
345,125446,36,226,58,244,47,235,125371
345,125447,525,163,552,173,538,168,125372
345,125448,411,0,435,6,423,3,125373
345,125449,609,324,638,340,623,332,125374
345,125450,412,294,433,318,422,306,125375
345,125451,563,351,594,359,578,355,125376
345,125452,76,165,90,187,83,176,125377
345,125453,586,9,607,22,596,15,125378
345,125454,201,275,222,295,211,285,125379
346,125455,444,0,532,73,488,36,125380
346,125456,539,247,570,274,554,260,125381
346,125457,596,234,621,263,608,248,125382
346,125458,468,183,490,229,479,206,125383
346,125459,597,127,623,164,610,145,125384
346,125460,267,1,346,50,306,25,125385
346,125461,381,121,403,157,392,139,125386
346,125462,528,70,557,95,542,82,125387
346,125463,416,114,442,145,429,129,125388
346,125464,60,165,76,185,68,175,125389
346,125465,544,207,578,231,561,219,125390
346,125466,97,167,116,198,106,182,125391
346,125467,361,37,381,61,371,49,125392
346,125468,430,44,450,80,440,62,125393
346,125469,208,316,231,345,219,330,125394
346,125470,397,274,419,298,408,286,125395
346,125471,300,52,321,84,310,68,125396
346,125472,246,52,267,78,256,65,125397
346,125473,610,0,638,20,624,10,125398
346,125474,278,290,302,312,290,301,125399
346,125475,271,75,292,105,281,90,125400
346,125476,503,26,524,56,513,41,125401
346,125477,574,69,609,97,591,83,125402
346,125478,261,177,281,210,271,193,125403
346,125479,412,14,438,30,425,22,125404
346,125480,379,12,403,41,391,26,125405
346,125481,612,48,637,74,624,61,125406
346,125482,294,227,314,255,304,241,125407
346,125483,118,89,137,115,127,102,125408
346,125484,397,30,420,54,408,42,125409
346,125485,232,84,256,107,244,95,125410
346,125486,579,320,606,333,592,326,125411
346,125487,36,121,54,142,45,131,125412
346,125488,71,130,88,155,79,142,125413
346,125489,57,98,80,123,68,110,125414
346,125490,228,50,250,74,239,62,125415
346,125491,200,13,220,34,210,23,125416
346,125492,211,24,237,45,224,34,125417
346,125493,37,158,55,177,46,167,125418
346,125494,40,88,56,114,48,101,125419
346,125495,486,254,512,277,499,265,125420
346,125496,31,273,47,297,39,285,125421
346,125497,277,14,296,36,286,25,125422
346,125498,322,2,339,21,330,11,125423
346,125499,128,0,188,22,158,11,125424
346,125500,52,17,67,53,59,35,125425
346,125501,132,0,151,13,141,6,125426
346,125502,164,0,178,4,171,2,125427
346,125503,531,26,556,42,543,34,125428
346,125504,329,244,350,266,339,255,125429
346,125505,217,0,229,8,223,4,125430
346,125506,182,82,208,103,195,92,125431
346,125507,196,56,213,83,204,69,125432
346,125508,354,265,375,290,364,277,125433
346,125509,315,127,338,153,326,140,125434
346,125510,307,98,334,120,320,109,125435
346,125511,362,57,383,85,372,71,125436
346,125512,347,292,380,317,363,304,125437
346,125513,561,0,601,11,581,5,125438
346,125514,596,340,619,358,607,349,125439
346,125515,376,280,397,296,386,288,125440
346,125516,529,174,553,192,541,183,125441
346,125517,346,58,365,81,355,69,125442
346,125518,612,83,634,117,623,100,125443
346,125519,26,243,48,264,37,253,125444
346,125520,121,316,136,338,128,327,125445
346,125521,36,226,58,244,47,235,125446
346,125522,525,162,552,173,538,167,125447
346,125523,413,0,437,7,425,3,125448
346,125524,609,324,638,340,623,332,125449
346,125525,410,295,433,318,421,306,125450
346,125526,563,351,594,359,578,355,125451
346,125527,76,165,91,187,83,176,125452
346,125528,586,9,607,23,596,16,125453
346,125529,201,275,222,295,211,285,125454
347,125530,444,0,532,73,488,36,125455
347,125531,539,247,570,274,554,260,125456
347,125532,596,234,621,263,608,248,125457
347,125533,468,183,490,229,479,206,125458
347,125534,597,127,623,164,610,145,125459
347,125535,268,1,346,50,307,25,125460
347,125536,381,121,403,157,392,139,125461
347,125537,528,70,557,96,542,83,125462
347,125538,416,114,442,145,429,129,125463
347,125539,60,165,76,185,68,175,125464
347,125540,544,207,578,231,561,219,125465
347,125541,97,167,116,198,106,182,125466
347,125542,361,37,381,61,371,49,125467
347,125543,431,44,451,80,441,62,125468
347,125544,208,316,231,345,219,330,125469
347,125545,397,274,419,298,408,286,125470
347,125546,300,52,321,84,310,68,125471
347,125547,246,52,267,78,256,65,125472
347,125548,610,0,638,21,624,10,125473
347,125549,278,290,302,312,290,301,125474
347,125550,271,75,292,105,281,90,125475
347,125551,503,26,525,56,514,41,125476
347,125552,574,69,609,97,591,83,125477
347,125553,261,178,281,210,271,194,125478
347,125554,412,14,438,30,425,22,125479
347,125555,379,12,403,41,391,26,125480
347,125556,611,48,637,74,624,61,125481
347,125557,294,228,314,255,304,241,125482
347,125558,118,89,137,115,127,102,125483
347,125559,397,30,420,54,408,42,125484
347,125560,232,84,256,107,244,95,125485
347,125561,579,320,606,333,592,326,125486
347,125562,36,121,54,142,45,131,125487
347,125563,71,130,88,155,79,142,125488
347,125564,57,98,80,123,68,110,125489
347,125565,228,50,250,74,239,62,125490
347,125566,200,13,220,34,210,23,125491
347,125567,211,24,237,45,224,34,125492
347,125568,37,158,55,177,46,167,125493
347,125569,40,88,56,114,48,101,125494
347,125570,486,254,512,277,499,265,125495
347,125571,31,273,47,297,39,285,125496
347,125572,277,15,296,37,286,26,125497
347,125573,322,2,339,21,330,11,125498
347,125574,128,0,188,23,158,11,125499
347,125575,52,17,67,53,59,35,125500
347,125576,132,0,151,13,141,6,125501
347,125577,164,0,178,4,171,2,125502
347,125578,531,26,556,41,543,33,125503
347,125579,329,244,350,266,339,255,125504
347,125580,217,0,229,8,223,4,125505
347,125581,182,82,208,103,195,92,125506
347,125582,196,56,213,83,204,69,125507
347,125583,354,265,375,290,364,277,125508
347,125584,315,127,338,153,326,140,125509
347,125585,307,98,334,120,320,109,125510
347,125586,363,55,384,85,373,70,125511
347,125587,347,292,380,317,363,304,125512
347,125588,561,0,598,12,579,6,125513
347,125589,596,340,619,358,607,349,125514
347,125590,376,280,397,296,386,288,125515
347,125591,529,174,553,192,541,183,125516
347,125592,346,58,365,80,355,69,125517
347,125593,612,83,634,117,623,100,125518
347,125594,26,243,48,264,37,253,125519
347,125595,121,317,136,341,128,329,125520
347,125596,36,226,58,244,47,235,125521
347,125597,525,162,551,173,538,167,125522
347,125598,415,0,438,7,426,3,125523
347,125599,609,324,638,340,623,332,125524
347,125600,409,295,433,318,421,306,125525
347,125601,563,351,594,359,578,355,125526
347,125602,76,165,91,186,83,175,125527
347,125603,586,9,607,22,596,15,125528
347,125604,201,275,222,295,211,285,125529
348,125605,444,0,532,73,488,36,125530
348,125606,539,247,570,274,554,260,125531
348,125607,596,234,621,263,608,248,125532
348,125608,468,183,490,229,479,206,125533
348,125609,597,127,623,164,610,145,125534
348,125610,268,1,346,50,307,25,125535
348,125611,381,121,403,157,392,139,125536
348,125612,528,70,557,96,542,83,125537
348,125613,416,114,442,145,429,129,125538
348,125614,60,165,77,185,68,175,125539
348,125615,544,207,578,231,561,219,125540
348,125616,97,167,116,198,106,182,125541
348,125617,361,37,381,61,371,49,125542
348,125618,431,44,451,80,441,62,125543
348,125619,208,316,231,345,219,330,125544
348,125620,397,274,419,298,408,286,125545
348,125621,300,52,321,84,310,68,125546
348,125622,246,52,267,78,256,65,125547
348,125623,610,0,638,21,624,10,125548
348,125624,278,290,302,312,290,301,125549
348,125625,271,75,292,105,281,90,125550
348,125626,503,26,525,56,514,41,125551
348,125627,574,69,609,97,591,83,125552
348,125628,261,178,281,210,271,194,125553
348,125629,412,14,438,30,425,22,125554
348,125630,379,12,403,41,391,26,125555
348,125631,611,48,637,74,624,61,125556
348,125632,294,228,314,255,304,241,125557
348,125633,118,89,137,115,127,102,125558
348,125634,397,30,420,54,408,42,125559
348,125635,232,84,256,107,244,95,125560
348,125636,579,320,606,333,592,326,125561
348,125637,36,121,54,142,45,131,125562
348,125638,71,130,88,155,79,142,125563
348,125639,57,98,80,123,68,110,125564
348,125640,228,50,250,74,239,62,125565
348,125641,200,13,220,34,210,23,125566
348,125642,211,24,237,45,224,34,125567
348,125643,37,158,55,177,46,167,125568
348,125644,40,88,56,114,48,101,125569
348,125645,486,254,512,277,499,265,125570
348,125646,31,273,47,297,39,285,125571
348,125647,277,15,297,37,287,26,125572
348,125648,322,2,339,21,330,11,125573
348,125649,128,0,188,23,158,11,125574
348,125650,52,17,67,53,59,35,125575
348,125651,132,0,151,13,141,6,125576
348,125652,164,0,178,4,171,2,125577
348,125653,531,26,556,41,543,33,125578
348,125654,329,244,350,266,339,255,125579
348,125655,217,0,229,8,223,4,125580
348,125656,182,82,208,103,195,92,125581
348,125657,196,56,213,83,204,69,125582
348,125658,354,265,375,290,364,277,125583
348,125659,315,127,337,153,326,140,125584
348,125660,307,98,334,120,320,109,125585
348,125661,363,54,384,84,373,69,125586
348,125662,347,293,380,317,363,305,125587
348,125663,560,0,597,12,578,6,125588
348,125664,596,340,619,358,607,349,125589
348,125665,376,280,396,296,386,288,125590
348,125666,529,174,553,192,541,183,125591
348,125667,346,58,365,80,355,69,125592
348,125668,612,83,634,117,623,100,125593
348,125669,26,243,48,264,37,253,125594
348,125670,121,317,136,342,128,329,125595
348,125671,36,226,58,244,47,235,125596
348,125672,525,162,551,173,538,167,125597
348,125673,415,0,439,8,427,4,125598
348,125674,609,324,638,340,623,332,125599
348,125675,409,295,433,318,421,306,125600
348,125676,563,351,594,359,578,355,125601
348,125677,76,165,91,186,83,175,125602
348,125678,586,10,607,22,596,16,125603
348,125679,201,275,222,295,211,285,125604
349,125680,444,0,532,73,488,36,125605
349,125681,539,247,570,274,554,260,125606
349,125682,596,234,621,263,608,248,125607
349,125683,468,183,490,229,479,206,125608
349,125684,597,127,623,164,610,145,125609
349,125685,268,1,346,50,307,25,125610
349,125686,381,121,403,157,392,139,125611
349,125687,528,70,557,96,542,83,125612
349,125688,416,114,442,145,429,129,125613
349,125689,60,165,77,185,68,175,125614
349,125690,544,207,578,231,561,219,125615
349,125691,97,168,115,198,106,183,125616
349,125692,361,37,381,60,371,48,125617
349,125693,431,44,451,80,441,62,125618
349,125694,208,316,231,345,219,330,125619
349,125695,397,274,419,298,408,286,125620
349,125696,300,52,321,84,310,68,125621
349,125697,246,52,267,78,256,65,125622
349,125698,610,0,638,21,624,10,125623
349,125699,278,290,302,312,290,301,125624
349,125700,271,75,291,105,281,90,125625
349,125701,503,26,525,56,514,41,125626
349,125702,573,69,609,97,591,83,125627
349,125703,261,178,281,210,271,194,125628
349,125704,412,14,438,30,425,22,125629
349,125705,379,12,403,41,391,26,125630
349,125706,611,48,637,74,624,61,125631
349,125707,293,228,315,255,304,241,125632
349,125708,118,89,137,115,127,102,125633
349,125709,397,30,420,55,408,42,125634
349,125710,232,84,256,107,244,95,125635
349,125711,578,320,606,333,592,326,125636
349,125712,36,121,54,142,45,131,125637
349,125713,71,130,88,155,79,142,125638
349,125714,57,98,80,123,68,110,125639
349,125715,228,50,250,74,239,62,125640
349,125716,200,13,220,34,210,23,125641
349,125717,211,24,237,45,224,34,125642
349,125718,37,158,55,177,46,167,125643
349,125719,40,88,56,114,48,101,125644
349,125720,486,254,512,277,499,265,125645
349,125721,31,273,47,297,39,285,125646
349,125722,277,15,297,37,287,26,125647
349,125723,322,2,339,21,330,11,125648
349,125724,128,0,188,22,158,11,125649
349,125725,52,17,67,53,59,35,125650
349,125726,132,0,151,13,141,6,125651
349,125727,164,0,178,4,171,2,125652
349,125728,531,26,555,41,543,33,125653
349,125729,329,244,350,266,339,255,125654
349,125730,217,0,229,8,223,4,125655
349,125731,182,82,208,103,195,92,125656
349,125732,196,56,213,83,204,69,125657
349,125733,354,265,375,290,364,277,125658
349,125734,315,127,337,153,326,140,125659
349,125735,307,98,335,120,321,109,125660
349,125736,363,53,384,83,373,68,125661
349,125737,347,292,380,317,363,304,125662
349,125738,560,0,596,13,578,6,125663
349,125739,596,340,619,358,607,349,125664
349,125740,376,280,396,296,386,288,125665
349,125741,529,173,553,192,541,182,125666
349,125742,345,58,365,80,355,69,125667
349,125743,612,83,634,117,623,100,125668
349,125744,26,243,48,264,37,253,125669
349,125745,121,317,137,342,129,329,125670
349,125746,36,226,58,244,47,235,125671
349,125747,526,162,551,173,538,167,125672
349,125748,416,0,439,7,427,3,125673
349,125749,609,324,638,340,623,332,125674
349,125750,408,295,432,317,420,306,125675
349,125751,563,351,594,359,578,355,125676
349,125752,77,165,92,186,84,175,125677
349,125753,586,10,607,22,596,16,125678
349,125754,201,275,222,295,211,285,125679
350,125755,444,0,532,73,488,36,125680
350,125756,539,247,570,274,554,260,125681
350,125757,596,234,621,263,608,248,125682
350,125758,468,183,490,229,479,206,125683
350,125759,597,127,623,164,610,145,125684
350,125760,268,1,346,50,307,25,125685
350,125761,381,121,403,157,392,139,125686
350,125762,528,70,557,95,542,82,125687
350,125763,416,114,442,145,429,129,125688
350,125764,60,165,78,185,69,175,125689
350,125765,544,207,578,231,561,219,125690
350,125766,97,168,116,198,106,183,125691
350,125767,361,37,381,60,371,48,125692
350,125768,431,44,451,77,441,60,125693
350,125769,208,316,231,345,219,330,125694
350,125770,397,274,419,298,408,286,125695
350,125771,300,52,321,84,310,68,125696
350,125772,246,52,267,78,256,65,125697
350,125773,610,0,638,21,624,10,125698
350,125774,278,290,302,312,290,301,125699
350,125775,271,75,291,105,281,90,125700
350,125776,503,26,525,56,514,41,125701
350,125777,573,69,609,97,591,83,125702
350,125778,261,178,281,210,271,194,125703
350,125779,412,14,438,30,425,22,125704
350,125780,379,12,403,41,391,26,125705
350,125781,611,48,637,74,624,61,125706
350,125782,293,228,315,255,304,241,125707
350,125783,118,89,137,115,127,102,125708
350,125784,397,30,420,55,408,42,125709
350,125785,232,84,256,107,244,95,125710
350,125786,578,319,606,333,592,326,125711
350,125787,36,121,54,142,45,131,125712
350,125788,71,130,88,155,79,142,125713
350,125789,57,98,80,123,68,110,125714
350,125790,228,50,250,74,239,62,125715
350,125791,200,13,220,34,210,23,125716
350,125792,211,24,237,45,224,34,125717
350,125793,37,158,55,177,46,167,125718
350,125794,40,88,56,114,48,101,125719
350,125795,486,254,512,277,499,265,125720
350,125796,31,273,47,297,39,285,125721
350,125797,277,16,297,37,287,26,125722
350,125798,322,2,339,21,330,11,125723
350,125799,128,0,188,22,158,11,125724
350,125800,52,17,67,53,59,35,125725
350,125801,132,0,151,13,141,6,125726
350,125802,164,0,178,4,171,2,125727
350,125803,531,26,555,41,543,33,125728
350,125804,329,244,350,266,339,255,125729
350,125805,217,0,229,8,223,4,125730
350,125806,182,82,208,103,195,92,125731
350,125807,196,56,213,83,204,69,125732
350,125808,354,265,375,290,364,277,125733
350,125809,315,127,337,153,326,140,125734
350,125810,307,98,335,120,321,109,125735
350,125811,363,52,384,82,373,67,125736
350,125812,347,292,380,317,363,304,125737
350,125813,561,0,595,13,578,6,125738
350,125814,596,340,619,358,607,349,125739
350,125815,376,280,397,296,386,288,125740
350,125816,529,173,553,192,541,182,125741
350,125817,345,58,365,80,355,69,125742
350,125818,612,83,634,117,623,100,125743
350,125819,26,243,48,264,37,253,125744
350,125820,122,318,137,342,129,330,125745
350,125821,36,226,58,244,47,235,125746
350,125822,526,162,551,173,538,167,125747
350,125823,416,0,439,7,427,3,125748
350,125824,608,324,638,340,623,332,125749
350,125825,408,295,432,317,420,306,125750
350,125826,563,351,594,359,578,355,125751
350,125827,78,165,93,185,85,175,125752
350,125828,586,10,607,22,596,16,125753
351,125829,444,0,532,73,488,36,125755
351,125830,539,247,570,274,554,260,125756
351,125831,596,234,621,263,608,248,125757
351,125832,468,183,490,229,479,206,125758
351,125833,597,127,623,164,610,145,125759
351,125834,268,1,346,50,307,25,125760
351,125835,381,121,403,157,392,139,125761
351,125836,528,70,557,95,542,82,125762
351,125837,416,114,442,145,429,129,125763
351,125838,60,164,78,185,69,174,125764
351,125839,544,207,578,231,561,219,125765
351,125840,97,167,116,198,106,182,125766
351,125841,361,36,381,60,371,48,125767
351,125842,431,44,451,76,441,60,125768
351,125843,208,316,231,344,219,330,125769
351,125844,397,275,419,297,408,286,125770
351,125845,300,52,321,84,310,68,125771
351,125846,246,52,267,78,256,65,125772
351,125847,610,0,638,21,624,10,125773
351,125848,278,290,302,312,290,301,125774
351,125849,271,75,291,105,281,90,125775
351,125850,503,26,524,56,513,41,125776
351,125851,573,69,609,97,591,83,125777
351,125852,261,178,281,210,271,194,125778
351,125853,412,14,438,30,425,22,125779
351,125854,379,12,403,41,391,26,125780
351,125855,611,48,637,74,624,61,125781
351,125856,293,228,315,256,304,242,125782
351,125857,118,89,137,115,127,102,125783
351,125858,397,30,420,55,408,42,125784
351,125859,232,84,256,107,244,95,125785
351,125860,578,319,606,333,592,326,125786
351,125861,36,121,54,142,45,131,125787
351,125862,71,130,88,155,79,142,125788
351,125863,57,98,80,123,68,110,125789
351,125864,228,50,250,74,239,62,125790
351,125865,200,13,220,34,210,23,125791
351,125866,211,24,237,45,224,34,125792
351,125867,37,158,55,177,46,167,125793
351,125868,40,87,56,114,48,100,125794
351,125869,486,254,512,277,499,265,125795
351,125870,31,273,47,297,39,285,125796
351,125871,277,16,297,37,287,26,125797
351,125872,322,2,339,21,330,11,125798
351,125873,128,0,188,22,158,11,125799
351,125874,52,17,67,53,59,35,125800
351,125875,132,0,151,13,141,6,125801
351,125876,165,0,178,4,171,2,125802
351,125877,531,26,555,41,543,33,125803
351,125878,329,244,350,266,339,255,125804
351,125879,217,0,229,8,223,4,125805
351,125880,182,82,208,103,195,92,125806
351,125881,196,56,213,83,204,69,125807
351,125882,354,265,375,289,364,277,125808
351,125883,315,127,337,153,326,140,125809
351,125884,307,98,335,120,321,109,125810
351,125885,363,51,385,81,374,66,125811
351,125886,347,292,380,316,363,304,125812
351,125887,560,0,593,14,576,7,125813
351,125888,596,340,619,358,607,349,125814
351,125889,376,280,397,296,386,288,125815
351,125890,529,174,553,192,541,183,125816
351,125891,345,58,365,80,355,69,125817
351,125892,612,83,634,117,623,100,125818
351,125893,26,243,48,264,37,253,125819
351,125894,122,319,137,342,129,330,125820
351,125895,36,226,58,243,47,234,125821
351,125896,526,162,552,173,539,167,125822
351,125897,417,0,439,7,428,3,125823
351,125898,608,324,638,340,623,332,125824
351,125899,407,295,431,317,419,306,125825
351,125900,563,351,594,359,578,355,125826
351,125901,79,165,95,184,87,174,125827
351,125902,585,11,607,22,596,16,125828
352,125903,444,0,532,73,488,36,125829
352,125904,539,247,570,274,554,260,125830
352,125905,596,234,621,263,608,248,125831
352,125906,468,183,490,229,479,206,125832
352,125907,597,127,623,164,610,145,125833
352,125908,268,1,346,50,307,25,125834
352,125909,381,121,403,157,392,139,125835
352,125910,528,70,557,96,542,83,125836
352,125911,416,114,442,145,429,129,125837
352,125912,60,164,79,185,69,174,125838
352,125913,544,207,578,231,561,219,125839
352,125914,97,167,115,198,106,182,125840
352,125915,360,36,380,60,370,48,125841
352,125916,431,44,451,76,441,60,125842
352,125917,208,316,231,344,219,330,125843
352,125918,397,275,419,297,408,286,125844
352,125919,300,52,321,84,310,68,125845
352,125920,246,52,267,78,256,65,125846
352,125921,610,0,638,21,624,10,125847
352,125922,278,291,302,312,290,301,125848
352,125923,271,75,291,105,281,90,125849
352,125924,503,26,524,56,513,41,125850
352,125925,573,69,609,97,591,83,125851
352,125926,261,178,281,210,271,194,125852
352,125927,412,14,438,30,425,22,125853
352,125928,379,12,403,41,391,26,125854
352,125929,611,48,637,74,624,61,125855
352,125930,293,228,315,256,304,242,125856
352,125931,118,89,137,115,127,102,125857
352,125932,397,30,420,55,408,42,125858
352,125933,232,84,256,107,244,95,125859
352,125934,578,319,606,333,592,326,125860
352,125935,36,121,54,142,45,131,125861
352,125936,71,130,88,155,79,142,125862
352,125937,57,98,80,123,68,110,125863
352,125938,228,50,249,74,238,62,125864
352,125939,200,13,220,33,210,23,125865
352,125940,211,24,237,45,224,34,125866
352,125941,37,158,55,177,46,167,125867
352,125942,40,88,56,114,48,101,125868
352,125943,486,254,512,277,499,265,125869
352,125944,31,273,47,297,39,285,125870
352,125945,277,16,297,37,287,26,125871
352,125946,322,2,339,21,330,11,125872
352,125947,128,0,188,22,158,11,125873
352,125948,52,17,67,53,59,35,125874
352,125949,132,0,151,13,141,6,125875
352,125950,165,0,178,4,171,2,125876
352,125951,531,26,555,41,543,33,125877
352,125952,329,244,350,266,339,255,125878
352,125953,217,0,229,8,223,4,125879
352,125954,182,82,208,103,195,92,125880
352,125955,196,56,213,83,204,69,125881
352,125956,354,265,375,288,364,276,125882
352,125957,315,127,337,153,326,140,125883
352,125958,307,98,335,120,321,109,125884
352,125959,364,51,387,80,375,65,125885
352,125960,347,292,380,316,363,304,125886
352,125961,558,0,591,14,574,7,125887
352,125962,596,340,619,358,607,349,125888
352,125963,376,280,396,296,386,288,125889
352,125964,529,174,553,192,541,183,125890
352,125965,345,58,366,80,355,69,125891
352,125966,612,83,634,117,623,100,125892
352,125967,26,243,48,264,37,253,125893
352,125968,122,319,137,342,129,330,125894
352,125969,36,226,58,243,47,234,125895
352,125970,526,163,552,173,539,168,125896
352,125971,417,0,440,7,428,3,125897
352,125972,608,324,638,340,623,332,125898
352,125973,407,295,431,316,419,305,125899
352,125974,80,164,97,182,88,173,125901
352,125975,585,10,607,22,596,16,125902
353,125976,444,0,532,73,488,36,125903
353,125977,539,247,570,274,554,260,125904
353,125978,596,234,621,263,608,248,125905
353,125979,468,183,490,229,479,206,125906
353,125980,597,127,623,164,610,145,125907
353,125981,268,1,346,51,307,26,125908
353,125982,381,121,403,157,392,139,125909
353,125983,528,70,557,96,542,83,125910
353,125984,416,114,442,145,429,129,125911
353,125985,60,165,79,185,69,175,125912
353,125986,544,207,578,231,561,219,125913
353,125987,98,167,115,198,106,182,125914
353,125988,360,35,380,61,370,48,125915
353,125989,431,44,451,76,441,60,125916
353,125990,208,316,231,344,219,330,125917
353,125991,397,275,419,297,408,286,125918
353,125992,300,52,321,84,310,68,125919
353,125993,246,52,267,78,256,65,125920
353,125994,610,0,638,21,624,10,125921
353,125995,278,291,302,312,290,301,125922
353,125996,271,75,291,105,281,90,125923
353,125997,503,26,524,56,513,41,125924
353,125998,573,69,609,97,591,83,125925
353,125999,261,178,281,210,271,194,125926
353,126000,413,14,440,30,426,22,125927
353,126001,379,12,403,41,391,26,125928
353,126002,611,48,637,74,624,61,125929
353,126003,293,228,315,256,304,242,125930
353,126004,118,89,137,115,127,102,125931
353,126005,397,30,420,55,408,42,125932
353,126006,232,84,256,107,244,95,125933
353,126007,577,319,606,333,591,326,125934
353,126008,36,121,54,142,45,131,125935
353,126009,71,130,88,155,79,142,125936
353,126010,57,98,80,123,68,110,125937
353,126011,228,50,250,74,239,62,125938
353,126012,200,13,220,33,210,23,125939
353,126013,211,24,237,45,224,34,125940
353,126014,37,158,55,177,46,167,125941
353,126015,40,88,56,114,48,101,125942
353,126016,486,254,512,277,499,265,125943
353,126017,31,273,47,297,39,285,125944
353,126018,276,16,297,37,286,26,125945
353,126019,322,2,339,21,330,11,125946
353,126020,128,0,188,22,158,11,125947
353,126021,52,17,67,53,59,35,125948
353,126022,132,0,151,13,141,6,125949
353,126023,165,0,178,5,171,2,125950
353,126024,531,26,555,41,543,33,125951
353,126025,329,244,350,266,339,255,125952
353,126026,217,0,228,8,222,4,125953
353,126027,182,82,208,103,195,92,125954
353,126028,196,56,213,83,204,69,125955
353,126029,354,265,375,287,364,276,125956
353,126030,315,127,337,153,326,140,125957
353,126031,307,98,335,120,321,109,125958
353,126032,367,49,389,78,378,63,125959
353,126033,346,293,380,316,363,304,125960
353,126034,554,0,589,15,571,7,125961
353,126035,596,340,619,358,607,349,125962
353,126036,376,280,396,296,386,288,125963
353,126037,529,174,553,192,541,183,125964
353,126038,345,58,367,80,356,69,125965
353,126039,612,83,634,117,623,100,125966
353,126040,26,243,48,264,37,253,125967
353,126041,122,319,138,342,130,330,125968
353,126042,36,226,58,243,47,234,125969
353,126043,525,163,552,173,538,168,125970
353,126044,417,0,440,7,428,3,125971
353,126045,608,324,638,340,623,332,125972
353,126046,407,296,431,316,419,306,125973
353,126047,82,164,98,181,90,172,125974
353,126048,584,10,607,22,595,16,125975
353,126049,564,351,594,359,579,355,
354,126050,443,0,532,73,487,36,125976
354,126051,539,247,570,274,554,260,125977
354,126052,596,234,621,263,608,248,125978
354,126053,468,183,490,229,479,206,125979
354,126054,597,127,623,164,610,145,125980
354,126055,268,1,346,51,307,26,125981
354,126056,381,121,403,157,392,139,125982
354,126057,528,70,557,96,542,83,125983
354,126058,416,114,442,145,429,129,125984
354,126059,60,165,79,185,69,175,125985
354,126060,544,207,578,231,561,219,125986
354,126061,98,167,115,198,106,182,125987
354,126062,360,35,380,61,370,48,125988
354,126063,431,44,452,76,441,60,125989
354,126064,208,316,231,344,219,330,125990
354,126065,397,275,419,297,408,286,125991
354,126066,300,52,321,84,310,68,125992
354,126067,246,52,267,78,256,65,125993
354,126068,610,0,638,21,624,10,125994
354,126069,278,291,302,312,290,301,125995
354,126070,271,75,291,105,281,90,125996
354,126071,503,26,524,56,513,41,125997
354,126072,573,69,609,97,591,83,125998
354,126073,261,178,281,210,271,194,125999
354,126074,413,14,440,29,426,21,126000
354,126075,379,12,403,41,391,26,126001
354,126076,611,48,637,74,624,61,126002
354,126077,293,228,315,256,304,242,126003
354,126078,118,89,137,115,127,102,126004
354,126079,397,30,420,55,408,42,126005
354,126080,232,84,256,107,244,95,126006
354,126081,577,319,606,333,591,326,126007
354,126082,35,121,54,142,44,131,126008
354,126083,71,130,87,155,79,142,126009
354,126084,57,98,80,123,68,110,126010
354,126085,228,50,250,74,239,62,126011
354,126086,200,13,220,33,210,23,126012
354,126087,211,24,237,45,224,34,126013
354,126088,37,158,55,177,46,167,126014
354,126089,40,88,56,114,48,101,126015
354,126090,486,254,512,277,499,265,126016
354,126091,31,273,47,297,39,285,126017
354,126092,276,16,297,37,286,26,126018
354,126093,322,2,339,21,330,11,126019
354,126094,127,0,188,22,157,11,126020
354,126095,52,17,67,53,59,35,126021
354,126096,132,0,151,13,141,6,126022
354,126097,165,0,178,5,171,2,126023
354,126098,531,26,555,41,543,33,126024
354,126099,329,244,350,266,339,255,126025
354,126100,217,0,228,8,222,4,126026
354,126101,182,82,208,103,195,92,126027
354,126102,196,56,213,83,204,69,126028
354,126103,354,264,375,287,364,275,126029
354,126104,315,127,337,153,326,140,126030
354,126105,307,98,335,120,321,109,126031
354,126106,368,48,390,78,379,63,126032
354,126107,346,293,380,316,363,304,126033
354,126108,553,0,588,15,570,7,126034
354,126109,596,340,619,358,607,349,126035
354,126110,376,280,396,296,386,288,126036
354,126111,529,174,553,192,541,183,126037
354,126112,345,58,367,79,356,68,126038
354,126113,612,83,634,117,623,100,126039
354,126114,26,243,48,264,37,253,126040
354,126115,122,319,139,342,130,330,126041
354,126116,36,226,58,243,47,234,126042
354,126117,525,163,552,173,538,168,126043
354,126118,417,0,440,7,428,3,126044
354,126119,608,324,638,340,623,332,126045
354,126120,407,296,431,316,419,306,126046
354,126121,83,164,99,181,91,172,126047
354,126122,584,10,607,22,595,16,126048
354,126123,564,351,594,359,579,355,126049
355,126124,444,0,532,73,488,36,126050
355,126125,539,247,570,274,554,260,126051
355,126126,596,234,621,263,608,248,126052
355,126127,468,183,490,229,479,206,126053
355,126128,597,127,623,164,610,145,126054
355,126129,268,1,346,51,307,26,126055
355,126130,381,121,403,157,392,139,126056
355,126131,528,70,557,96,542,83,126057
355,126132,416,114,442,145,429,129,126058
355,126133,60,164,79,185,69,174,126059
355,126134,544,207,578,231,561,219,126060
355,126135,98,168,115,198,106,183,126061
355,126136,360,34,379,62,369,48,126062
355,126137,431,43,452,76,441,59,126063
355,126138,208,316,231,344,219,330,126064
355,126139,397,275,419,297,408,286,126065
355,126140,300,52,321,84,310,68,126066
355,126141,246,52,267,78,256,65,126067
355,126142,610,0,638,21,624,10,126068
355,126143,278,291,302,312,290,301,126069
355,126144,271,75,291,105,281,90,126070
355,126145,503,26,524,56,513,41,126071
355,126146,573,69,609,97,591,83,126072
355,126147,261,178,281,210,271,194,126073
355,126148,413,14,440,29,426,21,126074
355,126149,379,12,403,41,391,26,126075
355,126150,611,48,637,74,624,61,126076
355,126151,293,228,314,256,303,242,126077
355,126152,118,89,137,115,127,102,126078
355,126153,397,30,420,55,408,42,126079
355,126154,233,84,256,107,244,95,126080
355,126155,577,319,606,333,591,326,126081
355,126156,36,121,54,142,45,131,126082
355,126157,72,130,87,155,79,142,126083
355,126158,57,98,80,123,68,110,126084
355,126159,228,50,250,74,239,62,126085
355,126160,200,13,220,33,210,23,126086
355,126161,211,24,237,45,224,34,126087
355,126162,37,158,55,177,46,167,126088
355,126163,40,88,56,114,48,101,126089
355,126164,486,254,512,277,499,265,126090
355,126165,31,273,47,297,39,285,126091
355,126166,276,16,297,37,286,26,126092
355,126167,322,2,339,21,330,11,126093
355,126168,127,0,188,22,157,11,126094
355,126169,52,17,67,53,59,35,126095
355,126170,132,0,151,13,141,6,126096
355,126171,165,0,178,5,171,2,126097
355,126172,531,26,555,40,543,33,126098
355,126173,329,244,350,266,339,255,126099
355,126174,217,0,228,8,222,4,126100
355,126175,182,82,208,103,195,92,126101
355,126176,196,56,213,83,204,69,126102
355,126177,353,264,375,286,364,275,126103
355,126178,315,127,337,153,326,140,126104
355,126179,307,98,335,120,321,109,126105
355,126180,369,45,392,77,380,61,126106
355,126181,346,293,379,317,362,305,126107
355,126182,552,0,586,15,569,7,126108
355,126183,596,340,619,358,607,349,126109
355,126184,376,280,396,296,386,288,126110
355,126185,529,174,553,192,541,183,126111
355,126186,346,58,367,80,356,69,126112
355,126187,612,83,634,117,623,100,126113
355,126188,26,243,48,264,37,253,126114
355,126189,124,320,139,342,131,331,126115
355,126190,36,226,58,243,47,234,126116
355,126191,526,162,552,173,539,167,126117
355,126192,417,0,440,7,428,3,126118
355,126193,608,324,638,340,623,332,126119
355,126194,84,163,102,180,93,171,126121
355,126195,584,10,607,22,595,16,126122
355,126196,564,351,594,359,579,355,126123
356,126197,444,0,532,73,488,36,126124
356,126198,539,247,570,274,554,260,126125
356,126199,596,234,621,263,608,248,126126
356,126200,468,183,490,229,479,206,126127
356,126201,597,127,623,164,610,145,126128
356,126202,268,1,346,50,307,25,126129
356,126203,381,121,403,157,392,139,126130
356,126204,528,70,557,96,542,83,126131
356,126205,417,114,441,145,429,129,126132
356,126206,60,164,79,185,69,174,126133
356,126207,544,207,578,231,561,219,126134
356,126208,98,173,116,198,107,185,126135
356,126209,360,33,379,62,369,47,126136
356,126210,431,43,452,76,441,59,126137
356,126211,208,316,231,344,219,330,126138
356,126212,397,274,419,297,408,285,126139
356,126213,300,52,321,84,310,68,126140
356,126214,246,52,267,78,256,65,126141
356,126215,610,0,638,21,624,10,126142
356,126216,278,290,302,312,290,301,126143
356,126217,271,75,291,105,281,90,126144
356,126218,503,26,524,56,513,41,126145
356,126219,574,69,609,97,591,83,126146
356,126220,261,178,281,210,271,194,126147
356,126221,413,13,440,29,426,21,126148
356,126222,379,12,403,41,391,26,126149
356,126223,611,48,637,74,624,61,126150
356,126224,293,228,314,256,303,242,126151
356,126225,118,89,137,115,127,102,126152
356,126226,397,30,420,55,408,42,126153
356,126227,233,84,256,107,244,95,126154
356,126228,577,319,606,333,591,326,126155
356,126229,36,121,54,142,45,131,126156
356,126230,71,130,87,155,79,142,126157
356,126231,57,98,80,123,68,110,126158
356,126232,228,50,250,74,239,62,126159
356,126233,200,13,220,33,210,23,126160
356,126234,211,24,237,45,224,34,126161
356,126235,37,158,55,177,46,167,126162
356,126236,40,88,56,114,48,101,126163
356,126237,486,254,512,277,499,265,126164
356,126238,31,273,47,297,39,285,126165
356,126239,276,16,297,36,286,26,126166
356,126240,322,2,339,21,330,11,126167
356,126241,127,0,188,22,157,11,126168
356,126242,52,17,67,53,59,35,126169
356,126243,132,0,151,13,141,6,126170
356,126244,165,0,178,5,171,2,126171
356,126245,532,26,555,40,543,33,126172
356,126246,328,244,350,266,339,255,126173
356,126247,217,0,228,8,222,4,126174
356,126248,182,82,208,103,195,92,126175
356,126249,196,56,213,82,204,69,126176
356,126250,353,264,375,285,364,274,126177
356,126251,314,127,337,154,325,140,126178
356,126252,307,98,335,120,321,109,126179
356,126253,372,42,393,76,382,59,126180
356,126254,346,293,379,316,362,304,126181
356,126255,551,0,585,16,568,8,126182
356,126256,596,340,619,358,607,349,126183
356,126257,376,280,396,297,386,288,126184
356,126258,529,173,553,192,541,182,126185
356,126259,346,58,367,80,356,69,126186
356,126260,612,83,634,117,623,100,126187
356,126261,26,243,48,264,37,253,126188
356,126262,125,320,140,342,132,331,126189
356,126263,36,226,58,243,47,234,126190
356,126264,526,162,552,173,539,167,126191
356,126265,609,324,638,340,623,332,126193
356,126266,86,162,106,179,96,170,126194
356,126267,584,11,607,22,595,16,126195
356,126268,564,351,594,359,579,355,126196
357,126269,444,0,533,73,488,36,126197
357,126270,539,247,570,274,554,260,126198
357,126271,596,234,621,263,608,248,126199
357,126272,468,183,490,229,479,206,126200
357,126273,597,127,623,164,610,145,126201
357,126274,268,1,346,50,307,25,126202
357,126275,381,121,403,157,392,139,126203
357,126276,528,70,557,96,542,83,126204
357,126277,417,114,441,145,429,129,126205
357,126278,60,164,79,185,69,174,126206
357,126279,544,207,578,231,561,219,126207
357,126280,98,174,115,198,106,186,126208
357,126281,360,33,380,61,370,47,126209
357,126282,431,43,451,77,441,60,126210
357,126283,208,316,231,344,219,330,126211
357,126284,397,275,419,297,408,286,126212
357,126285,300,52,321,84,310,68,126213
357,126286,246,52,267,78,256,65,126214
357,126287,610,0,638,21,624,10,126215
357,126288,278,290,302,312,290,301,126216
357,126289,271,75,291,105,281,90,126217
357,126290,503,26,524,56,513,41,126218
357,126291,574,69,609,97,591,83,126219
357,126292,261,178,281,210,271,194,126220
357,126293,413,13,440,29,426,21,126221
357,126294,379,12,402,41,390,26,126222
357,126295,611,48,637,74,624,61,126223
357,126296,293,228,314,256,303,242,126224
357,126297,118,89,137,115,127,102,126225
357,126298,397,30,420,55,408,42,126226
357,126299,233,84,256,107,244,95,126227
357,126300,577,319,605,332,591,325,126228
357,126301,36,121,54,142,45,131,126229
357,126302,71,130,87,155,79,142,126230
357,126303,57,98,80,123,68,110,126231
357,126304,228,50,250,74,239,62,126232
357,126305,200,13,220,33,210,23,126233
357,126306,211,24,237,45,224,34,126234
357,126307,37,158,55,177,46,167,126235
357,126308,40,88,56,114,48,101,126236
357,126309,486,254,512,277,499,265,126237
357,126310,31,273,47,297,39,285,126238
357,126311,277,16,298,36,287,26,126239
357,126312,322,2,339,21,330,11,126240
357,126313,127,0,188,22,157,11,126241
357,126314,52,17,67,53,59,35,126242
357,126315,131,0,151,13,141,6,126243
357,126316,165,0,178,5,171,2,126244
357,126317,532,26,555,40,543,33,126245
357,126318,328,244,350,266,339,255,126246
357,126319,217,0,228,8,222,4,126247
357,126320,182,82,208,103,195,92,126248
357,126321,196,56,213,82,204,69,126249
357,126322,353,264,375,285,364,274,126250
357,126323,313,128,336,154,324,141,126251
357,126324,307,98,334,120,320,109,126252
357,126325,373,40,394,75,383,57,126253
357,126326,346,294,379,316,362,305,126254
357,126327,550,0,583,16,566,8,126255
357,126328,596,340,619,358,607,349,126256
357,126329,376,280,396,297,386,288,126257
357,126330,529,172,553,192,541,182,126258
357,126331,346,58,367,79,356,68,126259
357,126332,612,83,634,117,623,100,126260
357,126333,26,243,48,264,37,253,126261
357,126334,126,321,140,344,133,332,126262
357,126335,36,226,58,243,47,234,126263
357,126336,526,162,552,173,539,167,126264
357,126337,609,324,638,341,623,332,126265
357,126338,88,161,108,179,98,170,126266
357,126339,585,12,607,22,596,17,126267
357,126340,564,351,594,359,579,355,126268
357,126341,202,275,222,295,212,285,
357,126342,407,296,430,315,418,305,
358,126343,444,0,532,73,488,36,126269
358,126344,539,247,570,274,554,260,126270
358,126345,596,234,621,263,608,248,126271
358,126346,468,183,490,229,479,206,126272
358,126347,597,127,623,164,610,145,126273
358,126348,268,1,346,50,307,25,126274
358,126349,381,121,403,157,392,139,126275
358,126350,528,70,557,96,542,83,126276
358,126351,417,114,441,145,429,129,126277
358,126352,60,164,80,185,70,174,126278
358,126353,544,207,578,231,561,219,126279
358,126354,97,175,115,199,106,187,126280
358,126355,360,33,379,60,369,46,126281
358,126356,430,43,451,77,440,60,126282
358,126357,208,316,231,344,219,330,126283
358,126358,397,274,419,297,408,285,126284
358,126359,300,52,322,84,311,68,126285
358,126360,246,52,267,78,256,65,126286
358,126361,610,0,638,21,624,10,126287
358,126362,278,290,302,312,290,301,126288
358,126363,271,75,291,105,281,90,126289
358,126364,503,26,524,56,513,41,126290
358,126365,574,69,609,97,591,83,126291
358,126366,261,178,282,210,271,194,126292
358,126367,413,13,440,29,426,21,126293
358,126368,379,12,402,40,390,26,126294
358,126369,611,48,637,74,624,61,126295
358,126370,293,228,314,256,303,242,126296
358,126371,118,89,137,115,127,102,126297
358,126372,397,30,420,55,408,42,126298
358,126373,232,84,256,107,244,95,126299
358,126374,577,319,605,332,591,325,126300
358,126375,36,121,54,142,45,131,126301
358,126376,71,130,87,155,79,142,126302
358,126377,57,98,80,123,68,110,126303
358,126378,229,50,250,74,239,62,126304
358,126379,200,13,220,33,210,23,126305
358,126380,211,24,237,45,224,34,126306
358,126381,37,158,55,177,46,167,126307
358,126382,40,88,56,114,48,101,126308
358,126383,486,254,512,277,499,265,126309
358,126384,31,274,47,297,39,285,126310
358,126385,277,15,298,37,287,26,126311
358,126386,322,2,339,21,330,11,126312
358,126387,127,0,188,22,157,11,126313
358,126388,52,17,67,53,59,35,126314
358,126389,131,0,151,13,141,6,126315
358,126390,165,0,178,5,171,2,126316
358,126391,532,26,555,40,543,33,126317
358,126392,328,244,350,266,339,255,126318
358,126393,217,0,228,8,222,4,126319
358,126394,182,82,208,103,195,92,126320
358,126395,196,56,213,82,204,69,126321
358,126396,352,264,375,284,363,274,126322
358,126397,312,128,335,154,323,141,126323
358,126398,307,98,334,120,320,109,126324
358,126399,375,39,395,75,385,57,126325
358,126400,346,293,379,316,362,304,126326
358,126401,550,0,581,15,565,7,126327
358,126402,596,339,619,358,607,348,126328
358,126403,376,280,396,297,386,288,126329
358,126404,529,171,553,192,541,181,126330
358,126405,346,58,367,80,356,69,126331
358,126406,612,83,634,117,623,100,126332
358,126407,26,243,48,264,37,253,126333
358,126408,127,322,141,346,134,334,126334
358,126409,36,226,58,243,47,234,126335
358,126410,526,162,552,172,539,167,126336
358,126411,609,324,638,342,623,333,126337
358,126412,91,160,110,179,100,169,126338
358,126413,585,12,607,22,596,17,126339
358,126414,564,351,594,359,579,355,126340
358,126415,202,276,222,295,212,285,126341
359,126416,444,0,532,73,488,36,126343
359,126417,539,247,570,274,554,260,126344
359,126418,596,234,621,263,608,248,126345
359,126419,468,183,490,229,479,206,126346
359,126420,597,127,623,164,610,145,126347
359,126421,268,1,346,50,307,25,126348
359,126422,381,121,403,157,392,139,126349
359,126423,528,70,557,96,542,83,126350
359,126424,417,114,441,145,429,129,126351
359,126425,60,164,80,185,70,174,126352
359,126426,544,207,578,231,561,219,126353
359,126427,97,175,115,200,106,187,126354
359,126428,359,33,379,59,369,46,126355
359,126429,430,43,450,77,440,60,126356
359,126430,208,316,231,344,219,330,126357
359,126431,398,274,419,297,408,285,126358
359,126432,300,52,321,84,310,68,126359
359,126433,246,52,267,78,256,65,126360
359,126434,610,0,638,21,624,10,126361
359,126435,278,290,302,312,290,301,126362
359,126436,271,75,291,105,281,90,126363
359,126437,503,26,524,56,513,41,126364
359,126438,574,69,609,97,591,83,126365
359,126439,261,178,281,210,271,194,126366
359,126440,413,13,440,28,426,20,126367
359,126441,379,12,402,40,390,26,126368
359,126442,611,48,637,74,624,61,126369
359,126443,293,228,314,256,303,242,126370
359,126444,118,89,137,115,127,102,126371
359,126445,397,30,420,55,408,42,126372
359,126446,232,84,256,107,244,95,126373
359,126447,577,318,605,332,591,325,126374
359,126448,36,121,54,142,45,131,126375
359,126449,71,130,88,155,79,142,126376
359,126450,57,98,80,123,68,110,126377
359,126451,229,50,250,74,239,62,126378
359,126452,200,13,220,33,210,23,126379
359,126453,211,24,237,45,224,34,126380
359,126454,37,158,55,177,46,167,126381
359,126455,40,88,56,114,48,101,126382
359,126456,486,254,512,277,499,265,126383
359,126457,32,274,47,297,39,285,126384
359,126458,277,15,298,37,287,26,126385
359,126459,322,2,339,21,330,11,126386
359,126460,127,0,188,22,157,11,126387
359,126461,52,17,67,53,59,35,126388
359,126462,132,0,151,13,141,6,126389
359,126463,165,0,178,5,171,2,126390
359,126464,532,26,554,39,543,32,126391
359,126465,328,244,350,266,339,255,126392
359,126466,217,0,229,8,223,4,126393
359,126467,182,82,208,103,195,92,126394
359,126468,196,56,213,82,204,69,126395
359,126469,352,264,375,284,363,274,126396
359,126470,312,129,335,154,323,141,126397
359,126471,307,98,334,120,320,109,126398
359,126472,375,39,396,74,385,56,126399
359,126473,346,293,380,316,363,304,126400
359,126474,549,0,579,15,564,7,126401
359,126475,596,339,619,358,607,348,126402
359,126476,376,280,397,297,386,288,126403
359,126477,528,170,553,192,540,181,126404
359,126478,346,58,367,80,356,69,126405
359,126479,612,83,634,117,623,100,126406
359,126480,27,243,48,264,37,253,126407
359,126481,127,323,142,347,134,335,126408
359,126482,36,226,58,243,47,234,126409
359,126483,526,162,552,173,539,167,126410
359,126484,609,324,638,341,623,332,126411
359,126485,93,158,112,177,102,167,126412
359,126486,585,12,607,22,596,17,126413
359,126487,201,276,222,295,211,285,126415
360,126488,444,0,532,73,488,36,126416
360,126489,539,247,570,274,554,260,126417
360,126490,596,234,621,263,608,248,126418
360,126491,468,183,490,229,479,206,126419
360,126492,597,127,623,164,610,145,126420
360,126493,268,1,346,50,307,25,126421
360,126494,381,121,403,157,392,139,126422
360,126495,528,70,557,96,542,83,126423
360,126496,417,114,441,145,429,129,126424
360,126497,60,164,80,185,70,174,126425
360,126498,544,207,578,231,561,219,126426
360,126499,97,176,115,200,106,188,126427
360,126500,359,32,379,59,369,45,126428
360,126501,429,43,450,77,439,60,126429
360,126502,208,316,231,344,219,330,126430
360,126503,398,274,419,297,408,285,126431
360,126504,300,52,321,84,310,68,126432
360,126505,246,52,267,78,256,65,126433
360,126506,610,0,638,21,624,10,126434
360,126507,278,290,302,312,290,301,126435
360,126508,271,75,291,105,281,90,126436
360,126509,503,26,524,56,513,41,126437
360,126510,574,69,609,97,591,83,126438
360,126511,261,178,282,210,271,194,126439
360,126512,413,13,440,28,426,20,126440
360,126513,379,12,402,40,390,26,126441
360,126514,611,48,637,74,624,61,126442
360,126515,293,228,314,256,303,242,126443
360,126516,118,89,137,115,127,102,126444
360,126517,397,30,420,55,408,42,126445
360,126518,232,84,256,107,244,95,126446
360,126519,577,318,605,332,591,325,126447
360,126520,36,121,54,142,45,131,126448
360,126521,71,130,88,155,79,142,126449
360,126522,57,98,80,123,68,110,126450
360,126523,229,50,250,74,239,62,126451
360,126524,200,13,220,33,210,23,126452
360,126525,211,24,237,45,224,34,126453
360,126526,37,158,55,177,46,167,126454
360,126527,40,88,56,114,48,101,126455
360,126528,486,254,512,277,499,265,126456
360,126529,32,274,47,297,39,285,126457
360,126530,277,14,299,37,288,25,126458
360,126531,322,2,339,21,330,11,126459
360,126532,127,0,188,22,157,11,126460
360,126533,52,17,67,53,59,35,126461
360,126534,132,0,151,13,141,6,126462
360,126535,165,0,178,5,171,2,126463
360,126536,532,26,554,39,543,32,126464
360,126537,328,244,350,266,339,255,126465
360,126538,217,0,229,8,223,4,126466
360,126539,182,82,208,103,195,92,126467
360,126540,196,56,213,82,204,69,126468
360,126541,352,264,375,284,363,274,126469
360,126542,311,129,335,154,323,141,126470
360,126543,307,98,334,120,320,109,126471
360,126544,376,39,396,74,386,56,126472
360,126545,346,293,380,316,363,304,126473
360,126546,549,0,579,15,564,7,126474
360,126547,596,339,620,358,608,348,126475
360,126548,376,280,397,297,386,288,126476
360,126549,528,168,553,192,540,180,126477
360,126550,346,58,368,80,357,69,126478
360,126551,612,83,634,117,623,100,126479
360,126552,27,243,48,264,37,253,126480
360,126553,127,323,142,348,134,335,126481
360,126554,36,226,58,243,47,234,126482
360,126555,526,163,552,173,539,168,126483
360,126556,609,324,638,341,623,332,126484
360,126557,94,158,112,176,103,167,126485
360,126558,585,11,607,22,596,16,126486
360,126559,201,275,222,295,211,285,126487
361,126560,444,0,532,73,488,36,126488
361,126561,539,247,570,274,554,260,126489
361,126562,596,234,620,263,608,248,126490
361,126563,468,183,490,229,479,206,126491
361,126564,597,127,623,164,610,145,126492
361,126565,268,1,346,50,307,25,126493
361,126566,381,121,403,157,392,139,126494
361,126567,528,70,557,96,542,83,126495
361,126568,417,114,441,145,429,129,126496
361,126569,60,164,79,185,69,174,126497
361,126570,544,207,578,231,561,219,126498
361,126571,97,175,115,200,106,187,126499
361,126572,359,32,379,59,369,45,126500
361,126573,429,43,450,77,439,60,126501
361,126574,208,316,231,344,219,330,126502
361,126575,398,274,419,297,408,285,126503
361,126576,300,52,321,84,310,68,126504
361,126577,246,52,267,78,256,65,126505
361,126578,610,0,638,21,624,10,126506
361,126579,278,290,302,312,290,301,126507
361,126580,271,75,291,105,281,90,126508
361,126581,503,26,524,56,513,41,126509
361,126582,573,69,609,97,591,83,126510
361,126583,261,178,281,210,271,194,126511
361,126584,412,12,440,28,426,20,126512
361,126585,379,12,402,40,390,26,126513
361,126586,612,48,637,74,624,61,126514
361,126587,293,228,314,256,303,242,126515
361,126588,118,89,137,115,127,102,126516
361,126589,397,30,420,55,408,42,126517
361,126590,232,84,256,107,244,95,126518
361,126591,578,318,605,332,591,325,126519
361,126592,36,121,54,142,45,131,126520
361,126593,72,130,88,155,80,142,126521
361,126594,57,98,80,123,68,110,126522
361,126595,229,50,250,74,239,62,126523
361,126596,200,13,220,33,210,23,126524
361,126597,211,24,237,45,224,34,126525
361,126598,37,158,55,177,46,167,126526
361,126599,40,88,56,114,48,101,126527
361,126600,486,254,512,277,499,265,126528
361,126601,32,274,47,297,39,285,126529
361,126602,277,14,299,36,288,25,126530
361,126603,322,2,339,21,330,11,126531
361,126604,127,0,188,22,157,11,126532
361,126605,52,17,67,53,59,35,126533
361,126606,132,0,151,13,141,6,126534
361,126607,165,0,178,5,171,2,126535
361,126608,531,26,554,39,542,32,126536
361,126609,328,245,350,266,339,255,126537
361,126610,217,0,229,8,223,4,126538
361,126611,182,82,208,103,195,92,126539
361,126612,196,56,213,83,204,69,126540
361,126613,352,264,375,284,363,274,126541
361,126614,311,129,335,154,323,141,126542
361,126615,307,98,334,120,320,109,126543
361,126616,376,39,396,72,386,55,126544
361,126617,345,293,380,316,362,304,126545
361,126618,546,0,578,14,562,7,126546
361,126619,596,339,620,358,608,348,126547
361,126620,376,280,397,297,386,288,126548
361,126621,528,168,553,192,540,180,126549
361,126622,346,58,368,80,357,69,126550
361,126623,612,83,634,117,623,100,126551
361,126624,27,243,48,264,37,253,126552
361,126625,127,324,142,348,134,336,126553
361,126626,36,226,58,244,47,235,126554
361,126627,526,163,553,173,539,168,126555
361,126628,609,323,638,339,623,331,126556
361,126629,96,157,114,174,105,165,126557
361,126630,202,276,222,295,212,285,126559
362,126631,444,0,532,73,488,36,126560
362,126632,539,247,570,274,554,260,126561
362,126633,596,234,620,263,608,248,126562
362,126634,468,183,490,229,479,206,126563
362,126635,597,127,623,164,610,145,126564
362,126636,268,1,346,50,307,25,126565
362,126637,381,121,403,157,392,139,126566
362,126638,528,70,557,96,542,83,126567
362,126639,417,114,441,145,429,129,126568
362,126640,60,164,79,185,69,174,126569
362,126641,544,207,578,231,561,219,126570
362,126642,97,174,115,200,106,187,126571
362,126643,359,32,379,59,369,45,126572
362,126644,429,43,450,77,439,60,126573
362,126645,208,316,231,344,219,330,126574
362,126646,398,273,419,297,408,285,126575
362,126647,300,52,321,84,310,68,126576
362,126648,246,52,267,78,256,65,126577
362,126649,610,0,638,21,624,10,126578
362,126650,278,290,302,312,290,301,126579
362,126651,271,75,291,105,281,90,126580
362,126652,503,26,524,56,513,41,126581
362,126653,573,69,609,97,591,83,126582
362,126654,261,178,281,210,271,194,126583
362,126655,412,11,440,28,426,19,126584
362,126656,379,12,402,40,390,26,126585
362,126657,612,48,637,74,624,61,126586
362,126658,293,229,313,256,303,242,126587
362,126659,118,89,137,115,127,102,126588
362,126660,397,30,420,55,408,42,126589
362,126661,232,84,256,107,244,95,126590
362,126662,578,318,605,332,591,325,126591
362,126663,36,121,54,142,45,131,126592
362,126664,72,130,88,155,80,142,126593
362,126665,57,98,80,123,68,110,126594
362,126666,229,50,250,74,239,62,126595
362,126667,200,13,220,33,210,23,126596
362,126668,211,24,237,45,224,34,126597
362,126669,37,158,55,177,46,167,126598
362,126670,40,88,56,114,48,101,126599
362,126671,486,254,512,277,499,265,126600
362,126672,32,274,47,297,39,285,126601
362,126673,277,14,299,36,288,25,126602
362,126674,322,2,339,21,330,11,126603
362,126675,127,0,188,22,157,11,126604
362,126676,52,17,67,53,59,35,126605
362,126677,132,0,151,13,141,6,126606
362,126678,165,0,178,4,171,2,126607
362,126679,530,26,553,38,541,32,126608
362,126680,328,245,350,266,339,255,126609
362,126681,217,0,229,8,223,4,126610
362,126682,182,82,208,103,195,92,126611
362,126683,196,56,213,83,204,69,126612
362,126684,352,264,375,284,363,274,126613
362,126685,312,129,335,154,323,141,126614
362,126686,307,98,334,120,320,109,126615
362,126687,377,39,396,71,386,55,126616
362,126688,345,293,380,315,362,304,126617
362,126689,544,0,577,14,560,7,126618
362,126690,596,338,619,358,607,348,126619
362,126691,376,280,397,297,386,288,126620
362,126692,528,171,553,192,540,181,126621
362,126693,346,57,368,80,357,68,126622
362,126694,611,83,634,117,622,100,126623
362,126695,27,243,48,263,37,253,126624
362,126696,128,324,143,348,135,336,126625
362,126697,36,226,58,243,47,234,126626
362,126698,526,163,552,173,539,168,126627
362,126699,610,323,638,339,624,331,126628
362,126700,98,157,116,173,107,165,126629
362,126701,202,276,222,295,212,285,126630
363,126702,444,0,532,73,488,36,126631
363,126703,539,247,570,274,554,260,126632
363,126704,596,234,620,263,608,248,126633
363,126705,468,183,490,229,479,206,126634
363,126706,597,127,623,164,610,145,126635
363,126707,268,1,346,50,307,25,126636
363,126708,381,121,403,157,392,139,126637
363,126709,528,70,557,96,542,83,126638
363,126710,417,114,441,145,429,129,126639
363,126711,60,164,79,185,69,174,126640
363,126712,544,207,578,231,561,219,126641
363,126713,97,174,115,201,106,187,126642
363,126714,359,32,379,58,369,45,126643
363,126715,428,43,449,77,438,60,126644
363,126716,208,316,231,344,219,330,126645
363,126717,398,273,419,297,408,285,126646
363,126718,300,52,321,84,310,68,126647
363,126719,246,52,267,78,256,65,126648
363,126720,610,0,638,21,624,10,126649
363,126721,278,290,302,312,290,301,126650
363,126722,271,75,291,105,281,90,126651
363,126723,503,26,523,56,513,41,126652
363,126724,573,69,609,97,591,83,126653
363,126725,261,178,281,210,271,194,126654
363,126726,413,10,440,28,426,19,126655
363,126727,379,12,402,40,390,26,126656
363,126728,612,48,637,75,624,61,126657
363,126729,293,228,313,256,303,242,126658
363,126730,118,89,137,115,127,102,126659
363,126731,397,30,420,55,408,42,126660
363,126732,232,84,256,107,244,95,126661
363,126733,577,318,604,332,590,325,126662
363,126734,36,121,54,142,45,131,126663
363,126735,72,130,87,155,79,142,126664
363,126736,57,98,80,123,68,110,126665
363,126737,229,50,250,74,239,62,126666
363,126738,200,13,220,33,210,23,126667
363,126739,211,24,237,45,224,34,126668
363,126740,37,158,55,177,46,167,126669
363,126741,40,88,56,114,48,101,126670
363,126742,486,254,512,277,499,265,126671
363,126743,32,274,47,297,39,285,126672
363,126744,277,14,299,36,288,25,126673
363,126745,322,2,339,21,330,11,126674
363,126746,127,0,188,22,157,11,126675
363,126747,52,17,67,53,59,35,126676
363,126748,132,0,151,13,141,6,126677
363,126749,165,0,178,4,171,2,126678
363,126750,529,26,551,37,540,31,126679
363,126751,328,245,350,266,339,255,126680
363,126752,217,0,229,8,223,4,126681
363,126753,182,82,208,103,195,92,126682
363,126754,196,56,213,83,204,69,126683
363,126755,351,263,375,284,363,273,126684
363,126756,312,129,335,154,323,141,126685
363,126757,307,98,334,120,320,109,126686
363,126758,377,38,397,70,387,54,126687
363,126759,345,293,378,315,361,304,126688
363,126760,544,0,576,13,560,6,126689
363,126761,596,338,619,358,607,348,126690
363,126762,376,280,397,297,386,288,126691
363,126763,528,171,553,192,540,181,126692
363,126764,346,57,368,80,357,68,126693
363,126765,611,83,634,117,622,100,126694
363,126766,27,243,48,263,37,253,126695
363,126767,128,325,143,348,135,336,126696
363,126768,36,226,58,243,47,234,126697
363,126769,526,163,552,173,539,168,126698
363,126770,609,323,638,338,623,330,126699
363,126771,101,157,119,173,110,165,126700
363,126772,202,276,222,295,212,285,126701
364,126773,444,0,532,73,488,36,126702
364,126774,539,247,570,274,554,260,126703
364,126775,596,234,620,263,608,248,126704
364,126776,468,183,490,229,479,206,126705
364,126777,597,127,623,164,610,145,126706
364,126778,268,1,346,50,307,25,126707
364,126779,381,121,403,157,392,139,126708
364,126780,528,70,557,96,542,83,126709
364,126781,417,114,442,145,429,129,126710
364,126782,60,164,79,185,69,174,126711
364,126783,544,207,578,231,561,219,126712
364,126784,97,174,115,201,106,187,126713
364,126785,359,33,380,58,369,45,126714
364,126786,428,43,449,77,438,60,126715
364,126787,208,316,231,344,219,330,126716
364,126788,398,273,419,297,408,285,126717
364,126789,300,52,321,84,310,68,126718
364,126790,246,52,267,78,256,65,126719
364,126791,610,0,638,21,624,10,126720
364,126792,278,290,302,312,290,301,126721
364,126793,271,75,291,105,281,90,126722
364,126794,503,27,523,56,513,41,126723
364,126795,573,69,609,97,591,83,126724
364,126796,261,178,281,210,271,194,126725
364,126797,413,5,440,28,426,16,126726
364,126798,379,12,402,40,390,26,126727
364,126799,612,48,637,75,624,61,126728
364,126800,294,228,313,256,303,242,126729
364,126801,118,89,137,115,127,102,126730
364,126802,398,30,420,55,409,42,126731
364,126803,232,84,256,107,244,95,126732
364,126804,577,318,604,332,590,325,126733
364,126805,36,121,54,142,45,131,126734
364,126806,72,130,88,156,80,143,126735
364,126807,57,98,80,123,68,110,126736
364,126808,229,50,250,74,239,62,126737
364,126809,200,13,220,33,210,23,126738
364,126810,211,24,237,45,224,34,126739
364,126811,37,158,55,177,46,167,126740
364,126812,40,88,56,114,48,101,126741
364,126813,486,254,512,277,499,265,126742
364,126814,32,274,47,297,39,285,126743
364,126815,277,14,299,36,288,25,126744
364,126816,322,2,339,21,330,11,126745
364,126817,127,0,188,22,157,11,126746
364,126818,52,17,67,53,59,35,126747
364,126819,132,0,151,13,141,6,126748
364,126820,165,0,178,4,171,2,126749
364,126821,527,22,550,36,538,29,126750
364,126822,328,245,350,266,339,255,126751
364,126823,217,0,229,8,223,4,126752
364,126824,182,82,208,103,195,92,126753
364,126825,196,56,213,83,204,69,126754
364,126826,351,263,375,284,363,273,126755
364,126827,312,128,334,153,323,140,126756
364,126828,307,98,334,120,320,109,126757
364,126829,377,37,398,67,387,52,126758
364,126830,345,293,368,315,356,304,126759
364,126831,544,0,575,13,559,6,126760
364,126832,596,338,619,358,607,348,126761
364,126833,376,280,397,297,386,288,126762
364,126834,528,170,553,192,540,181,126763
364,126835,346,57,368,79,357,68,126764
364,126836,611,83,634,116,622,99,126765
364,126837,27,243,48,263,37,253,126766
364,126838,128,325,143,348,135,336,126767
364,126839,36,226,58,243,47,234,126768
364,126840,526,162,553,173,539,167,126769
364,126841,609,323,638,338,623,330,126770
364,126842,103,157,121,173,112,165,126771
365,126843,444,0,533,73,488,36,126773
365,126844,539,247,570,274,554,260,126774
365,126845,596,234,620,263,608,248,126775
365,126846,468,183,490,229,479,206,126776
365,126847,597,127,623,164,610,145,126777
365,126848,268,1,346,50,307,25,126778
365,126849,381,121,403,157,392,139,126779
365,126850,528,70,557,96,542,83,126780
365,126851,417,114,442,145,429,129,126781
365,126852,60,164,79,185,69,174,126782
365,126853,544,207,578,231,561,219,126783
365,126854,97,174,115,201,106,187,126784
365,126855,359,33,380,58,369,45,126785
365,126856,428,43,449,76,438,59,126786
365,126857,208,316,231,344,219,330,126787
365,126858,398,273,419,297,408,285,126788
365,126859,300,52,321,84,310,68,126789
365,126860,246,52,267,78,256,65,126790
365,126861,610,0,638,21,624,10,126791
365,126862,278,290,302,312,290,301,126792
365,126863,271,75,291,105,281,90,126793
365,126864,503,27,523,56,513,41,126794
365,126865,573,69,610,97,591,83,126795
365,126866,261,178,281,210,271,194,126796
365,126867,413,7,440,28,426,17,126797
365,126868,379,12,402,39,390,25,126798
365,126869,611,48,637,75,624,61,126799
365,126870,294,228,314,256,304,242,126800
365,126871,118,89,137,115,127,102,126801
365,126872,398,30,420,55,409,42,126802
365,126873,232,84,256,107,244,95,126803
365,126874,578,318,603,332,590,325,126804
365,126875,36,121,54,142,45,131,126805
365,126876,72,130,87,156,79,143,126806
365,126877,57,98,80,123,68,110,126807
365,126878,229,50,250,74,239,62,126808
365,126879,200,13,220,33,210,23,126809
365,126880,211,24,237,45,224,34,126810
365,126881,37,158,55,177,46,167,126811
365,126882,40,88,56,114,48,101,126812
365,126883,486,254,512,277,499,265,126813
365,126884,32,274,47,297,39,285,126814
365,126885,277,14,300,36,288,25,126815
365,126886,322,2,340,21,331,11,126816
365,126887,127,0,188,22,157,11,126817
365,126888,52,17,67,53,59,35,126818
365,126889,132,0,151,13,141,6,126819
365,126890,165,0,178,4,171,2,126820
365,126891,525,18,548,35,536,26,126821
365,126892,328,245,350,266,339,255,126822
365,126893,217,0,229,8,223,4,126823
365,126894,182,82,208,103,195,92,126824
365,126895,196,56,213,83,204,69,126825
365,126896,351,262,374,283,362,272,126826
365,126897,312,128,334,152,323,140,126827
365,126898,307,98,334,120,320,109,126828
365,126899,377,35,398,65,387,50,126829
365,126900,346,293,365,315,355,304,126830
365,126901,544,0,575,13,559,6,126831
365,126902,597,338,619,358,608,348,126832
365,126903,376,280,397,297,386,288,126833
365,126904,528,169,553,192,540,180,126834
365,126905,346,57,368,79,357,68,126835
365,126906,611,82,634,116,622,99,126836
365,126907,26,243,48,263,37,253,126837
365,126908,128,325,143,348,135,336,126838
365,126909,36,226,58,243,47,234,126839
365,126910,526,162,553,173,539,167,126840
365,126911,609,323,638,338,623,330,126841
365,126912,105,156,122,173,113,164,126842
365,126913,201,275,222,295,211,285,
366,126914,444,0,533,73,488,36,126843
366,126915,539,247,570,274,554,260,126844
366,126916,596,234,620,263,608,248,126845
366,126917,468,183,490,229,479,206,126846
366,126918,597,127,623,164,610,145,126847
366,126919,268,1,346,50,307,25,126848
366,126920,381,121,403,157,392,139,126849
366,126921,528,70,557,96,542,83,126850
366,126922,417,114,442,145,429,129,126851
366,126923,60,164,79,185,69,174,126852
366,126924,544,207,578,231,561,219,126853
366,126925,97,174,115,201,106,187,126854
366,126926,359,33,380,58,369,45,126855
366,126927,428,43,449,76,438,59,126856
366,126928,208,316,231,344,219,330,126857
366,126929,398,273,419,297,408,285,126858
366,126930,300,52,322,84,311,68,126859
366,126931,246,52,267,78,256,65,126860
366,126932,610,0,638,21,624,10,126861
366,126933,278,291,302,312,290,301,126862
366,126934,271,75,291,105,281,90,126863
366,126935,503,27,523,56,513,41,126864
366,126936,573,69,610,97,591,83,126865
366,126937,261,178,281,210,271,194,126866
366,126938,413,8,440,28,426,18,126867
366,126939,379,12,402,39,390,25,126868
366,126940,611,48,637,75,624,61,126869
366,126941,294,228,314,256,304,242,126870
366,126942,118,89,137,115,127,102,126871
366,126943,398,30,420,55,409,42,126872
366,126944,232,84,256,107,244,95,126873
366,126945,578,318,603,332,590,325,126874
366,126946,36,121,54,142,45,131,126875
366,126947,72,130,87,156,79,143,126876
366,126948,57,98,80,123,68,110,126877
366,126949,229,50,250,74,239,62,126878
366,126950,200,13,220,33,210,23,126879
366,126951,211,24,237,45,224,34,126880
366,126952,37,158,55,177,46,167,126881
366,126953,40,88,56,114,48,101,126882
366,126954,486,254,512,277,499,265,126883
366,126955,32,274,47,297,39,285,126884
366,126956,277,14,300,36,288,25,126885
366,126957,322,2,340,21,331,11,126886
366,126958,127,0,188,22,157,11,126887
366,126959,52,17,67,53,59,35,126888
366,126960,132,0,151,13,141,6,126889
366,126961,165,0,178,4,171,2,126890
366,126962,524,16,547,35,535,25,126891
366,126963,328,245,350,266,339,255,126892
366,126964,217,0,229,8,223,4,126893
366,126965,182,82,208,103,195,92,126894
366,126966,196,56,213,83,204,69,126895
366,126967,351,262,374,283,362,272,126896
366,126968,312,128,334,152,323,140,126897
366,126969,307,98,334,120,320,109,126898
366,126970,377,35,398,64,387,49,126899
366,126971,346,293,364,315,355,304,126900
366,126972,544,0,575,12,559,6,126901
366,126973,597,338,619,358,608,348,126902
366,126974,376,280,397,297,386,288,126903
366,126975,528,169,553,192,540,180,126904
366,126976,346,57,368,79,357,68,126905
366,126977,611,82,634,116,622,99,126906
366,126978,26,243,48,263,37,253,126907
366,126979,128,325,143,348,135,336,126908
366,126980,36,226,58,243,47,234,126909
366,126981,526,162,553,173,539,167,126910
366,126982,608,323,639,338,623,330,126911
366,126983,106,156,122,173,114,164,126912
366,126984,201,275,222,295,211,285,126913
367,126985,444,0,533,73,488,36,126914
367,126986,539,247,570,274,554,260,126915
367,126987,596,234,620,263,608,248,126916
367,126988,468,183,490,229,479,206,126917
367,126989,597,127,623,164,610,145,126918
367,126990,267,0,346,50,306,25,126919
367,126991,381,121,403,157,392,139,126920
367,126992,528,70,557,96,542,83,126921
367,126993,417,114,442,145,429,129,126922
367,126994,60,164,79,185,69,174,126923
367,126995,544,207,578,231,561,219,126924
367,126996,98,174,115,201,106,187,126925
367,126997,359,33,379,58,369,45,126926
367,126998,428,44,449,76,438,60,126927
367,126999,208,316,231,344,219,330,126928
367,127000,398,274,419,297,408,285,126929
367,127001,300,52,322,84,311,68,126930
367,127002,246,52,267,78,256,65,126931
367,127003,610,0,638,21,624,10,126932
367,127004,278,290,302,312,290,301,126933
367,127005,271,75,291,105,281,90,126934
367,127006,503,28,523,56,513,42,126935
367,127007,573,69,609,97,591,83,126936
367,127008,261,178,281,210,271,194,126937
367,127009,414,12,440,29,427,20,126938
367,127010,379,12,402,40,390,26,126939
367,127011,611,48,637,75,624,61,126940
367,127012,295,228,313,256,304,242,126941
367,127013,118,89,137,115,127,102,126942
367,127014,398,30,420,55,409,42,126943
367,127015,232,84,256,107,244,95,126944
367,127016,578,318,603,332,590,325,126945
367,127017,36,121,54,142,45,131,126946
367,127018,72,130,88,156,80,143,126947
367,127019,57,98,80,123,68,110,126948
367,127020,229,50,250,74,239,62,126949
367,127021,200,13,220,33,210,23,126950
367,127022,211,24,237,45,224,34,126951
367,127023,37,158,55,177,46,167,126952
367,127024,40,88,56,114,48,101,126953
367,127025,486,254,512,277,499,265,126954
367,127026,32,274,47,297,39,285,126955
367,127027,277,14,301,36,289,25,126956
367,127028,322,2,340,21,331,11,126957
367,127029,127,0,188,22,157,11,126958
367,127030,52,17,67,53,59,35,126959
367,127031,132,0,151,13,141,6,126960
367,127032,165,0,178,4,171,2,126961
367,127033,522,15,546,34,534,24,126962
367,127034,329,245,350,266,339,255,126963
367,127035,217,0,229,8,223,4,126964
367,127036,182,82,208,103,195,92,126965
367,127037,196,56,213,83,204,69,126966
367,127038,350,262,374,283,362,272,126967
367,127039,313,128,334,152,323,140,126968
367,127040,307,98,334,120,320,109,126969
367,127041,378,34,398,62,388,48,126970
367,127042,346,292,369,314,357,303,126971
367,127043,544,0,575,12,559,6,126972
367,127044,596,338,619,358,607,348,126973
367,127045,376,280,397,297,386,288,126974
367,127046,528,170,553,192,540,181,126975
367,127047,346,57,368,79,357,68,126976
367,127048,611,81,633,116,622,98,126977
367,127049,26,244,48,263,37,253,126978
367,127050,128,325,143,348,135,336,126979
367,127051,36,226,58,243,47,234,126980
367,127052,526,162,553,173,539,167,126981
367,127053,608,323,639,338,623,330,126982
367,127054,107,156,124,172,115,164,126983
367,127055,201,275,222,295,211,285,126984
368,127056,444,0,533,73,488,36,126985
368,127057,539,247,570,274,554,260,126986
368,127058,596,234,620,263,608,248,126987
368,127059,468,183,490,229,479,206,126988
368,127060,597,127,623,164,610,145,126989
368,127061,267,0,346,50,306,25,126990
368,127062,381,121,403,157,392,139,126991
368,127063,528,70,557,96,542,83,126992
368,127064,417,114,442,145,429,129,126993
368,127065,60,164,79,185,69,174,126994
368,127066,544,207,578,231,561,219,126995
368,127067,98,174,115,201,106,187,126996
368,127068,359,34,379,59,369,46,126997
368,127069,428,44,449,76,438,60,126998
368,127070,208,316,231,345,219,330,126999
368,127071,399,274,419,297,409,285,127000
368,127072,300,52,322,84,311,68,127001
368,127073,246,52,267,78,256,65,127002
368,127074,610,0,638,21,624,10,127003
368,127075,278,290,302,312,290,301,127004
368,127076,271,75,291,105,281,90,127005
368,127077,504,28,523,56,513,42,127006
368,127078,573,69,610,97,591,83,127007
368,127079,261,178,281,210,271,194,127008
368,127080,415,14,441,29,428,21,127009
368,127081,379,12,402,38,390,25,127010
368,127082,611,48,637,75,624,61,127011
368,127083,295,228,313,256,304,242,127012
368,127084,118,89,137,115,127,102,127013
368,127085,398,30,420,55,409,42,127014
368,127086,232,84,256,107,244,95,127015
368,127087,578,318,603,332,590,325,127016
368,127088,36,121,54,142,45,131,127017
368,127089,72,130,88,156,80,143,127018
368,127090,57,98,80,123,68,110,127019
368,127091,229,50,250,74,239,62,127020
368,127092,200,13,220,33,210,23,127021
368,127093,211,24,237,45,224,34,127022
368,127094,37,158,55,177,46,167,127023
368,127095,40,88,56,114,48,101,127024
368,127096,486,254,512,277,499,265,127025
368,127097,32,274,47,297,39,285,127026
368,127098,277,14,303,36,290,25,127027
368,127099,322,2,340,21,331,11,127028
368,127100,127,0,188,22,157,11,127029
368,127101,52,17,67,53,59,35,127030
368,127102,132,0,151,13,141,6,127031
368,127103,165,0,178,4,171,2,127032
368,127104,520,14,544,34,532,24,127033
368,127105,328,245,350,266,339,255,127034
368,127106,217,0,229,8,223,4,127035
368,127107,182,82,208,103,195,92,127036
368,127108,196,56,213,83,204,69,127037
368,127109,348,261,374,282,361,271,127038
368,127110,313,128,334,152,323,140,127039
368,127111,307,98,334,120,320,109,127040
368,127112,378,32,398,61,388,46,127041
368,127113,544,0,574,12,559,6,127043
368,127114,597,338,619,358,608,348,127044
368,127115,376,280,397,296,386,288,127045
368,127116,528,171,553,192,540,181,127046
368,127117,346,57,368,79,357,68,127047
368,127118,611,79,633,115,622,97,127048
368,127119,27,244,47,262,37,253,127049
368,127120,128,325,143,348,135,336,127050
368,127121,36,226,58,243,47,234,127051
368,127122,526,162,553,173,539,167,127052
368,127123,608,323,639,337,623,330,127053
368,127124,108,155,125,172,116,163,127054
368,127125,201,275,222,295,211,285,127055
368,127126,415,0,440,7,427,3,
369,127127,444,0,533,73,488,36,127056
369,127128,539,247,570,274,554,260,127057
369,127129,596,234,620,263,608,248,127058
369,127130,468,183,490,229,479,206,127059
369,127131,597,127,623,164,610,145,127060
369,127132,267,0,346,50,306,25,127061
369,127133,381,121,403,157,392,139,127062
369,127134,528,70,557,96,542,83,127063
369,127135,417,114,442,145,429,129,127064
369,127136,60,164,79,185,69,174,127065
369,127137,544,207,578,231,561,219,127066
369,127138,98,174,115,202,106,188,127067
369,127139,360,34,379,59,369,46,127068
369,127140,428,44,449,76,438,60,127069
369,127141,208,316,231,345,219,330,127070
369,127142,399,274,419,297,409,285,127071
369,127143,300,52,322,84,311,68,127072
369,127144,246,52,267,78,256,65,127073
369,127145,610,0,638,21,624,10,127074
369,127146,278,290,302,312,290,301,127075
369,127147,271,75,291,105,281,90,127076
369,127148,503,29,523,56,513,42,127077
369,127149,573,69,609,98,591,83,127078
369,127150,261,178,281,210,271,194,127079
369,127151,416,14,442,29,429,21,127080
369,127152,379,12,402,36,390,24,127081
369,127153,611,47,637,75,624,61,127082
369,127154,295,228,313,256,304,242,127083
369,127155,118,89,137,115,127,102,127084
369,127156,398,30,420,55,409,42,127085
369,127157,232,84,256,107,244,95,127086
369,127158,578,318,603,332,590,325,127087
369,127159,36,121,54,142,45,131,127088
369,127160,72,130,88,156,80,143,127089
369,127161,57,98,80,123,68,110,127090
369,127162,229,50,250,74,239,62,127091
369,127163,200,13,220,33,210,23,127092
369,127164,211,24,237,45,224,34,127093
369,127165,37,158,55,177,46,167,127094
369,127166,40,88,56,114,48,101,127095
369,127167,486,254,512,277,499,265,127096
369,127168,31,274,47,297,39,285,127097
369,127169,278,14,304,36,291,25,127098
369,127170,322,2,340,21,331,11,127099
369,127171,127,0,188,22,157,11,127100
369,127172,52,17,67,53,59,35,127101
369,127173,132,0,151,13,141,6,127102
369,127174,165,0,178,4,171,2,127103
369,127175,519,15,542,33,530,24,127104
369,127176,328,245,350,266,339,255,127105
369,127177,217,0,229,8,223,4,127106
369,127178,182,82,208,103,195,92,127107
369,127179,196,56,213,83,204,69,127108
369,127180,347,261,374,281,360,271,127109
369,127181,313,128,334,152,323,140,127110
369,127182,307,98,334,120,320,109,127111
369,127183,378,31,398,59,388,45,127112
369,127184,544,0,574,11,559,5,127113
369,127185,597,339,619,358,608,348,127114
369,127186,376,280,397,296,386,288,127115
369,127187,528,173,553,192,540,182,127116
369,127188,346,57,368,79,357,68,127117
369,127189,610,79,632,114,621,96,127118
369,127190,27,244,46,262,36,253,127119
369,127191,128,325,143,348,135,336,127120
369,127192,36,226,58,243,47,234,127121
369,127193,526,162,552,173,539,167,127122
369,127194,608,323,639,337,623,330,127123
369,127195,111,154,127,170,119,162,127124
369,127196,201,275,222,295,211,285,127125
369,127197,36,267,50,278,43,272,
369,127198,415,0,440,7,427,3,127126
370,127199,444,0,533,72,488,36,127127
370,127200,539,247,570,274,554,260,127128
370,127201,596,234,620,263,608,248,127129
370,127202,468,183,490,229,479,206,127130
370,127203,597,127,623,164,610,145,127131
370,127204,267,0,346,50,306,25,127132
370,127205,381,121,403,156,392,138,127133
370,127206,528,70,557,96,542,83,127134
370,127207,417,114,442,145,429,129,127135
370,127208,60,164,79,185,69,174,127136
370,127209,544,207,578,231,561,219,127137
370,127210,98,175,115,203,106,189,127138
370,127211,360,34,379,59,369,46,127139
370,127212,428,44,449,76,438,60,127140
370,127213,208,316,231,345,219,330,127141
370,127214,399,273,419,297,409,285,127142
370,127215,300,52,322,84,311,68,127143
370,127216,246,52,267,78,256,65,127144
370,127217,610,0,638,21,624,10,127145
370,127218,278,290,302,312,290,301,127146
370,127219,271,75,291,105,281,90,127147
370,127220,503,29,523,56,513,42,127148
370,127221,573,69,609,98,591,83,127149
370,127222,261,178,281,210,271,194,127150
370,127223,417,15,442,30,429,22,127151
370,127224,379,12,402,35,390,23,127152
370,127225,611,47,637,76,624,61,127153
370,127226,295,228,313,256,304,242,127154
370,127227,118,89,137,115,127,102,127155
370,127228,398,30,419,55,408,42,127156
370,127229,232,84,256,107,244,95,127157
370,127230,578,318,603,332,590,325,127158
370,127231,36,121,54,142,45,131,127159
370,127232,72,130,88,156,80,143,127160
370,127233,57,98,80,123,68,110,127161
370,127234,229,50,250,74,239,62,127162
370,127235,200,13,220,33,210,23,127163
370,127236,211,24,237,45,224,34,127164
370,127237,37,158,55,177,46,167,127165
370,127238,40,88,56,114,48,101,127166
370,127239,486,254,512,277,499,265,127167
370,127240,31,274,47,297,39,285,127168
370,127241,278,14,305,36,291,25,127169
370,127242,322,2,340,21,331,11,127170
370,127243,127,0,188,22,157,11,127171
370,127244,52,17,67,53,59,35,127172
370,127245,132,0,151,13,141,6,127173
370,127246,165,0,178,4,171,2,127174
370,127247,519,14,540,32,529,23,127175
370,127248,328,245,350,266,339,255,127176
370,127249,217,0,229,8,223,4,127177
370,127250,182,82,208,103,195,92,127178
370,127251,196,56,213,83,204,69,127179
370,127252,347,261,373,282,360,271,127180
370,127253,313,128,334,152,323,140,127181
370,127254,307,98,334,120,320,109,127182
370,127255,377,31,399,58,388,44,127183
370,127256,545,0,573,11,559,5,127184
370,127257,597,339,619,358,608,348,127185
370,127258,377,280,397,296,387,288,127186
370,127259,528,174,553,192,540,183,127187
370,127260,346,57,368,79,357,68,127188
370,127261,610,78,631,114,620,96,127189
370,127262,27,244,44,262,35,253,127190
370,127263,128,325,143,348,135,336,127191
370,127264,36,226,58,243,47,234,127192
370,127265,526,162,552,173,539,167,127193
370,127266,608,323,639,337,623,330,127194
370,127267,113,152,129,169,121,160,127195
370,127268,201,275,222,295,211,285,127196
370,127269,415,0,440,7,427,3,127198
371,127270,444,0,534,72,489,36,127199
371,127271,539,247,570,274,554,260,127200
371,127272,596,233,620,263,608,248,127201
371,127273,468,183,490,229,479,206,127202
371,127274,597,127,623,164,610,145,127203
371,127275,267,0,346,50,306,25,127204
371,127276,381,121,403,156,392,138,127205
371,127277,528,70,557,96,542,83,127206
371,127278,417,114,442,145,429,129,127207
371,127279,60,164,79,185,69,174,127208
371,127280,544,207,578,231,561,219,127209
371,127281,98,175,115,203,106,189,127210
371,127282,360,33,379,59,369,46,127211
371,127283,428,44,449,76,438,60,127212
371,127284,208,316,231,345,219,330,127213
371,127285,399,273,420,297,409,285,127214
371,127286,300,52,322,84,311,68,127215
371,127287,246,52,267,78,256,65,127216
371,127288,610,0,638,21,624,10,127217
371,127289,278,290,302,312,290,301,127218
371,127290,271,75,291,105,281,90,127219
371,127291,503,29,523,56,513,42,127220
371,127292,573,69,609,98,591,83,127221
371,127293,261,178,281,210,271,194,127222
371,127294,418,15,443,31,430,23,127223
371,127295,378,12,402,50,390,31,127224
371,127296,611,47,637,76,624,61,127225
371,127297,295,228,313,256,304,242,127226
371,127298,118,89,137,114,127,101,127227
371,127299,398,30,419,55,408,42,127228
371,127300,232,84,256,107,244,95,127229
371,127301,578,318,603,332,590,325,127230
371,127302,36,121,54,142,45,131,127231
371,127303,72,130,88,156,80,143,127232
371,127304,57,98,80,123,68,110,127233
371,127305,229,50,250,74,239,62,127234
371,127306,200,13,220,33,210,23,127235
371,127307,211,24,237,45,224,34,127236
371,127308,37,158,55,177,46,167,127237
371,127309,40,88,56,114,48,101,127238
371,127310,486,254,512,277,499,265,127239
371,127311,31,272,48,297,39,284,127240
371,127312,278,14,305,36,291,25,127241
371,127313,322,2,340,21,331,11,127242
371,127314,127,0,188,22,157,11,127243
371,127315,52,17,67,53,59,35,127244
371,127316,132,0,151,13,141,6,127245
371,127317,165,0,178,4,171,2,127246
371,127318,518,13,538,31,528,22,127247
371,127319,328,245,350,266,339,255,127248
371,127320,217,0,229,8,223,4,127249
371,127321,182,82,208,103,195,92,127250
371,127322,196,56,213,83,204,69,127251
371,127323,346,262,372,282,359,272,127252
371,127324,313,128,334,152,323,140,127253
371,127325,307,98,334,120,320,109,127254
371,127326,377,30,400,57,388,43,127255
371,127327,545,0,572,11,558,5,127256
371,127328,597,339,619,358,608,348,127257
371,127329,377,280,397,297,387,288,127258
371,127330,529,174,553,192,541,183,127259
371,127331,346,56,367,79,356,67,127260
371,127332,610,78,631,113,620,95,127261
371,127333,27,244,42,262,34,253,127262
371,127334,128,325,143,348,135,336,127263
371,127335,36,226,58,243,47,234,127264
371,127336,526,162,552,173,539,167,127265
371,127337,608,323,639,337,623,330,127266
371,127338,114,150,131,168,122,159,127267
371,127339,201,275,222,295,211,285,127268
371,127340,415,0,439,8,427,4,127269
371,127341,347,289,378,314,362,301,
372,127342,444,0,534,72,489,36,127270
372,127343,539,247,570,274,554,260,127271
372,127344,596,234,620,263,608,248,127272
372,127345,468,183,490,229,479,206,127273
372,127346,597,127,623,164,610,145,127274
372,127347,267,0,346,50,306,25,127275
372,127348,381,121,403,156,392,138,127276
372,127349,528,70,557,96,542,83,127277
372,127350,417,114,442,145,429,129,127278
372,127351,60,164,79,185,69,174,127279
372,127352,544,207,578,231,561,219,127280
372,127353,98,175,115,203,106,189,127281
372,127354,360,33,379,59,369,46,127282
372,127355,428,44,449,76,438,60,127283
372,127356,208,316,231,345,219,330,127284
372,127357,399,273,420,297,409,285,127285
372,127358,300,52,322,84,311,68,127286
372,127359,246,52,267,78,256,65,127287
372,127360,610,0,638,21,624,10,127288
372,127361,278,290,302,312,290,301,127289
372,127362,271,75,291,105,281,90,127290
372,127363,503,29,523,56,513,42,127291
372,127364,574,69,609,98,591,83,127292
372,127365,261,178,281,210,271,194,127293
372,127366,418,15,443,31,430,23,127294
372,127367,378,12,402,55,390,33,127295
372,127368,611,47,637,76,624,61,127296
372,127369,295,228,313,256,304,242,127297
372,127370,118,89,137,114,127,101,127298
372,127371,398,30,419,55,408,42,127299
372,127372,232,84,256,107,244,95,127300
372,127373,578,318,603,332,590,325,127301
372,127374,36,121,54,142,45,131,127302
372,127375,72,130,88,156,80,143,127303
372,127376,57,98,80,123,68,110,127304
372,127377,229,50,250,74,239,62,127305
372,127378,200,13,220,33,210,23,127306
372,127379,211,24,237,45,224,34,127307
372,127380,37,158,55,177,46,167,127308
372,127381,40,88,56,114,48,101,127309
372,127382,486,254,512,277,499,265,127310
372,127383,31,271,48,297,39,284,127311
372,127384,278,14,305,36,291,25,127312
372,127385,322,2,340,21,331,11,127313
372,127386,127,0,188,22,157,11,127314
372,127387,52,17,67,53,59,35,127315
372,127388,132,0,151,13,141,6,127316
372,127389,165,0,178,4,171,2,127317
372,127390,517,12,537,31,527,21,127318
372,127391,328,245,350,266,339,255,127319
372,127392,217,0,229,8,223,4,127320
372,127393,182,82,208,103,195,92,127321
372,127394,196,56,213,83,204,69,127322
372,127395,346,263,372,282,359,272,127323
372,127396,313,128,334,152,323,140,127324
372,127397,307,98,334,120,320,109,127325
372,127398,377,30,400,57,388,43,127326
372,127399,545,0,572,11,558,5,127327
372,127400,597,339,619,358,608,348,127328
372,127401,377,280,397,297,387,288,127329
372,127402,529,174,553,192,541,183,127330
372,127403,346,56,367,79,356,67,127331
372,127404,610,78,631,113,620,95,127332
372,127405,27,244,42,262,34,253,127333
372,127406,128,325,143,348,135,336,127334
372,127407,36,226,58,243,47,234,127335
372,127408,526,162,552,173,539,167,127336
372,127409,608,323,639,337,623,330,127337
372,127410,114,150,132,168,123,159,127338
372,127411,201,275,222,295,211,285,127339
372,127412,414,0,439,8,426,4,127340
372,127413,347,289,379,314,363,301,127341
373,127414,444,0,534,72,489,36,127342
373,127415,539,247,570,274,554,260,127343
373,127416,596,234,620,263,608,248,127344
373,127417,468,183,490,229,479,206,127345
373,127418,597,127,623,164,610,145,127346
373,127419,267,0,346,50,306,25,127347
373,127420,381,121,403,156,392,138,127348
373,127421,528,70,557,96,542,83,127349
373,127422,417,114,442,145,429,129,127350
373,127423,60,164,79,185,69,174,127351
373,127424,544,207,578,231,561,219,127352
373,127425,98,175,115,204,106,189,127353
373,127426,360,33,379,59,369,46,127354
373,127427,427,44,449,76,438,60,127355
373,127428,208,316,231,345,219,330,127356
373,127429,399,273,420,297,409,285,127357
373,127430,300,52,322,84,311,68,127358
373,127431,246,52,267,78,256,65,127359
373,127432,610,0,638,21,624,10,127360
373,127433,278,290,302,312,290,301,127361
373,127434,271,75,291,105,281,90,127362
373,127435,503,28,523,56,513,42,127363
373,127436,573,69,609,98,591,83,127364
373,127437,261,178,281,210,271,194,127365
373,127438,419,15,444,31,431,23,127366
373,127439,378,12,402,57,390,34,127367
373,127440,611,47,637,76,624,61,127368
373,127441,295,228,313,256,304,242,127369
373,127442,118,89,137,114,127,101,127370
373,127443,398,29,419,55,408,42,127371
373,127444,232,84,256,107,244,95,127372
373,127445,578,318,603,332,590,325,127373
373,127446,36,121,54,142,45,131,127374
373,127447,72,130,88,156,80,143,127375
373,127448,57,98,80,123,68,110,127376
373,127449,229,50,250,74,239,62,127377
373,127450,201,13,220,34,210,23,127378
373,127451,211,24,237,45,224,34,127379
373,127452,37,158,55,177,46,167,127380
373,127453,40,88,56,114,48,101,127381
373,127454,486,254,512,277,499,265,127382
373,127455,31,271,49,297,40,284,127383
373,127456,278,14,305,36,291,25,127384
373,127457,322,2,340,21,331,11,127385
373,127458,127,0,188,22,157,11,127386
373,127459,52,17,67,53,59,35,127387
373,127460,132,0,151,13,141,6,127388
373,127461,165,0,178,4,171,2,127389
373,127462,328,245,350,266,339,255,127391
373,127463,217,0,229,8,223,4,127392
373,127464,182,82,208,103,195,92,127393
373,127465,196,56,213,83,204,69,127394
373,127466,345,264,371,283,358,273,127395
373,127467,313,128,334,152,323,140,127396
373,127468,307,98,334,120,320,109,127397
373,127469,545,0,571,11,558,5,127399
373,127470,597,339,619,358,608,348,127400
373,127471,377,280,397,296,387,288,127401
373,127472,529,174,553,192,541,183,127402
373,127473,346,56,367,79,356,67,127403
373,127474,609,78,631,113,620,95,127404
373,127475,27,244,42,262,34,253,127405
373,127476,128,325,143,348,135,336,127406
373,127477,36,226,58,243,47,234,127407
373,127478,526,162,552,173,539,167,127408
373,127479,608,323,639,337,623,330,127409
373,127480,115,148,133,167,124,157,127410
373,127481,201,275,222,295,211,285,127411
373,127482,414,0,440,8,427,4,127412
373,127483,347,289,379,314,363,301,127413
374,127484,445,0,533,72,489,36,127414
374,127485,539,247,570,274,554,260,127415
374,127486,596,234,620,263,608,248,127416
374,127487,468,183,490,229,479,206,127417
374,127488,597,127,623,164,610,145,127418
374,127489,267,0,346,50,306,25,127419
374,127490,381,121,403,156,392,138,127420
374,127491,528,70,557,96,542,83,127421
374,127492,417,114,442,145,429,129,127422
374,127493,60,164,79,185,69,174,127423
374,127494,544,207,578,231,561,219,127424
374,127495,98,175,114,204,106,189,127425
374,127496,360,32,379,59,369,45,127426
374,127497,427,44,449,77,438,60,127427
374,127498,208,316,231,345,219,330,127428
374,127499,399,273,420,298,409,285,127429
374,127500,300,52,322,84,311,68,127430
374,127501,246,52,267,78,256,65,127431
374,127502,610,0,638,21,624,10,127432
374,127503,278,290,302,312,290,301,127433
374,127504,271,75,291,105,281,90,127434
374,127505,503,29,523,56,513,42,127435
374,127506,574,69,609,98,591,83,127436
374,127507,261,178,281,210,271,194,127437
374,127508,420,15,444,32,432,23,127438
374,127509,378,12,402,58,390,35,127439
374,127510,611,47,637,76,624,61,127440
374,127511,294,228,313,256,303,242,127441
374,127512,118,89,137,114,127,101,127442
374,127513,398,29,419,55,408,42,127443
374,127514,232,84,256,107,244,95,127444
374,127515,578,318,602,332,590,325,127445
374,127516,36,121,54,142,45,131,127446
374,127517,72,130,88,155,80,142,127447
374,127518,57,98,80,123,68,110,127448
374,127519,229,50,250,74,239,62,127449
374,127520,201,13,220,34,210,23,127450
374,127521,211,24,237,45,224,34,127451
374,127522,37,158,55,177,46,167,127452
374,127523,40,88,56,114,48,101,127453
374,127524,486,254,512,277,499,265,127454
374,127525,31,271,49,297,40,284,127455
374,127526,278,14,305,36,291,25,127456
374,127527,322,2,339,21,330,11,127457
374,127528,127,0,188,22,157,11,127458
374,127529,52,17,67,53,59,35,127459
374,127530,132,0,151,13,141,6,127460
374,127531,165,0,178,4,171,2,127461
374,127532,328,245,350,266,339,255,127462
374,127533,217,0,229,8,223,4,127463
374,127534,182,82,208,103,195,92,127464
374,127535,196,56,213,83,204,69,127465
374,127536,342,265,370,284,356,274,127466
374,127537,313,128,334,152,323,140,127467
374,127538,307,98,334,120,320,109,127468
374,127539,546,0,570,12,558,6,127469
374,127540,597,339,619,358,608,348,127470
374,127541,377,280,397,296,387,288,127471
374,127542,529,174,553,192,541,183,127472
374,127543,346,56,367,78,356,67,127473
374,127544,609,78,630,113,619,95,127474
374,127545,27,244,42,261,34,252,127475
374,127546,128,325,143,348,135,336,127476
374,127547,35,226,58,243,46,234,127477
374,127548,526,162,552,173,539,167,127478
374,127549,608,323,639,337,623,330,127479
374,127550,116,148,135,165,125,156,127480
374,127551,201,275,222,295,211,285,127481
374,127552,414,0,440,8,427,4,127482
374,127553,347,289,380,314,363,301,127483
375,127554,445,0,533,72,489,36,127484
375,127555,539,247,570,273,554,260,127485
375,127556,596,233,620,263,608,248,127486
375,127557,468,183,490,229,479,206,127487
375,127558,597,127,623,164,610,145,127488
375,127559,267,0,346,50,306,25,127489
375,127560,381,121,403,156,392,138,127490
375,127561,528,70,557,96,542,83,127491
375,127562,417,114,442,145,429,129,127492
375,127563,60,164,79,185,69,174,127493
375,127564,544,207,578,231,561,219,127494
375,127565,98,175,114,204,106,189,127495
375,127566,360,31,379,59,369,45,127496
375,127567,427,44,449,77,438,60,127497
375,127568,208,316,231,345,219,330,127498
375,127569,399,273,420,298,409,285,127499
375,127570,300,52,322,84,311,68,127500
375,127571,246,52,267,78,256,65,127501
375,127572,610,0,638,21,624,10,127502
375,127573,278,290,302,312,290,301,127503
375,127574,271,75,291,105,281,90,127504
375,127575,503,28,523,56,513,42,127505
375,127576,574,69,610,98,592,83,127506
375,127577,261,178,281,210,271,194,127507
375,127578,421,15,444,32,432,23,127508
375,127579,378,12,402,58,390,35,127509
375,127580,611,47,637,76,624,61,127510
375,127581,294,228,313,255,303,241,127511
375,127582,118,89,137,114,127,101,127512
375,127583,398,29,419,54,408,41,127513
375,127584,232,84,256,107,244,95,127514
375,127585,578,318,602,332,590,325,127515
375,127586,36,121,54,142,45,131,127516
375,127587,72,130,88,155,80,142,127517
375,127588,57,98,80,123,68,110,127518
375,127589,229,50,250,74,239,62,127519
375,127590,201,13,220,34,210,23,127520
375,127591,211,24,237,45,224,34,127521
375,127592,37,158,55,177,46,167,127522
375,127593,40,88,56,114,48,101,127523
375,127594,486,254,512,277,499,265,127524
375,127595,31,270,49,297,40,283,127525
375,127596,279,15,305,36,292,25,127526
375,127597,322,2,339,21,330,11,127527
375,127598,127,0,188,22,157,11,127528
375,127599,52,17,67,53,59,35,127529
375,127600,132,0,151,13,141,6,127530
375,127601,165,0,178,4,171,2,127531
375,127602,328,245,350,266,339,255,127532
375,127603,217,0,229,8,223,4,127533
375,127604,182,82,208,103,195,92,127534
375,127605,196,56,213,83,204,69,127535
375,127606,340,266,369,285,354,275,127536
375,127607,313,128,334,152,323,140,127537
375,127608,307,98,334,120,320,109,127538
375,127609,546,0,570,12,558,6,127539
375,127610,597,339,619,358,608,348,127540
375,127611,377,280,397,296,387,288,127541
375,127612,529,174,553,192,541,183,127542
375,127613,346,56,368,78,357,67,127543
375,127614,609,79,630,112,619,95,127544
375,127615,27,244,42,261,34,252,127545
375,127616,128,325,143,348,135,336,127546
375,127617,35,226,58,243,46,234,127547
375,127618,526,162,552,173,539,167,127548
375,127619,608,323,639,338,623,330,127549
375,127620,118,147,137,164,127,155,127550
375,127621,201,275,222,295,211,285,127551
375,127622,414,0,439,7,426,3,127552
375,127623,347,289,380,313,363,301,127553
375,127624,49,191,66,207,57,199,
376,127625,445,0,533,72,489,36,127554
376,127626,539,247,570,273,554,260,127555
376,127627,596,233,620,263,608,248,127556
376,127628,468,183,490,229,479,206,127557
376,127629,597,127,623,164,610,145,127558
376,127630,267,0,346,50,306,25,127559
376,127631,381,121,403,156,392,138,127560
376,127632,528,70,557,96,542,83,127561
376,127633,417,114,442,145,429,129,127562
376,127634,60,164,79,185,69,174,127563
376,127635,543,207,578,231,560,219,127564
376,127636,98,174,114,204,106,189,127565
376,127637,360,30,379,59,369,44,127566
376,127638,427,44,449,77,438,60,127567
376,127639,208,316,231,345,219,330,127568
376,127640,399,273,420,297,409,285,127569
376,127641,300,52,322,84,311,68,127570
376,127642,246,52,267,78,256,65,127571
376,127643,610,0,638,21,624,10,127572
376,127644,278,290,302,312,290,301,127573
376,127645,271,75,291,105,281,90,127574
376,127646,504,28,523,56,513,42,127575
376,127647,574,69,610,98,592,83,127576
376,127648,261,178,281,210,271,194,127577
376,127649,421,15,444,33,432,24,127578
376,127650,378,12,402,58,390,35,127579
376,127651,611,47,637,76,624,61,127580
376,127652,294,228,313,255,303,241,127581
376,127653,119,89,136,114,127,101,127582
376,127654,398,29,418,54,408,41,127583
376,127655,232,84,256,107,244,95,127584
376,127656,578,318,602,331,590,324,127585
376,127657,36,121,54,142,45,131,127586
376,127658,72,130,88,155,80,142,127587
376,127659,57,98,80,123,68,110,127588
376,127660,229,50,250,74,239,62,127589
376,127661,201,13,220,34,210,23,127590
376,127662,211,24,237,45,224,34,127591
376,127663,37,158,55,177,46,167,127592
376,127664,40,88,56,114,48,101,127593
376,127665,486,254,512,277,499,265,127594
376,127666,31,268,50,297,40,282,127595
376,127667,279,15,305,36,292,25,127596
376,127668,322,2,339,21,330,11,127597
376,127669,127,0,188,22,157,11,127598
376,127670,52,17,67,53,59,35,127599
376,127671,132,0,151,13,141,6,127600
376,127672,165,0,178,5,171,2,127601
376,127673,328,244,350,266,339,255,127602
376,127674,217,0,229,8,223,4,127603
376,127675,182,82,208,103,195,92,127604
376,127676,196,56,213,83,204,69,127605
376,127677,339,267,369,286,354,276,127606
376,127678,313,128,334,152,323,140,127607
376,127679,307,98,334,120,320,109,127608
376,127680,546,0,570,12,558,6,127609
376,127681,597,339,620,358,608,348,127610
376,127682,377,280,397,296,387,288,127611
376,127683,529,174,553,192,541,183,127612
376,127684,346,56,368,78,357,67,127613
376,127685,609,79,629,112,619,95,127614
376,127686,27,244,42,261,34,252,127615
376,127687,128,325,143,348,135,336,127616
376,127688,35,226,58,243,46,234,127617
376,127689,526,162,552,173,539,167,127618
376,127690,608,323,639,338,623,330,127619
376,127691,121,146,139,163,130,154,127620
376,127692,201,275,222,295,211,285,127621
376,127693,414,0,438,7,426,3,127622
376,127694,347,289,380,313,363,301,127623
376,127695,50,191,66,207,58,199,127624
377,127696,445,0,533,72,489,36,127625
377,127697,539,247,570,273,554,260,127626
377,127698,596,233,620,263,608,248,127627
377,127699,468,183,490,229,479,206,127628
377,127700,597,127,622,164,609,145,127629
377,127701,267,0,345,50,306,25,127630
377,127702,381,121,403,156,392,138,127631
377,127703,528,70,557,96,542,83,127632
377,127704,417,114,442,145,429,129,127633
377,127705,60,164,79,185,69,174,127634
377,127706,543,207,578,231,560,219,127635
377,127707,98,174,114,204,106,189,127636
377,127708,360,29,379,58,369,43,127637
377,127709,427,44,449,77,438,60,127638
377,127710,208,316,231,345,219,330,127639
377,127711,399,273,419,297,409,285,127640
377,127712,300,52,322,84,311,68,127641
377,127713,246,52,267,78,256,65,127642
377,127714,610,0,638,21,624,10,127643
377,127715,278,290,302,312,290,301,127644
377,127716,271,75,291,105,281,90,127645
377,127717,504,28,523,56,513,42,127646
377,127718,574,69,610,98,592,83,127647
377,127719,261,178,281,210,271,194,127648
377,127720,421,15,445,33,433,24,127649
377,127721,378,12,402,57,390,34,127650
377,127722,611,47,637,76,624,61,127651
377,127723,294,228,313,255,303,241,127652
377,127724,119,89,136,114,127,101,127653
377,127725,398,29,418,54,408,41,127654
377,127726,232,84,256,107,244,95,127655
377,127727,578,318,602,331,590,324,127656
377,127728,36,121,54,142,45,131,127657
377,127729,72,130,88,155,80,142,127658
377,127730,57,98,80,123,68,110,127659
377,127731,229,50,250,74,239,62,127660
377,127732,201,13,220,34,210,23,127661
377,127733,211,24,237,45,224,34,127662
377,127734,37,158,55,177,46,167,127663
377,127735,40,88,56,114,48,101,127664
377,127736,486,254,512,277,499,265,127665
377,127737,31,267,51,297,41,282,127666
377,127738,279,15,305,36,292,25,127667
377,127739,322,2,339,21,330,11,127668
377,127740,127,0,188,22,157,11,127669
377,127741,52,17,67,53,59,35,127670
377,127742,132,0,151,13,141,6,127671
377,127743,165,0,178,5,171,2,127672
377,127744,328,244,350,266,339,255,127673
377,127745,217,0,229,8,223,4,127674
377,127746,182,82,208,103,195,92,127675
377,127747,196,56,213,83,204,69,127676
377,127748,338,268,368,287,353,277,127677
377,127749,313,128,334,152,323,140,127678
377,127750,307,98,334,120,320,109,127679
377,127751,545,0,569,12,557,6,127680
377,127752,597,339,619,358,608,348,127681
377,127753,377,280,397,296,387,288,127682
377,127754,529,174,553,192,541,183,127683
377,127755,347,56,368,78,357,67,127684
377,127756,609,79,629,112,619,95,127685
377,127757,27,244,42,261,34,252,127686
377,127758,128,325,143,348,135,336,127687
377,127759,35,226,58,243,46,234,127688
377,127760,526,162,552,173,539,167,127689
377,127761,608,323,639,338,623,330,127690
377,127762,124,145,141,162,132,153,127691
377,127763,201,275,222,295,211,285,127692
377,127764,414,0,438,7,426,3,127693
377,127765,347,289,380,313,363,301,127694
377,127766,51,191,67,207,59,199,127695
378,127767,445,0,533,72,489,36,127696
378,127768,539,247,570,273,554,260,127697
378,127769,596,233,620,263,608,248,127698
378,127770,468,183,490,229,479,206,127699
378,127771,597,127,622,164,609,145,127700
378,127772,267,0,345,50,306,25,127701
378,127773,381,121,403,156,392,138,127702
378,127774,528,70,557,96,542,83,127703
378,127775,417,114,442,145,429,129,127704
378,127776,60,164,79,185,69,174,127705
378,127777,543,207,578,231,560,219,127706
378,127778,98,174,114,204,106,189,127707
378,127779,360,29,379,58,369,43,127708
378,127780,427,44,449,77,438,60,127709
378,127781,208,316,231,345,219,330,127710
378,127782,399,273,419,297,409,285,127711
378,127783,300,52,322,84,311,68,127712
378,127784,246,52,267,78,256,65,127713
378,127785,610,0,638,21,624,10,127714
378,127786,278,290,302,312,290,301,127715
378,127787,271,75,291,105,281,90,127716
378,127788,504,28,523,56,513,42,127717
378,127789,574,69,610,98,592,83,127718
378,127790,261,178,281,210,271,194,127719
378,127791,422,15,445,33,433,24,127720
378,127792,378,12,402,57,390,34,127721
378,127793,611,47,637,76,624,61,127722
378,127794,294,228,313,255,303,241,127723
378,127795,119,89,136,114,127,101,127724
378,127796,398,29,418,54,408,41,127725
378,127797,232,84,256,107,244,95,127726
378,127798,578,318,602,331,590,324,127727
378,127799,36,121,54,142,45,131,127728
378,127800,72,130,88,155,80,142,127729
378,127801,57,98,80,123,68,110,127730
378,127802,228,50,250,74,239,62,127731
378,127803,201,13,220,34,210,23,127732
378,127804,211,24,237,45,224,34,127733
378,127805,37,158,55,177,46,167,127734
378,127806,40,88,56,114,48,101,127735
378,127807,486,254,512,277,499,265,127736
378,127808,31,267,51,297,41,282,127737
378,127809,279,15,305,36,292,25,127738
378,127810,322,2,339,21,330,11,127739
378,127811,127,0,188,22,157,11,127740
378,127812,52,17,67,53,59,35,127741
378,127813,132,0,151,13,141,6,127742
378,127814,165,0,178,5,171,2,127743
378,127815,328,244,350,266,339,255,127744
378,127816,217,0,229,7,223,3,127745
378,127817,182,82,208,103,195,92,127746
378,127818,196,56,213,83,204,69,127747
378,127819,338,268,368,287,353,277,127748
378,127820,313,128,334,152,323,140,127749
378,127821,307,98,334,120,320,109,127750
378,127822,545,0,569,13,557,6,127751
378,127823,597,339,619,358,608,348,127752
378,127824,377,280,397,296,387,288,127753
378,127825,529,174,553,192,541,183,127754
378,127826,347,56,368,78,357,67,127755
378,127827,609,79,629,112,619,95,127756
378,127828,27,244,42,261,34,252,127757
378,127829,128,325,143,348,135,336,127758
378,127830,35,226,58,243,46,234,127759
378,127831,526,162,552,173,539,167,127760
378,127832,608,323,639,338,623,330,127761
378,127833,124,144,142,162,133,153,127762
378,127834,201,274,222,295,211,284,127763
378,127835,414,0,438,7,426,3,127764
378,127836,347,289,380,313,363,301,127765
378,127837,51,191,67,207,59,199,127766
379,127838,445,0,533,72,489,36,127767
379,127839,539,247,570,273,554,260,127768
379,127840,596,233,620,263,608,248,127769
379,127841,468,183,490,229,479,206,127770
379,127842,597,127,622,164,609,145,127771
379,127843,267,0,345,50,306,25,127772
379,127844,381,121,403,156,392,138,127773
379,127845,528,70,557,96,542,83,127774
379,127846,417,114,442,145,429,129,127775
379,127847,60,164,79,185,69,174,127776
379,127848,543,207,578,231,560,219,127777
379,127849,98,174,114,204,106,189,127778
379,127850,360,28,380,57,370,42,127779
379,127851,427,44,449,77,438,60,127780
379,127852,208,316,231,345,219,330,127781
379,127853,398,273,419,297,408,285,127782
379,127854,300,52,322,84,311,68,127783
379,127855,246,52,267,78,256,65,127784
379,127856,610,0,638,21,624,10,127785
379,127857,278,290,302,312,290,301,127786
379,127858,271,75,291,105,281,90,127787
379,127859,504,28,523,56,513,42,127788
379,127860,573,69,609,97,591,83,127789
379,127861,261,178,281,210,271,194,127790
379,127862,422,15,445,33,433,24,127791
379,127863,378,12,402,57,390,34,127792
379,127864,611,47,637,75,624,61,127793
379,127865,294,228,313,256,303,242,127794
379,127866,119,89,136,114,127,101,127795
379,127867,398,29,419,54,408,41,127796
379,127868,232,84,256,107,244,95,127797
379,127869,578,318,602,332,590,325,127798
379,127870,36,121,54,142,45,131,127799
379,127871,72,130,88,155,80,142,127800
379,127872,57,98,80,123,68,110,127801
379,127873,228,50,250,74,239,62,127802
379,127874,201,13,220,34,210,23,127803
379,127875,211,24,237,45,224,34,127804
379,127876,37,158,55,177,46,167,127805
379,127877,40,88,56,114,48,101,127806
379,127878,486,254,512,277,499,265,127807
379,127879,31,267,52,297,41,282,127808
379,127880,279,15,306,36,292,25,127809
379,127881,322,2,339,21,330,11,127810
379,127882,127,0,188,22,157,11,127811
379,127883,52,17,67,53,59,35,127812
379,127884,132,0,151,13,141,6,127813
379,127885,165,0,178,5,171,2,127814
379,127886,328,244,350,266,339,255,127815
379,127887,217,0,229,7,223,3,127816
379,127888,182,82,208,103,195,92,127817
379,127889,196,56,213,83,204,69,127818
379,127890,338,269,368,287,353,278,127819
379,127891,313,128,334,152,323,140,127820
379,127892,307,98,334,120,320,109,127821
379,127893,545,0,569,13,557,6,127822
379,127894,597,339,619,358,608,348,127823
379,127895,377,280,397,296,387,288,127824
379,127896,529,174,553,192,541,183,127825
379,127897,347,56,368,78,357,67,127826
379,127898,608,79,630,112,619,95,127827
379,127899,27,243,42,261,34,252,127828
379,127900,128,325,143,348,135,336,127829
379,127901,35,226,58,243,46,234,127830
379,127902,526,162,552,173,539,167,127831
379,127903,608,323,639,338,623,330,127832
379,127904,126,144,143,161,134,152,127833
379,127905,201,274,222,295,211,284,127834
379,127906,413,0,438,7,425,3,127835
379,127907,347,288,380,313,363,300,127836
379,127908,51,191,67,207,59,199,127837
380,127909,445,0,533,73,489,36,127838
380,127910,539,247,571,274,555,260,127839
380,127911,596,233,621,263,608,248,127840
380,127912,468,183,490,229,479,206,127841
380,127913,597,127,623,165,610,146,127842
380,127914,266,0,346,50,306,25,127843
380,127915,381,121,403,156,392,138,127844
380,127916,528,70,558,96,543,83,127845
380,127917,417,114,441,145,429,129,127846
380,127918,60,164,79,185,69,174,127847
380,127919,543,207,578,231,560,219,127848
380,127920,98,173,115,204,106,188,127849
380,127921,360,27,380,57,370,42,127850
380,127922,427,44,449,77,438,60,127851
380,127923,208,316,231,345,219,330,127852
380,127924,399,273,419,297,409,285,127853
380,127925,300,52,322,84,311,68,127854
380,127926,246,52,267,78,256,65,127855
380,127927,610,0,638,21,624,10,127856
380,127928,278,290,302,312,290,301,127857
380,127929,271,75,291,105,281,90,127858
380,127930,503,29,523,57,513,43,127859
380,127931,573,69,610,97,591,83,127860
380,127932,261,178,281,210,271,194,127861
380,127933,422,15,445,33,433,24,127862
380,127934,379,12,402,56,390,34,127863
380,127935,611,47,637,75,624,61,127864
380,127936,294,228,313,256,303,242,127865
380,127937,119,89,136,114,127,101,127866
380,127938,398,29,419,54,408,41,127867
380,127939,233,84,256,107,244,95,127868
380,127940,578,318,601,332,589,325,127869
380,127941,36,121,54,142,45,131,127870
380,127942,72,130,88,156,80,143,127871
380,127943,57,98,80,123,68,110,127872
380,127944,229,50,249,74,239,62,127873
380,127945,201,13,220,34,210,23,127874
380,127946,211,24,237,45,224,34,127875
380,127947,37,159,55,177,46,168,127876
380,127948,40,88,56,114,48,101,127877
380,127949,486,254,512,277,499,265,127878
380,127950,31,268,53,297,42,282,127879
380,127951,279,15,307,36,293,25,127880
380,127952,323,2,339,21,331,11,127881
380,127953,128,0,187,23,157,11,127882
380,127954,52,17,67,52,59,34,127883
380,127955,132,0,151,13,141,6,127884
380,127956,165,0,177,5,171,2,127885
380,127957,328,245,350,266,339,255,127886
380,127958,217,0,228,7,222,3,127887
380,127959,182,82,208,103,195,92,127888
380,127960,196,56,213,83,204,69,127889
380,127961,338,270,367,288,352,279,127890
380,127962,312,128,334,152,323,140,127891
380,127963,306,98,334,120,320,109,127892
380,127964,546,0,569,12,557,6,127893
380,127965,597,339,619,358,608,348,127894
380,127966,377,279,397,296,387,287,127895
380,127967,528,168,553,192,540,180,127896
380,127968,347,55,368,79,357,67,127897
380,127969,609,79,632,112,620,95,127898
380,127970,27,244,42,261,34,252,127899
380,127971,128,325,143,348,135,336,127900
380,127972,36,226,58,244,47,235,127901
380,127973,526,162,553,174,539,168,127902
380,127974,608,322,639,338,623,330,127903
380,127975,128,143,145,161,136,152,127904
380,127976,201,275,222,295,211,285,127905
380,127977,414,0,438,7,426,3,127906
380,127978,347,289,380,314,363,301,127907
380,127979,52,192,67,207,59,199,127908
381,127980,445,0,533,73,489,36,127909
381,127981,539,247,571,274,555,260,127910
381,127982,596,233,621,263,608,248,127911
381,127983,468,183,490,229,479,206,127912
381,127984,597,127,623,165,610,146,127913
381,127985,266,0,346,50,306,25,127914
381,127986,381,121,403,156,392,138,127915
381,127987,528,70,558,96,543,83,127916
381,127988,417,114,441,145,429,129,127917
381,127989,60,164,79,185,69,174,127918
381,127990,543,207,578,231,560,219,127919
381,127991,98,173,115,204,106,188,127920
381,127992,361,27,380,57,370,42,127921
381,127993,427,44,449,77,438,60,127922
381,127994,208,316,231,345,219,330,127923
381,127995,399,273,419,297,409,285,127924
381,127996,300,52,322,84,311,68,127925
381,127997,246,52,267,78,256,65,127926
381,127998,610,0,638,21,624,10,127927
381,127999,278,290,302,312,290,301,127928
381,128000,271,75,291,105,281,90,127929
381,128001,503,29,522,57,512,43,127930
381,128002,573,69,610,97,591,83,127931
381,128003,261,178,281,210,271,194,127932
381,128004,422,15,445,33,433,24,127933
381,128005,379,12,402,56,390,34,127934
381,128006,611,47,637,75,624,61,127935
381,128007,294,228,313,256,303,242,127936
381,128008,119,89,136,114,127,101,127937
381,128009,398,29,419,54,408,41,127938
381,128010,233,84,256,107,244,95,127939
381,128011,578,318,601,332,589,325,127940
381,128012,35,121,54,142,44,131,127941
381,128013,72,130,88,156,80,143,127942
381,128014,57,98,80,123,68,110,127943
381,128015,229,50,249,74,239,62,127944
381,128016,201,13,220,34,210,23,127945
381,128017,211,24,237,45,224,34,127946
381,128018,37,159,55,177,46,168,127947
381,128019,40,88,56,114,48,101,127948
381,128020,486,254,512,277,499,265,127949
381,128021,31,269,53,297,42,283,127950
381,128022,280,15,307,36,293,25,127951
381,128023,323,2,339,21,331,11,127952
381,128024,128,0,187,23,157,11,127953
381,128025,52,17,67,52,59,34,127954
381,128026,132,0,151,13,141,6,127955
381,128027,165,0,177,5,171,2,127956
381,128028,328,245,350,266,339,255,127957
381,128029,217,0,228,7,222,3,127958
381,128030,182,83,208,103,195,93,127959
381,128031,196,56,213,83,204,69,127960
381,128032,338,270,367,288,352,279,127961
381,128033,312,128,334,152,323,140,127962
381,128034,306,98,334,120,320,109,127963
381,128035,546,0,569,12,557,6,127964
381,128036,597,339,619,358,608,348,127965
381,128037,377,279,397,296,387,287,127966
381,128038,528,167,553,192,540,179,127967
381,128039,347,55,368,79,357,67,127968
381,128040,609,79,633,112,621,95,127969
381,128041,28,244,42,261,35,252,127970
381,128042,128,324,143,348,135,336,127971
381,128043,36,226,58,244,47,235,127972
381,128044,527,162,553,175,540,168,127973
381,128045,608,322,639,338,623,330,127974
381,128046,128,143,146,160,137,151,127975
381,128047,201,275,222,295,211,285,127976
381,128048,414,0,437,7,425,3,127977
381,128049,347,290,380,314,363,302,127978
381,128050,52,192,67,208,59,200,127979
381,128051,67,20,81,40,74,30,
382,128052,445,0,533,73,489,36,127980
382,128053,539,247,571,274,555,260,127981
382,128054,596,234,621,263,608,248,127982
382,128055,468,183,490,229,479,206,127983
382,128056,597,127,623,165,610,146,127984
382,128057,266,0,346,50,306,25,127985
382,128058,381,121,403,156,392,138,127986
382,128059,528,70,558,96,543,83,127987
382,128060,417,114,441,145,429,129,127988
382,128061,60,164,79,185,69,174,127989
382,128062,543,207,578,231,560,219,127990
382,128063,98,173,115,204,106,188,127991
382,128064,361,27,381,57,371,42,127992
382,128065,427,44,449,77,438,60,127993
382,128066,208,316,231,345,219,330,127994
382,128067,398,273,420,297,409,285,127995
382,128068,300,52,322,84,311,68,127996
382,128069,246,52,267,78,256,65,127997
382,128070,610,0,638,21,624,10,127998
382,128071,278,290,302,312,290,301,127999
382,128072,271,75,291,105,281,90,128000
382,128073,503,29,522,57,512,43,128001
382,128074,573,69,610,97,591,83,128002
382,128075,261,178,281,210,271,194,128003
382,128076,422,15,445,33,433,24,128004
382,128077,379,12,402,55,390,33,128005
382,128078,611,47,637,75,624,61,128006
382,128079,294,228,313,256,303,242,128007
382,128080,119,89,137,114,128,101,128008
382,128081,398,30,420,54,409,42,128009
382,128082,232,84,256,107,244,95,128010
382,128083,578,318,601,332,589,325,128011
382,128084,35,121,54,142,44,131,128012
382,128085,72,129,88,156,80,142,128013
382,128086,57,98,80,123,68,110,128014
382,128087,229,50,249,74,239,62,128015
382,128088,201,13,220,34,210,23,128016
382,128089,211,24,237,45,224,34,128017
382,128090,37,159,55,177,46,168,128018
382,128091,40,88,56,114,48,101,128019
382,128092,486,254,512,277,499,265,128020
382,128093,32,271,54,299,43,285,128021
382,128094,280,15,306,36,293,25,128022
382,128095,323,2,339,21,331,11,128023
382,128096,128,0,187,23,157,11,128024
382,128097,52,18,67,52,59,35,128025
382,128098,132,0,151,13,141,6,128026
382,128099,165,0,177,5,171,2,128027
382,128100,328,245,350,266,339,255,128028
382,128101,217,0,228,7,222,3,128029
382,128102,182,83,208,103,195,93,128030
382,128103,196,56,213,83,204,69,128031
382,128104,338,270,366,287,352,278,128032
382,128105,312,128,334,152,323,140,128033
382,128106,306,98,334,120,320,109,128034
382,128107,546,0,569,12,557,6,128035
382,128108,597,339,619,358,608,348,128036
382,128109,377,279,397,296,387,287,128037
382,128110,528,164,553,192,540,178,128038
382,128111,347,55,368,79,357,67,128039
382,128112,610,79,633,111,621,95,128040
382,128113,28,244,42,261,35,252,128041
382,128114,128,324,143,348,135,336,128042
382,128115,36,226,58,244,47,235,128043
382,128116,526,162,553,174,539,168,128044
382,128117,608,322,639,338,623,330,128045
382,128118,131,141,148,159,139,150,128046
382,128119,201,275,222,295,211,285,128047
382,128120,414,0,437,7,425,3,128048
382,128121,347,290,380,314,363,302,128049
382,128122,53,192,68,208,60,200,128050
382,128123,67,20,81,40,74,30,128051
383,128124,445,0,533,73,489,36,128052
383,128125,539,247,571,274,555,260,128053
383,128126,596,234,621,263,608,248,128054
383,128127,468,183,490,229,479,206,128055
383,128128,597,127,623,165,610,146,128056
383,128129,266,0,346,50,306,25,128057
383,128130,381,121,403,156,392,138,128058
383,128131,528,70,558,96,543,83,128059
383,128132,417,114,441,145,429,129,128060
383,128133,60,164,79,185,69,174,128061
383,128134,543,207,578,231,560,219,128062
383,128135,98,173,115,204,106,188,128063
383,128136,361,27,381,57,371,42,128064
383,128137,427,45,448,77,437,61,128065
383,128138,208,316,231,345,219,330,128066
383,128139,398,273,420,297,409,285,128067
383,128140,300,52,322,84,311,68,128068
383,128141,246,52,267,78,256,65,128069
383,128142,610,0,638,21,624,10,128070
383,128143,278,290,302,312,290,301,128071
383,128144,271,75,291,105,281,90,128072
383,128145,503,29,522,57,512,43,128073
383,128146,573,69,610,97,591,83,128074
383,128147,261,178,281,210,271,194,128075
383,128148,422,15,445,33,433,24,128076
383,128149,379,12,403,53,391,32,128077
383,128150,611,47,637,75,624,61,128078
383,128151,294,227,314,256,304,241,128079
383,128152,119,89,137,114,128,101,128080
383,128153,399,30,421,54,410,42,128081
383,128154,233,84,256,107,244,95,128082
383,128155,578,318,601,331,589,324,128083
383,128156,35,121,54,142,44,131,128084
383,128157,72,129,88,156,80,142,128085
383,128158,57,98,80,123,68,110,128086
383,128159,229,50,249,74,239,62,128087
383,128160,201,13,220,34,210,23,128088
383,128161,211,24,237,45,224,34,128089
383,128162,37,159,55,177,46,168,128090
383,128163,40,88,56,114,48,101,128091
383,128164,486,254,512,277,499,265,128092
383,128165,38,273,55,302,46,287,128093
383,128166,280,15,306,36,293,25,128094
383,128167,323,2,339,21,331,11,128095
383,128168,127,0,187,23,157,11,128096
383,128169,52,17,67,52,59,34,128097
383,128170,132,0,151,13,141,6,128098
383,128171,165,0,177,5,171,2,128099
383,128172,328,245,350,266,339,255,128100
383,128173,217,0,228,7,222,3,128101
383,128174,182,83,208,103,195,93,128102
383,128175,195,56,213,83,204,69,128103
383,128176,338,270,366,287,352,278,128104
383,128177,313,128,334,152,323,140,128105
383,128178,306,98,334,120,320,109,128106
383,128179,546,0,569,12,557,6,128107
383,128180,597,339,619,358,608,348,128108
383,128181,377,279,397,296,387,287,128109
383,128182,528,165,553,192,540,178,128110
383,128183,347,56,369,79,358,67,128111
383,128184,611,78,633,110,622,94,128112
383,128185,28,244,42,261,35,252,128113
383,128186,128,324,143,348,135,336,128114
383,128187,36,226,58,244,47,235,128115
383,128188,526,162,553,174,539,168,128116
383,128189,608,322,639,338,623,330,128117
383,128190,134,138,152,158,143,148,128118
383,128191,201,275,222,295,211,285,128119
383,128192,414,0,438,7,426,3,128120
383,128193,347,290,380,314,363,302,128121
383,128194,55,193,70,209,62,201,128122
383,128195,67,20,81,40,74,30,128123
383,128196,635,57,639,85,637,71,
384,128197,445,0,533,73,489,36,128124
384,128198,539,247,571,274,555,260,128125
384,128199,596,234,621,263,608,248,128126
384,128200,468,183,490,229,479,206,128127
384,128201,597,127,623,165,610,146,128128
384,128202,266,0,345,50,305,25,128129
384,128203,381,121,403,156,392,138,128130
384,128204,528,70,558,96,543,83,128131
384,128205,417,114,441,145,429,129,128132
384,128206,60,164,79,185,69,174,128133
384,128207,543,207,578,231,560,219,128134
384,128208,98,173,115,204,106,188,128135
384,128209,361,26,381,58,371,42,128136
384,128210,427,45,448,77,437,61,128137
384,128211,208,317,231,345,219,331,128138
384,128212,398,273,420,296,409,284,128139
384,128213,300,52,322,84,311,68,128140
384,128214,246,52,267,78,256,65,128141
384,128215,610,0,638,21,624,10,128142
384,128216,278,290,302,312,290,301,128143
384,128217,271,75,291,105,281,90,128144
384,128218,503,29,522,57,512,43,128145
384,128219,573,69,610,97,591,83,128146
384,128220,261,178,281,210,271,194,128147
384,128221,422,15,446,32,434,23,128148
384,128222,380,12,404,52,392,32,128149
384,128223,611,47,637,75,624,61,128150
384,128224,294,227,314,256,304,241,128151
384,128225,119,89,137,114,128,101,128152
384,128226,399,31,422,54,410,42,128153
384,128227,233,84,256,107,244,95,128154
384,128228,578,318,601,331,589,324,128155
384,128229,35,121,54,142,44,131,128156
384,128230,72,129,88,156,80,142,128157
384,128231,57,98,80,123,68,110,128158
384,128232,229,50,249,74,239,62,128159
384,128233,201,13,220,34,210,23,128160
384,128234,211,24,237,45,224,34,128161
384,128235,37,158,55,177,46,167,128162
384,128236,40,88,56,114,48,101,128163
384,128237,486,254,512,277,499,265,128164
384,128238,41,275,56,303,48,289,128165
384,128239,280,15,305,36,292,25,128166
384,128240,323,2,340,21,331,11,128167
384,128241,127,0,187,23,157,11,128168
384,128242,52,17,67,52,59,34,128169
384,128243,132,0,151,13,141,6,128170
384,128244,164,0,177,5,170,2,128171
384,128245,328,245,350,266,339,255,128172
384,128246,217,0,228,7,222,3,128173
384,128247,182,83,208,103,195,93,128174
384,128248,196,56,213,83,204,69,128175
384,128249,338,269,366,286,352,277,128176
384,128250,313,128,334,152,323,140,128177
384,128251,306,98,334,120,320,109,128178
384,128252,546,0,569,12,557,6,128179
384,128253,597,339,619,358,608,348,128180
384,128254,377,279,397,295,387,287,128181
384,128255,528,166,553,192,540,179,128182
384,128256,347,56,368,79,357,67,128183
384,128257,612,77,633,110,622,93,128184
384,128258,28,244,42,261,35,252,128185
384,128259,128,324,143,348,135,336,128186
384,128260,35,226,58,244,46,235,128187
384,128261,526,162,553,173,539,167,128188
384,128262,608,322,639,338,623,330,128189
384,128263,137,135,154,156,145,145,128190
384,128264,201,275,222,295,211,285,128191
384,128265,414,0,438,7,426,3,128192
384,128266,347,290,380,315,363,302,128193
384,128267,56,194,72,210,64,202,128194
384,128268,67,20,81,40,74,30,128195
384,128269,635,58,639,84,637,71,128196
384,128270,31,274,43,298,37,286,
385,128271,444,0,533,73,488,36,128197
385,128272,539,247,571,274,555,260,128198
385,128273,596,234,621,263,608,248,128199
385,128274,468,183,490,229,479,206,128200
385,128275,597,127,623,165,610,146,128201
385,128276,266,0,345,50,305,25,128202
385,128277,381,121,403,156,392,138,128203
385,128278,528,70,558,96,543,83,128204
385,128279,417,114,441,145,429,129,128205
385,128280,60,164,79,185,69,174,128206
385,128281,543,207,578,231,560,219,128207
385,128282,97,173,115,205,106,189,128208
385,128283,361,26,382,59,371,42,128209
385,128284,427,46,450,77,438,61,128210
385,128285,208,317,231,346,219,331,128211
385,128286,398,273,420,295,409,284,128212
385,128287,300,52,322,84,311,68,128213
385,128288,246,52,267,78,256,65,128214
385,128289,610,0,638,21,624,10,128215
385,128290,278,290,302,312,290,301,128216
385,128291,271,75,291,105,281,90,128217
385,128292,503,29,522,57,512,43,128218
385,128293,573,69,610,97,591,83,128219
385,128294,261,178,281,210,271,194,128220
385,128295,422,15,448,32,435,23,128221
385,128296,380,12,405,51,392,31,128222
385,128297,611,47,637,75,624,61,128223
385,128298,293,227,314,256,303,241,128224
385,128299,119,89,136,114,127,101,128225
385,128300,400,31,422,55,411,43,128226
385,128301,233,84,256,107,244,95,128227
385,128302,578,318,601,331,589,324,128228
385,128303,35,121,54,142,44,131,128229
385,128304,72,129,88,156,80,142,128230
385,128305,57,98,80,123,68,110,128231
385,128306,229,50,249,74,239,62,128232
385,128307,201,13,220,34,210,23,128233
385,128308,211,24,237,45,224,34,128234
385,128309,37,158,55,177,46,167,128235
385,128310,40,88,56,114,48,101,128236
385,128311,486,254,512,277,499,265,128237
385,128312,42,277,57,304,49,290,128238
385,128313,280,15,305,36,292,25,128239
385,128314,323,2,340,21,331,11,128240
385,128315,127,0,187,23,157,11,128241
385,128316,52,17,67,52,59,34,128242
385,128317,132,0,151,13,141,6,128243
385,128318,164,0,177,5,170,2,128244
385,128319,328,245,350,266,339,255,128245
385,128320,217,0,228,7,222,3,128246
385,128321,182,83,208,103,195,93,128247
385,128322,196,56,213,83,204,69,128248
385,128323,337,268,365,286,351,277,128249
385,128324,313,128,334,152,323,140,128250
385,128325,306,98,334,120,320,109,128251
385,128326,546,0,569,12,557,6,128252
385,128327,597,338,619,358,608,348,128253
385,128328,377,279,396,295,386,287,128254
385,128329,528,167,553,192,540,179,128255
385,128330,347,56,368,80,357,68,128256
385,128331,613,76,634,110,623,93,128257
385,128332,28,244,42,261,35,252,128258
385,128333,128,324,143,348,135,336,128259
385,128334,35,226,58,244,46,235,128260
385,128335,526,162,553,173,539,167,128261
385,128336,608,322,639,338,623,330,128262
385,128337,139,133,156,155,147,144,128263
385,128338,201,275,222,295,211,285,128264
385,128339,414,0,438,7,426,3,128265
385,128340,347,290,380,315,363,302,128266
385,128341,67,20,81,40,74,30,128268
385,128342,635,59,639,86,637,72,128269
385,128343,31,274,43,298,37,286,128270
385,128344,527,162,553,178,540,170,128261
386,128345,443,0,533,73,488,36,128271
386,128346,539,247,571,274,555,260,128272
386,128347,596,234,621,263,608,248,128273
386,128348,468,183,490,229,479,206,128274
386,128349,597,127,623,165,610,146,128275
386,128350,266,0,345,50,305,25,128276
386,128351,381,121,403,156,392,138,128277
386,128352,528,70,558,96,543,83,128278
386,128353,417,114,441,145,429,129,128279
386,128354,60,164,79,185,69,174,128280
386,128355,543,207,578,230,560,218,128281
386,128356,97,173,115,205,106,189,128282
386,128357,361,25,382,59,371,42,128283
386,128358,428,47,452,76,440,61,128284
386,128359,208,317,231,346,219,331,128285
386,128360,398,273,420,295,409,284,128286
386,128361,300,52,322,84,311,68,128287
386,128362,246,52,267,78,256,65,128288
386,128363,610,0,638,21,624,10,128289
386,128364,278,290,302,312,290,301,128290
386,128365,271,75,291,105,281,90,128291
386,128366,502,29,522,57,512,43,128292
386,128367,573,69,609,97,591,83,128293
386,128368,261,178,281,210,271,194,128294
386,128369,422,15,450,31,436,23,128295
386,128370,380,12,406,49,393,30,128296
386,128371,611,47,638,75,624,61,128297
386,128372,293,227,314,256,303,241,128298
386,128373,119,89,136,114,127,101,128299
386,128374,401,32,422,54,411,43,128300
386,128375,233,84,256,107,244,95,128301
386,128376,578,318,601,331,589,324,128302
386,128377,35,121,54,142,44,131,128303
386,128378,72,129,88,156,80,142,128304
386,128379,57,98,80,123,68,110,128305
386,128380,229,50,249,74,239,62,128306
386,128381,201,13,220,34,210,23,128307
386,128382,211,24,237,45,224,34,128308
386,128383,37,158,55,177,46,167,128309
386,128384,40,88,56,114,48,101,128310
386,128385,486,254,512,277,499,265,128311
386,128386,43,282,58,306,50,294,128312
386,128387,280,15,305,37,292,26,128313
386,128388,323,2,340,21,331,11,128314
386,128389,127,0,188,23,157,11,128315
386,128390,52,17,67,52,59,34,128316
386,128391,132,0,151,13,141,6,128317
386,128392,164,0,177,5,170,2,128318
386,128393,328,245,349,266,338,255,128319
386,128394,217,0,228,7,222,3,128320
386,128395,182,83,208,103,195,93,128321
386,128396,196,56,213,83,204,69,128322
386,128397,335,268,364,285,349,276,128323
386,128398,313,128,334,152,323,140,128324
386,128399,306,98,334,120,320,109,128325
386,128400,546,0,569,12,557,6,128326
386,128401,597,339,619,358,608,348,128327
386,128402,377,279,396,295,386,287,128328
386,128403,528,171,553,192,540,181,128329
386,128404,347,56,368,80,357,68,128330
386,128405,613,76,634,110,623,93,128331
386,128406,28,244,42,261,35,252,128332
386,128407,128,324,143,348,135,336,128333
386,128408,35,226,58,244,46,235,128334
386,128409,526,162,553,173,539,167,128335
386,128410,608,322,639,340,623,331,128336
386,128411,140,132,158,153,149,142,128337
386,128412,201,275,222,295,211,285,128338
386,128413,414,0,438,7,426,3,128339
386,128414,346,290,380,315,363,302,128340
386,128415,67,20,81,40,74,30,128341
386,128416,635,60,639,89,637,74,128342
386,128417,31,274,44,297,37,285,128343
387,128418,443,0,533,73,488,36,128345
387,128419,539,247,571,274,555,260,128346
387,128420,596,234,621,263,608,248,128347
387,128421,468,183,490,229,479,206,128348
387,128422,597,127,623,165,610,146,128349
387,128423,266,0,345,50,305,25,128350
387,128424,381,121,403,156,392,138,128351
387,128425,528,70,558,96,543,83,128352
387,128426,417,114,441,145,429,129,128353
387,128427,60,164,79,185,69,174,128354
387,128428,543,207,578,230,560,218,128355
387,128429,97,172,115,205,106,188,128356
387,128430,361,24,381,58,371,41,128357
387,128431,431,47,454,76,442,61,128358
387,128432,208,317,231,346,219,331,128359
387,128433,399,273,420,295,409,284,128360
387,128434,300,52,322,84,311,68,128361
387,128435,246,52,267,78,256,65,128362
387,128436,610,0,638,21,624,10,128363
387,128437,278,290,302,312,290,301,128364
387,128438,271,75,291,105,281,90,128365
387,128439,502,29,522,57,512,43,128366
387,128440,573,69,609,97,591,83,128367
387,128441,261,178,281,210,271,194,128368
387,128442,422,15,451,31,436,23,128369
387,128443,380,12,406,48,393,30,128370
387,128444,611,47,638,75,624,61,128371
387,128445,293,227,314,256,303,241,128372
387,128446,119,89,136,114,127,101,128373
387,128447,401,32,423,54,412,43,128374
387,128448,233,84,256,107,244,95,128375
387,128449,578,318,601,331,589,324,128376
387,128450,35,121,54,142,44,131,128377
387,128451,72,129,88,156,80,142,128378
387,128452,57,98,80,123,68,110,128379
387,128453,229,50,249,74,239,62,128380
387,128454,201,13,220,34,210,23,128381
387,128455,211,24,237,45,224,34,128382
387,128456,37,158,55,177,46,167,128383
387,128457,40,88,56,114,48,101,128384
387,128458,486,254,512,277,499,265,128385
387,128459,45,287,60,310,52,298,
387,128460,280,15,305,37,292,26,128387
387,128461,323,2,339,21,331,11,128388
387,128462,127,0,188,23,157,11,128389
387,128463,52,17,67,52,59,34,128390
387,128464,132,0,151,13,141,6,128391
387,128465,164,0,177,5,170,2,128392
387,128466,328,245,349,266,338,255,128393
387,128467,217,0,228,7,222,3,128394
387,128468,182,83,208,103,195,93,128395
387,128469,196,56,213,83,204,69,128396
387,128470,334,267,364,285,349,276,128397
387,128471,313,128,334,152,323,140,128398
387,128472,306,98,334,120,320,109,128399
387,128473,546,0,569,12,557,6,128400
387,128474,597,339,619,358,608,348,128401
387,128475,377,279,396,295,386,287,128402
387,128476,528,173,553,192,540,182,128403
387,128477,347,56,368,81,357,68,128404
387,128478,614,76,635,110,624,93,128405
387,128479,28,244,42,261,35,252,128406
387,128480,128,324,143,348,135,336,128407
387,128481,35,226,58,244,46,235,128408
387,128482,526,162,552,173,539,167,128409
387,128483,608,322,639,340,623,331,128410
387,128484,143,130,160,150,151,140,128411
387,128485,201,275,222,295,211,285,128412
387,128486,413,0,437,7,425,3,128413
387,128487,346,290,380,315,363,302,128414
387,128488,67,20,81,40,74,30,128415
387,128489,635,60,639,90,637,75,128416
387,128490,31,274,45,297,38,285,128417
388,128491,443,0,533,73,488,36,128418
388,128492,539,247,571,274,555,260,128419
388,128493,596,234,621,263,608,248,128420
388,128494,468,183,490,229,479,206,128421
388,128495,597,127,623,165,610,146,128422
388,128496,266,0,345,50,305,25,128423
388,128497,381,121,403,156,392,138,128424
388,128498,528,70,558,96,543,83,128425
388,128499,417,114,441,145,429,129,128426
388,128500,60,165,79,185,69,175,128427
388,128501,543,207,578,230,560,218,128428
388,128502,97,172,115,205,106,188,128429
388,128503,361,23,381,58,371,40,128430
388,128504,433,49,457,76,445,62,128431
388,128505,208,317,231,346,219,331,128432
388,128506,399,273,421,295,410,284,128433
388,128507,300,52,322,84,311,68,128434
388,128508,247,52,267,78,257,65,128435
388,128509,610,0,638,21,624,10,128436
388,128510,278,290,302,312,290,301,128437
388,128511,271,75,291,105,281,90,128438
388,128512,502,28,522,58,512,43,128439
388,128513,573,69,609,97,591,83,128440
388,128514,261,178,281,210,271,194,128441
388,128515,423,15,452,30,437,22,128442
388,128516,380,12,407,46,393,29,128443
388,128517,611,47,638,75,624,61,128444
388,128518,293,227,314,256,303,241,128445
388,128519,119,89,136,114,127,101,128446
388,128520,401,33,423,54,412,43,128447
388,128521,233,84,256,107,244,95,128448
388,128522,578,318,601,331,589,324,128449
388,128523,35,121,54,142,44,131,128450
388,128524,72,129,88,156,80,142,128451
388,128525,57,98,80,123,68,110,128452
388,128526,229,50,249,74,239,62,128453
388,128527,201,13,220,34,210,23,128454
388,128528,211,24,237,45,224,34,128455
388,128529,37,158,55,177,46,167,128456
388,128530,40,88,56,114,48,101,128457
388,128531,486,254,512,277,499,265,128458
388,128532,46,291,62,315,54,303,128459
388,128533,280,15,305,37,292,26,128460
388,128534,323,2,339,21,331,11,128461
388,128535,127,0,188,23,157,11,128462
388,128536,52,17,67,52,59,34,128463
388,128537,132,0,151,13,141,6,128464
388,128538,165,0,177,5,171,2,128465
388,128539,328,245,349,266,338,255,128466
388,128540,217,0,228,7,222,3,128467
388,128541,182,82,208,103,195,92,128468
388,128542,196,56,213,83,204,69,128469
388,128543,334,267,364,285,349,276,128470
388,128544,313,128,334,152,323,140,128471
388,128545,306,98,334,120,320,109,128472
388,128546,546,0,569,12,557,6,128473
388,128547,597,339,619,358,608,348,128474
388,128548,377,279,396,295,386,287,128475
388,128549,528,173,553,192,540,182,128476
388,128550,347,56,367,81,357,68,128477
388,128551,614,76,635,110,624,93,128478
388,128552,28,244,42,261,35,252,128479
388,128553,128,325,143,348,135,336,128480
388,128554,35,226,58,244,46,235,128481
388,128555,526,162,552,173,539,167,128482
388,128556,608,323,639,341,623,332,128483
388,128557,145,127,162,148,153,137,128484
388,128558,201,275,222,295,211,285,128485
388,128559,412,0,439,6,425,3,128486
388,128560,346,291,380,315,363,303,128487
388,128561,67,20,81,40,74,30,128488
388,128562,31,274,46,297,38,285,128490
389,128563,443,0,533,73,488,36,128491
389,128564,539,247,571,274,555,260,128492
389,128565,596,234,621,263,608,248,128493
389,128566,468,183,490,229,479,206,128494
389,128567,597,127,623,165,610,146,128495
389,128568,266,0,345,50,305,25,128496
389,128569,381,121,403,156,392,138,128497
389,128570,528,70,558,96,543,83,128498
389,128571,417,114,441,145,429,129,128499
389,128572,60,165,79,185,69,175,128500
389,128573,543,207,578,230,560,218,128501
389,128574,97,172,115,204,106,188,128502
389,128575,361,23,381,59,371,41,128503
389,128576,434,50,460,75,447,62,128504
389,128577,208,317,231,346,219,331,128505
389,128578,399,273,421,295,410,284,128506
389,128579,300,52,322,84,311,68,128507
389,128580,247,52,267,78,257,65,128508
389,128581,610,0,638,21,624,10,128509
389,128582,278,290,302,312,290,301,128510
389,128583,271,75,291,105,281,90,128511
389,128584,502,28,523,58,512,43,128512
389,128585,573,69,609,97,591,83,128513
389,128586,261,178,281,210,271,194,128514
389,128587,424,15,452,30,438,22,128515
389,128588,381,12,408,46,394,29,128516
389,128589,611,47,638,75,624,61,128517
389,128590,293,227,314,256,303,241,128518
389,128591,119,89,136,114,127,101,128519
389,128592,401,33,423,54,412,43,128520
389,128593,233,84,256,107,244,95,128521
389,128594,578,318,601,332,589,325,128522
389,128595,35,121,54,142,44,131,128523
389,128596,72,129,88,156,80,142,128524
389,128597,57,98,80,123,68,110,128525
389,128598,229,50,249,74,239,62,128526
389,128599,201,13,220,34,210,23,128527
389,128600,211,24,237,45,224,34,128528
389,128601,37,158,55,177,46,167,128529
389,128602,40,88,56,114,48,101,128530
389,128603,486,254,512,277,499,265,128531
389,128604,47,294,64,319,55,306,128532
389,128605,280,15,305,37,292,26,128533
389,128606,323,2,339,21,331,11,128534
389,128607,127,0,188,23,157,11,128535
389,128608,52,17,67,52,59,34,128536
389,128609,132,0,151,13,141,6,128537
389,128610,164,0,177,5,170,2,128538
389,128611,328,245,349,266,338,255,128539
389,128612,217,0,228,7,222,3,128540
389,128613,182,82,208,103,195,92,128541
389,128614,196,56,213,83,204,69,128542
389,128615,334,267,364,285,349,276,128543
389,128616,313,128,334,152,323,140,128544
389,128617,306,98,334,120,320,109,128545
389,128618,546,0,569,12,557,6,128546
389,128619,597,339,619,358,608,348,128547
389,128620,377,279,396,295,386,287,128548
389,128621,529,174,553,192,541,183,128549
389,128622,346,57,367,82,356,69,128550
389,128623,614,76,635,110,624,93,128551
389,128624,28,244,42,261,35,252,128552
389,128625,128,325,143,348,135,336,128553
389,128626,35,226,58,244,46,235,128554
389,128627,527,162,553,174,540,168,128555
389,128628,608,324,637,345,622,334,128556
389,128629,147,125,164,147,155,136,128557
389,128630,201,275,222,295,211,285,128558
389,128631,411,0,440,6,425,3,128559
389,128632,346,291,380,315,363,303,128560
389,128633,67,20,81,40,74,30,128561
389,128634,31,274,47,297,39,285,128562
389,128635,406,295,432,318,419,306,
389,128636,65,199,81,213,73,206,
390,128637,443,0,533,73,488,36,128563
390,128638,539,247,571,274,555,260,128564
390,128639,596,234,621,263,608,248,128565
390,128640,468,183,490,229,479,206,128566
390,128641,597,127,623,165,610,146,128567
390,128642,266,0,345,50,305,25,128568
390,128643,381,121,403,156,392,138,128569
390,128644,528,70,558,96,543,83,128570
390,128645,417,114,441,145,429,129,128571
390,128646,60,165,79,185,69,175,128572
390,128647,543,207,578,230,560,218,128573
390,128648,97,172,115,203,106,187,128574
390,128649,361,23,381,60,371,41,128575
390,128650,434,50,460,75,447,62,128576
390,128651,208,317,231,346,219,331,128577
390,128652,399,273,421,295,410,284,128578
390,128653,300,52,322,84,311,68,128579
390,128654,247,52,267,77,257,64,128580
390,128655,610,0,638,21,624,10,128581
390,128656,278,290,302,312,290,301,128582
390,128657,271,75,291,105,281,90,128583
390,128658,502,28,523,58,512,43,128584
390,128659,573,69,609,97,591,83,128585
390,128660,261,178,281,210,271,194,128586
390,128661,424,14,452,30,438,22,128587
390,128662,381,12,408,45,394,28,128588
390,128663,611,47,638,75,624,61,128589
390,128664,293,227,314,256,303,241,128590
390,128665,119,89,136,114,127,101,128591
390,128666,401,33,423,54,412,43,128592
390,128667,233,84,256,107,244,95,128593
390,128668,578,318,601,332,589,325,128594
390,128669,35,121,54,142,44,131,128595
390,128670,72,129,88,156,80,142,128596
390,128671,57,98,80,123,68,110,128597
390,128672,229,50,249,74,239,62,128598
390,128673,201,13,220,34,210,23,128599
390,128674,211,24,237,45,224,34,128600
390,128675,37,158,55,177,46,167,128601
390,128676,40,88,56,114,48,101,128602
390,128677,486,254,512,277,499,265,128603
390,128678,47,295,64,320,55,307,128604
390,128679,280,15,305,37,292,26,128605
390,128680,323,2,339,21,331,11,128606
390,128681,127,0,188,23,157,11,128607
390,128682,52,17,67,52,59,34,128608
390,128683,132,0,151,13,141,6,128609
390,128684,164,0,177,5,170,2,128610
390,128685,328,245,349,266,338,255,128611
390,128686,217,0,228,7,222,3,128612
390,128687,182,82,208,103,195,92,128613
390,128688,196,56,213,83,204,69,128614
390,128689,334,267,364,285,349,276,128615
390,128690,313,128,334,152,323,140,128616
390,128691,306,98,334,120,320,109,128617
390,128692,546,0,569,12,557,6,128618
390,128693,597,339,619,358,608,348,128619
390,128694,377,279,396,295,386,287,128620
390,128695,529,175,553,192,541,183,128621
390,128696,346,57,367,82,356,69,128622
390,128697,614,76,635,110,624,93,128623
390,128698,28,244,42,261,35,252,128624
390,128699,128,325,143,348,135,336,128625
390,128700,35,226,58,244,46,235,128626
390,128701,527,162,553,174,540,168,128627
390,128702,608,325,637,346,622,335,128628
390,128703,148,123,165,147,156,135,128629
390,128704,201,275,222,295,211,285,128630
390,128705,410,0,441,6,425,3,128631
390,128706,346,290,380,315,363,302,128632
390,128707,67,20,81,40,74,30,128633
390,128708,31,274,47,297,39,285,128634
390,128709,632,348,639,360,635,354,
390,128710,406,295,432,318,419,306,128635
390,128711,66,199,82,213,74,206,128636
391,128712,443,0,533,73,488,36,128637
391,128713,539,247,571,273,555,260,128638
391,128714,596,234,621,263,608,248,128639
391,128715,468,183,490,229,479,206,128640
391,128716,597,127,623,165,610,146,128641
391,128717,266,0,345,50,305,25,128642
391,128718,381,121,403,157,392,139,128643
391,128719,528,70,558,96,543,83,128644
391,128720,417,114,441,145,429,129,128645
391,128721,60,164,79,185,69,174,128646
391,128722,543,207,578,231,560,219,128647
391,128723,97,172,115,203,106,187,128648
391,128724,361,23,382,62,371,42,128649
391,128725,435,51,461,75,448,63,128650
391,128726,208,317,231,346,219,331,128651
391,128727,399,273,421,295,410,284,128652
391,128728,300,52,322,84,311,68,128653
391,128729,247,52,267,77,257,64,128654
391,128730,610,0,638,21,624,10,128655
391,128731,278,290,302,312,290,301,128656
391,128732,271,75,291,105,281,90,128657
391,128733,502,28,523,58,512,43,128658
391,128734,573,69,609,98,591,83,128659
391,128735,261,178,281,210,271,194,128660
391,128736,424,14,453,30,438,22,128661
391,128737,381,12,409,45,395,28,128662
391,128738,611,47,637,75,624,61,128663
391,128739,293,227,314,256,303,241,128664
391,128740,119,89,136,114,127,101,128665
391,128741,401,34,423,55,412,44,128666
391,128742,233,84,256,107,244,95,128667
391,128743,577,318,601,331,589,324,128668
391,128744,35,121,54,142,44,131,128669
391,128745,72,129,88,156,80,142,128670
391,128746,57,98,80,123,68,110,128671
391,128747,229,50,249,74,239,62,128672
391,128748,201,13,220,34,210,23,128673
391,128749,211,24,237,45,224,34,128674
391,128750,37,158,55,177,46,167,128675
391,128751,40,88,56,115,48,101,128676
391,128752,486,254,512,277,499,265,128677
391,128753,48,297,66,321,57,309,128678
391,128754,280,15,305,37,292,26,128679
391,128755,323,2,339,21,331,11,128680
391,128756,127,0,187,23,157,11,128681
391,128757,52,17,67,52,59,34,128682
391,128758,132,0,151,13,141,6,128683
391,128759,164,0,177,5,170,2,128684
391,128760,328,245,349,266,338,255,128685
391,128761,217,0,228,7,222,3,128686
391,128762,182,82,208,103,195,92,128687
391,128763,196,56,212,82,204,69,128688
391,128764,334,267,364,285,349,276,128689
391,128765,313,128,334,152,323,140,128690
391,128766,306,98,334,120,320,109,128691
391,128767,545,0,569,12,557,6,128692
391,128768,597,339,619,358,608,348,128693
391,128769,377,279,396,295,386,287,128694
391,128770,528,166,553,192,540,179,128695
391,128771,346,57,366,82,356,69,128696
391,128772,615,76,635,109,625,92,128697
391,128773,28,244,42,261,35,252,128698
391,128774,127,326,143,349,135,337,128699
391,128775,36,226,58,244,47,235,128700
391,128776,607,326,634,346,620,336,128702
391,128777,149,122,166,145,157,133,128703
391,128778,201,275,222,295,211,285,128704
391,128779,410,0,439,6,424,3,128705
391,128780,346,290,380,315,363,302,128706
391,128781,67,20,81,39,74,29,128707
391,128782,31,274,47,297,39,285,128708
391,128783,629,346,639,359,634,352,128709
391,128784,68,199,83,213,75,206,128711
391,128785,635,60,639,89,637,74,
392,128786,443,0,533,73,488,36,128712
392,128787,539,247,571,273,555,260,128713
392,128788,596,234,621,263,608,248,128714
392,128789,468,183,490,229,479,206,128715
392,128790,597,127,623,165,610,146,128716
392,128791,266,0,345,50,305,25,128717
392,128792,381,121,403,157,392,139,128718
392,128793,528,70,558,96,543,83,128719
392,128794,417,114,441,145,429,129,128720
392,128795,60,164,79,185,69,174,128721
392,128796,543,207,578,231,560,219,128722
392,128797,97,172,115,203,106,187,128723
392,128798,361,23,382,63,371,43,128724
392,128799,436,50,461,75,448,62,128725
392,128800,208,317,231,346,219,331,128726
392,128801,399,273,421,296,410,284,128727
392,128802,300,52,322,84,311,68,128728
392,128803,247,52,267,77,257,64,128729
392,128804,610,0,638,21,624,10,128730
392,128805,278,290,302,312,290,301,128731
392,128806,271,75,291,105,281,90,128732
392,128807,502,28,522,58,512,43,128733
392,128808,573,69,609,98,591,83,128734
392,128809,261,178,281,210,271,194,128735
392,128810,424,14,453,30,438,22,128736
392,128811,381,12,410,44,395,28,128737
392,128812,611,47,637,75,624,61,128738
392,128813,293,227,314,256,303,241,128739
392,128814,119,89,136,114,127,101,128740
392,128815,401,34,423,55,412,44,128741
392,128816,233,84,256,107,244,95,128742
392,128817,577,318,600,331,588,324,128743
392,128818,35,121,54,142,44,131,128744
392,128819,72,129,88,156,80,142,128745
392,128820,57,98,80,123,68,110,128746
392,128821,229,50,249,74,239,62,128747
392,128822,201,13,220,33,210,23,128748
392,128823,211,24,237,45,224,34,128749
392,128824,37,158,55,177,46,167,128750
392,128825,40,88,56,115,48,101,128751
392,128826,486,254,512,277,499,265,128752
392,128827,50,300,67,324,58,312,128753
392,128828,280,15,305,37,292,26,128754
392,128829,323,2,339,21,331,11,128755
392,128830,127,0,187,23,157,11,128756
392,128831,53,17,67,52,60,34,128757
392,128832,132,0,151,13,141,6,128758
392,128833,164,0,178,5,171,2,128759
392,128834,328,245,349,266,338,255,128760
392,128835,217,0,228,7,222,3,128761
392,128836,182,82,208,103,195,92,128762
392,128837,196,56,212,82,204,69,128763
392,128838,334,267,364,285,349,276,128764
392,128839,313,128,334,152,323,140,128765
392,128840,306,98,334,120,320,109,128766
392,128841,545,0,568,12,556,6,128767
392,128842,596,341,619,359,607,350,128768
392,128843,377,279,396,295,386,287,128769
392,128844,529,163,553,192,541,177,128770
392,128845,345,58,366,82,355,70,128771
392,128846,614,76,635,109,624,92,128772
392,128847,28,244,42,261,35,252,128773
392,128848,127,326,143,350,135,338,128774
392,128849,36,226,58,244,47,235,128775
392,128850,150,122,167,144,158,133,128777
392,128851,201,275,222,295,211,285,128778
392,128852,411,0,439,5,425,2,128779
392,128853,346,289,380,315,363,302,128780
392,128854,67,20,81,39,74,29,128781
392,128855,31,274,47,297,39,285,128782
392,128856,625,345,639,360,632,352,128783
392,128857,70,199,85,214,77,206,128784
392,128858,635,60,639,90,637,75,128785
393,128859,443,0,533,73,488,36,128786
393,128860,539,247,571,273,555,260,128787
393,128861,596,234,621,263,608,248,128788
393,128862,468,183,490,228,479,205,128789
393,128863,597,127,623,165,610,146,128790
393,128864,266,0,345,50,305,25,128791
393,128865,381,121,403,157,392,139,128792
393,128866,528,70,558,96,543,83,128793
393,128867,417,114,441,145,429,129,128794
393,128868,60,164,79,185,69,174,128795
393,128869,543,207,578,230,560,218,128796
393,128870,97,172,115,203,106,187,128797
393,128871,362,23,382,66,372,44,128798
393,128872,437,50,461,75,449,62,128799
393,128873,208,317,231,346,219,331,128800
393,128874,398,273,420,296,409,284,128801
393,128875,300,52,322,84,311,68,128802
393,128876,247,52,267,77,257,64,128803
393,128877,610,0,638,21,624,10,128804
393,128878,278,290,302,312,290,301,128805
393,128879,271,75,291,105,281,90,128806
393,128880,502,28,522,58,512,43,128807
393,128881,573,69,609,98,591,83,128808
393,128882,261,178,281,210,271,194,128809
393,128883,424,15,453,30,438,22,128810
393,128884,380,12,410,44,395,28,128811
393,128885,611,47,637,75,624,61,128812
393,128886,293,227,314,256,303,241,128813
393,128887,119,89,137,114,128,101,128814
393,128888,401,34,423,55,412,44,128815
393,128889,233,84,256,107,244,95,128816
393,128890,577,318,600,342,588,330,
393,128891,35,121,54,142,44,131,128818
393,128892,72,129,88,156,80,142,128819
393,128893,57,98,80,123,68,110,128820
393,128894,229,50,249,74,239,62,128821
393,128895,201,13,220,33,210,23,128822
393,128896,211,24,237,45,224,34,128823
393,128897,37,158,55,177,46,167,128824
393,128898,40,88,56,115,48,101,128825
393,128899,486,254,512,277,499,265,128826
393,128900,52,303,68,328,60,315,128827
393,128901,280,16,305,37,292,26,128828
393,128902,323,2,339,21,331,11,128829
393,128903,127,0,187,23,157,11,128830
393,128904,53,17,67,52,60,34,128831
393,128905,132,0,152,13,142,6,128832
393,128906,164,0,178,5,171,2,128833
393,128907,328,245,349,266,338,255,128834
393,128908,217,0,228,7,222,3,128835
393,128909,182,82,208,103,195,92,128836
393,128910,196,56,212,82,204,69,128837
393,128911,334,267,364,284,349,275,128838
393,128912,313,128,334,152,323,140,128839
393,128913,306,98,334,120,320,109,128840
393,128914,545,0,568,12,556,6,128841
393,128915,596,333,619,359,607,346,128842
393,128916,377,279,396,295,386,287,128843
393,128917,529,161,553,192,541,176,128844
393,128918,345,58,366,83,355,70,128845
393,128919,614,76,635,109,624,92,128846
393,128920,28,243,42,261,35,252,128847
393,128921,127,326,143,351,135,338,128848
393,128922,36,226,58,244,47,235,128849
393,128923,151,122,169,142,160,132,128850
393,128924,201,275,222,295,211,285,128851
393,128925,412,0,439,5,425,2,128852
393,128926,346,290,380,315,363,302,128853
393,128927,67,20,81,39,74,29,128854
393,128928,31,274,47,297,39,285,128855
393,128929,622,344,639,359,630,351,128856
393,128930,71,200,86,214,78,207,128857
393,128931,635,60,639,91,637,75,128858
393,128932,410,295,432,318,421,306,
394,128933,443,0,533,73,488,36,128859
394,128934,539,247,571,273,555,260,128860
394,128935,596,234,621,263,608,248,128861
394,128936,468,183,490,228,479,205,128862
394,128937,597,127,623,165,610,146,128863
394,128938,266,0,345,50,305,25,128864
394,128939,381,121,403,157,392,139,128865
394,128940,528,70,558,96,543,83,128866
394,128941,417,114,441,145,429,129,128867
394,128942,60,164,79,185,69,174,128868
394,128943,543,207,578,230,560,218,128869
394,128944,97,172,115,202,106,187,128870
394,128945,363,22,382,67,372,44,128871
394,128946,438,50,462,74,450,62,128872
394,128947,208,317,231,346,219,331,128873
394,128948,398,273,420,296,409,284,128874
394,128949,300,52,322,84,311,68,128875
394,128950,247,52,267,77,257,64,128876
394,128951,610,0,638,21,624,10,128877
394,128952,278,290,302,312,290,301,128878
394,128953,271,75,291,105,281,90,128879
394,128954,502,28,522,58,512,43,128880
394,128955,573,69,609,98,591,83,128881
394,128956,261,178,281,210,271,194,128882
394,128957,424,15,453,30,438,22,128883
394,128958,381,12,409,43,395,27,128884
394,128959,611,47,637,75,624,61,128885
394,128960,293,227,314,256,303,241,128886
394,128961,119,89,137,114,128,101,128887
394,128962,401,34,424,55,412,44,128888
394,128963,233,84,256,107,244,95,128889
394,128964,579,319,599,346,589,332,128890
394,128965,35,121,54,142,44,131,128891
394,128966,72,129,88,156,80,142,128892
394,128967,57,98,80,123,68,110,128893
394,128968,229,50,249,74,239,62,128894
394,128969,201,13,220,33,210,23,128895
394,128970,211,24,237,45,224,34,128896
394,128971,37,158,55,177,46,167,128897
394,128972,40,88,56,115,48,101,128898
394,128973,486,254,512,277,499,265,128899
394,128974,54,306,69,332,61,319,128900
394,128975,280,16,305,37,292,26,128901
394,128976,323,2,339,21,331,11,128902
394,128977,127,0,187,23,157,11,128903
394,128978,53,17,67,52,60,34,128904
394,128979,132,0,152,13,142,6,128905
394,128980,164,0,178,5,171,2,128906
394,128981,328,245,349,266,338,255,128907
394,128982,217,0,228,7,222,3,128908
394,128983,182,82,208,103,195,92,128909
394,128984,196,56,212,82,204,69,128910
394,128985,334,267,364,284,349,275,128911
394,128986,313,128,334,152,323,140,128912
394,128987,306,98,334,120,320,109,128913
394,128988,545,0,568,12,556,6,128914
394,128989,597,330,619,359,608,344,128915
394,128990,377,279,396,295,386,287,128916
394,128991,529,160,553,192,541,176,128917
394,128992,345,59,366,83,355,71,128918
394,128993,614,76,635,109,624,92,128919
394,128994,28,243,42,261,35,252,128920
394,128995,127,326,143,352,135,339,128921
394,128996,36,226,58,244,47,235,128922
394,128997,153,120,170,140,161,130,128923
394,128998,201,275,222,295,211,285,128924
394,128999,414,0,439,5,426,2,128925
394,129000,346,290,380,315,363,302,128926
394,129001,67,20,81,39,74,29,128927
394,129002,31,274,47,297,39,285,128928
394,129003,621,343,639,359,630,351,128929
394,129004,635,60,639,91,637,75,128931
394,129005,410,295,432,318,421,306,128932
395,129006,443,0,533,73,488,36,128933
395,129007,539,247,571,273,555,260,128934
395,129008,596,234,621,263,608,248,128935
395,129009,468,183,490,228,479,205,128936
395,129010,597,127,623,165,610,146,128937
395,129011,266,0,345,50,305,25,128938
395,129012,381,121,403,157,392,139,128939
395,129013,528,70,558,96,543,83,128940
395,129014,417,114,441,145,429,129,128941
395,129015,60,164,79,185,69,174,128942
395,129016,543,207,578,230,560,218,128943
395,129017,98,172,115,202,106,187,128944
395,129018,363,22,383,66,373,44,128945
395,129019,438,49,463,73,450,61,128946
395,129020,208,317,231,346,219,331,128947
395,129021,397,273,420,296,408,284,128948
395,129022,300,52,322,84,311,68,128949
395,129023,247,52,267,77,257,64,128950
395,129024,610,0,638,21,624,10,128951
395,129025,278,290,302,312,290,301,128952
395,129026,271,75,291,105,281,90,128953
395,129027,502,28,522,58,512,43,128954
395,129028,573,69,609,97,591,83,128955
395,129029,261,178,281,210,271,194,128956
395,129030,424,15,454,30,439,22,128957
395,129031,381,11,409,42,395,26,128958
395,129032,611,47,637,75,624,61,128959
395,129033,293,227,314,256,303,241,128960
395,129034,118,89,137,115,127,102,128961
395,129035,401,33,424,54,412,43,128962
395,129036,233,84,256,107,244,95,128963
395,129037,35,121,54,142,44,131,128965
395,129038,72,129,88,156,80,142,128966
395,129039,57,98,80,123,68,110,128967
395,129040,229,50,249,74,239,62,128968
395,129041,201,13,220,33,210,23,128969
395,129042,211,24,237,45,224,34,128970
395,129043,37,158,55,177,46,167,128971
395,129044,40,87,56,115,48,101,128972
395,129045,486,254,512,277,499,265,128973
395,129046,54,309,70,335,62,322,128974
395,129047,280,16,305,36,292,26,128975
395,129048,323,2,339,21,331,11,128976
395,129049,127,0,187,23,157,11,128977
395,129050,53,17,67,52,60,34,128978
395,129051,132,0,152,13,142,6,128979
395,129052,164,0,178,5,171,2,128980
395,129053,328,245,349,266,338,255,128981
395,129054,217,0,228,7,222,3,128982
395,129055,182,82,208,103,195,92,128983
395,129056,196,56,212,82,204,69,128984
395,129057,334,267,364,284,349,275,128985
395,129058,313,128,335,152,324,140,128986
395,129059,306,98,334,121,320,109,128987
395,129060,544,0,568,12,556,6,128988
395,129061,596,329,618,359,607,344,128989
395,129062,377,279,396,296,386,287,128990
395,129063,529,160,554,192,541,176,128991
395,129064,345,59,366,83,355,71,128992
395,129065,614,76,635,108,624,92,128993
395,129066,28,244,42,261,35,252,128994
395,129067,127,326,143,352,135,339,128995
395,129068,37,226,58,244,47,235,128996
395,129069,155,117,174,139,164,128,128997
395,129070,201,275,222,295,211,285,128998
395,129071,415,0,439,4,427,2,128999
395,129072,346,289,380,315,363,302,129000
395,129073,67,20,81,39,74,29,129001
395,129074,31,273,47,297,39,285,129002
395,129075,620,343,639,359,629,351,129003
395,129076,410,294,432,318,421,306,129005
396,129077,443,0,533,73,488,36,129006
396,129078,539,247,571,273,555,260,129007
396,129079,596,234,621,263,608,248,129008
396,129080,468,183,490,228,479,205,129009
396,129081,597,127,623,165,610,146,129010
396,129082,266,0,345,50,305,25,129011
396,129083,381,121,403,157,392,139,129012
396,129084,528,70,558,96,543,83,129013
396,129085,417,114,441,145,429,129,129014
396,129086,60,164,79,185,69,174,129015
396,129087,543,207,578,230,560,218,129016
396,129088,98,171,115,202,106,186,129017
396,129089,364,21,383,66,373,43,129018
396,129090,437,49,464,72,450,60,129019
396,129091,208,317,231,346,219,331,129020
396,129092,397,273,420,296,408,284,129021
396,129093,300,52,322,84,311,68,129022
396,129094,247,52,267,77,257,64,129023
396,129095,610,0,638,21,624,10,129024
396,129096,278,290,302,312,290,301,129025
396,129097,271,75,291,105,281,90,129026
396,129098,502,28,522,58,512,43,129027
396,129099,573,69,609,97,591,83,129028
396,129100,261,178,281,210,271,194,129029
396,129101,424,15,454,30,439,22,129030
396,129102,381,11,409,41,395,26,129031
396,129103,611,47,637,75,624,61,129032
396,129104,293,227,314,256,303,241,129033
396,129105,118,89,137,115,127,102,129034
396,129106,401,33,424,54,412,43,129035
396,129107,233,84,256,107,244,95,129036
396,129108,35,121,54,142,44,131,129037
396,129109,72,129,88,156,80,142,129038
396,129110,57,98,80,123,68,110,129039
396,129111,229,50,249,74,239,62,129040
396,129112,201,13,220,33,210,23,129041
396,129113,211,24,237,45,224,34,129042
396,129114,37,158,55,177,46,167,129043
396,129115,40,87,56,115,48,101,129044
396,129116,486,254,512,277,499,265,129045
396,129117,55,310,70,336,62,323,129046
396,129118,280,16,305,36,292,26,129047
396,129119,323,2,339,21,331,11,129048
396,129120,127,0,187,23,157,11,129049
396,129121,53,17,67,52,60,34,129050
396,129122,132,0,151,13,141,6,129051
396,129123,164,0,178,5,171,2,129052
396,129124,328,245,349,266,338,255,129053
396,129125,217,0,228,7,222,3,129054
396,129126,182,82,208,103,195,92,129055
396,129127,196,56,212,82,204,69,129056
396,129128,334,267,364,284,349,275,129057
396,129129,313,128,335,152,324,140,129058
396,129130,306,98,334,121,320,109,129059
396,129131,544,0,568,12,556,6,129060
396,129132,596,329,618,359,607,344,129061
396,129133,377,279,396,296,386,287,129062
396,129134,529,160,554,192,541,176,129063
396,129135,345,59,366,83,355,71,129064
396,129136,614,76,635,108,624,92,129065
396,129137,28,244,42,261,35,252,129066
396,129138,127,326,143,352,135,339,129067
396,129139,37,226,58,245,47,235,129068
396,129140,156,116,175,138,165,127,129069
396,129141,201,275,222,295,211,285,129070
396,129142,415,0,439,4,427,2,129071
396,129143,346,289,380,315,363,302,129072
396,129144,67,20,81,39,74,29,129073
396,129145,31,273,47,297,39,285,129074
396,129146,619,343,639,359,629,351,129075
396,129147,410,294,432,318,421,306,129076
397,129148,443,0,533,73,488,36,129077
397,129149,539,247,571,273,555,260,129078
397,129150,596,234,621,263,608,248,129079
397,129151,468,183,490,228,479,205,129080
397,129152,597,127,623,165,610,146,129081
397,129153,266,0,345,50,305,25,129082
397,129154,381,121,403,157,392,139,129083
397,129155,528,70,558,96,543,83,129084
397,129156,417,114,441,145,429,129,129085
397,129157,60,164,79,185,69,174,129086
397,129158,543,207,578,230,560,218,129087
397,129159,98,171,115,202,106,186,129088
397,129160,364,21,383,67,373,44,129089
397,129161,437,48,465,71,451,59,129090
397,129162,208,317,231,346,219,331,129091
397,129163,397,273,420,296,408,284,129092
397,129164,300,52,322,84,311,68,129093
397,129165,247,52,267,77,257,64,129094
397,129166,610,0,638,21,624,10,129095
397,129167,278,290,302,312,290,301,129096
397,129168,271,75,291,105,281,90,129097
397,129169,502,27,523,58,512,42,129098
397,129170,573,69,609,97,591,83,129099
397,129171,261,178,281,210,271,194,129100
397,129172,424,15,454,30,439,22,129101
397,129173,381,10,409,41,395,25,129102
397,129174,611,47,637,75,624,61,129103
397,129175,293,227,314,256,303,241,129104
397,129176,118,89,137,115,127,102,129105
397,129177,402,32,424,54,413,43,129106
397,129178,233,84,256,107,244,95,129107
397,129179,35,121,54,142,44,131,129108
397,129180,72,129,88,156,80,142,129109
397,129181,57,98,80,123,68,110,129110
397,129182,229,50,249,74,239,62,129111
397,129183,201,13,220,33,210,23,129112
397,129184,211,24,237,45,224,34,129113
397,129185,37,158,55,177,46,167,129114
397,129186,40,87,56,114,48,100,129115
397,129187,486,254,512,277,499,265,129116
397,129188,55,312,71,338,63,325,129117
397,129189,280,16,305,36,292,26,129118
397,129190,323,2,339,21,331,11,129119
397,129191,127,0,186,23,156,11,129120
397,129192,53,17,67,52,60,34,129121
397,129193,132,0,151,13,141,6,129122
397,129194,164,0,178,5,171,2,129123
397,129195,328,245,349,266,338,255,129124
397,129196,217,0,228,7,222,3,129125
397,129197,182,82,208,103,195,92,129126
397,129198,196,56,212,82,204,69,129127
397,129199,334,267,364,284,349,275,129128
397,129200,313,128,335,152,324,140,129129
397,129201,306,98,334,121,320,109,129130
397,129202,544,0,568,12,556,6,129131
397,129203,377,279,395,296,386,287,129133
397,129204,529,160,554,192,541,176,129134
397,129205,345,59,366,83,355,71,129135
397,129206,614,76,635,108,624,92,129136
397,129207,28,244,42,261,35,252,129137
397,129208,127,326,143,352,135,339,129138
397,129209,37,226,58,245,47,235,129139
397,129210,157,114,175,137,166,125,129140
397,129211,201,275,222,295,211,285,129141
397,129212,415,0,439,4,427,2,129142
397,129213,346,289,381,316,363,302,129143
397,129214,67,20,81,39,74,29,129144
397,129215,31,273,47,297,39,285,129145
397,129216,619,343,639,359,629,351,129146
397,129217,410,294,432,318,421,306,129147
397,129218,578,318,600,335,589,326,
398,129219,444,0,533,73,488,36,129148
398,129220,539,247,571,273,555,260,129149
398,129221,596,234,621,263,608,248,129150
398,129222,468,183,490,228,479,205,129151
398,129223,597,127,623,165,610,146,129152
398,129224,266,0,345,50,305,25,129153
398,129225,381,121,403,157,392,139,129154
398,129226,528,70,558,96,543,83,129155
398,129227,417,114,441,145,429,129,129156
398,129228,60,164,79,185,69,174,129157
398,129229,543,207,578,230,560,218,129158
398,129230,98,171,115,202,106,186,129159
398,129231,363,20,383,67,373,43,129160
398,129232,436,47,465,71,450,59,129161
398,129233,208,317,231,346,219,331,129162
398,129234,396,273,420,296,408,284,129163
398,129235,300,52,322,84,311,68,129164
398,129236,247,52,267,77,257,64,129165
398,129237,610,0,638,21,624,10,129166
398,129238,278,290,302,312,290,301,129167
398,129239,271,75,291,105,281,90,129168
398,129240,502,27,523,58,512,42,129169
398,129241,573,69,609,98,591,83,129170
398,129242,261,178,281,210,271,194,129171
398,129243,424,15,454,30,439,22,129172
398,129244,382,10,409,40,395,25,129173
398,129245,611,47,637,75,624,61,129174
398,129246,293,227,314,257,303,242,129175
398,129247,118,89,137,115,127,102,129176
398,129248,402,32,424,53,413,42,129177
398,129249,233,84,256,107,244,95,129178
398,129250,35,121,54,142,44,131,129179
398,129251,72,129,88,156,80,142,129180
398,129252,57,98,80,123,68,110,129181
398,129253,229,50,249,74,239,62,129182
398,129254,201,13,220,34,210,23,129183
398,129255,211,24,237,45,224,34,129184
398,129256,37,158,55,177,46,167,129185
398,129257,40,87,56,114,48,100,129186
398,129258,486,254,512,277,499,265,129187
398,129259,56,315,71,340,63,327,129188
398,129260,280,16,305,36,292,26,129189
398,129261,323,2,339,21,331,11,129190
398,129262,127,0,187,23,157,11,129191
398,129263,53,17,67,52,60,34,129192
398,129264,132,0,151,13,141,6,129193
398,129265,164,0,178,5,171,2,129194
398,129266,328,245,349,266,338,255,129195
398,129267,217,0,228,7,222,3,129196
398,129268,182,82,208,103,195,92,129197
398,129269,196,56,212,82,204,69,129198
398,129270,334,267,365,284,349,275,129199
398,129271,313,128,335,152,324,140,129200
398,129272,306,98,334,121,320,109,129201
398,129273,544,0,568,12,556,6,129202
398,129274,377,279,395,296,386,287,129203
398,129275,529,160,553,192,541,176,129204
398,129276,345,59,366,82,355,70,129205
398,129277,614,76,635,108,624,92,129206
398,129278,28,244,42,262,35,253,129207
398,129279,127,326,143,352,135,339,129208
398,129280,37,226,58,245,47,235,129209
398,129281,158,112,176,136,167,124,129210
398,129282,201,275,222,295,211,285,129211
398,129283,415,0,439,3,427,1,129212
398,129284,346,289,381,316,363,302,129213
398,129285,67,20,81,39,74,29,129214
398,129286,31,273,47,297,39,285,129215
398,129287,619,343,639,359,629,351,129216
398,129288,410,294,432,318,421,306,129217
398,129289,578,318,600,332,589,325,129218
398,129290,596,337,618,359,607,348,
399,129291,443,0,533,73,488,36,129219
399,129292,539,247,571,273,555,260,129220
399,129293,596,234,621,263,608,248,129221
399,129294,468,183,490,228,479,205,129222
399,129295,597,127,623,165,610,146,129223
399,129296,266,0,345,50,305,25,129224
399,129297,381,121,403,157,392,139,129225
399,129298,528,70,558,96,543,83,129226
399,129299,417,114,441,145,429,129,129227
399,129300,60,164,79,185,69,174,129228
399,129301,543,207,578,231,560,219,129229
399,129302,98,171,115,202,106,186,129230
399,129303,363,20,383,64,373,42,129231
399,129304,437,46,466,70,451,58,129232
399,129305,208,317,231,346,219,331,129233
399,129306,396,273,420,296,408,284,129234
399,129307,300,52,322,84,311,68,129235
399,129308,247,52,267,77,257,64,129236
399,129309,610,0,638,21,624,10,129237
399,129310,278,290,302,312,290,301,129238
399,129311,271,75,291,105,281,90,129239
399,129312,502,28,523,58,512,43,129240
399,129313,573,69,609,98,591,83,129241
399,129314,261,178,281,210,271,194,129242
399,129315,425,15,454,30,439,22,129243
399,129316,382,11,409,40,395,25,129244
399,129317,611,47,637,75,624,61,129245
399,129318,293,228,314,257,303,242,129246
399,129319,118,89,137,115,127,102,129247
399,129320,402,31,425,53,413,42,129248
399,129321,233,84,256,107,244,95,129249
399,129322,35,121,54,142,44,131,129250
399,129323,72,129,88,156,80,142,129251
399,129324,57,98,80,123,68,110,129252
399,129325,229,50,249,74,239,62,129253
399,129326,201,13,220,34,210,23,129254
399,129327,211,24,237,45,224,34,129255
399,129328,37,158,55,177,46,167,129256
399,129329,40,87,56,114,48,100,129257
399,129330,486,254,512,277,499,265,129258
399,129331,57,318,71,344,64,331,129259
399,129332,280,16,305,36,292,26,129260
399,129333,323,3,340,21,331,12,129261
399,129334,127,0,187,23,157,11,129262
399,129335,53,18,67,52,60,35,129263
399,129336,132,0,151,13,141,6,129264
399,129337,164,0,178,5,171,2,129265
399,129338,328,245,349,266,338,255,129266
399,129339,217,0,228,7,222,3,129267
399,129340,182,82,208,103,195,92,129268
399,129341,196,56,212,82,204,69,129269
399,129342,334,267,364,284,349,275,129270
399,129343,313,128,335,152,324,140,129271
399,129344,306,98,334,121,320,109,129272
399,129345,545,0,568,12,556,6,129273
399,129346,377,279,395,296,386,287,129274
399,129347,529,161,553,192,541,176,129275
399,129348,345,59,366,82,355,70,129276
399,129349,614,76,635,108,624,92,129277
399,129350,28,244,42,262,35,253,129278
399,129351,127,326,143,352,135,339,129279
399,129352,37,226,58,245,47,235,129280
399,129353,159,112,176,134,167,123,129281
399,129354,201,275,222,295,211,285,129282
399,129355,415,0,439,3,427,1,129283
399,129356,346,289,381,316,363,302,129284
399,129357,67,20,81,39,74,29,129285
399,129358,31,273,47,297,39,285,129286
399,129359,618,343,639,359,628,351,129287
399,129360,410,294,432,318,421,306,129288
399,129361,577,318,600,332,588,325,129289
399,129362,596,340,618,359,607,349,129290
400,129363,443,0,533,73,488,36,129291
400,129364,540,247,571,273,555,260,129292
400,129365,596,234,621,263,608,248,129293
400,129366,468,183,490,228,479,205,129294
400,129367,597,127,623,165,610,146,129295
400,129368,266,0,345,50,305,25,129296
400,129369,381,121,403,157,392,139,129297
400,129370,528,70,558,96,543,83,129298
400,129371,417,114,441,145,429,129,129299
400,129372,60,164,79,185,69,174,129300
400,129373,543,207,578,231,560,219,129301
400,129374,98,170,115,202,106,186,129302
400,129375,363,20,383,64,373,42,129303
400,129376,437,45,466,69,451,57,129304
400,129377,208,317,231,346,219,331,129305
400,129378,396,273,420,296,408,284,129306
400,129379,300,52,322,84,311,68,129307
400,129380,247,52,267,77,257,64,129308
400,129381,610,0,638,21,624,10,129309
400,129382,278,290,302,312,290,301,129310
400,129383,271,75,291,105,281,90,129311
400,129384,502,28,523,58,512,43,129312
400,129385,573,69,609,97,591,83,129313
400,129386,261,178,281,210,271,194,129314
400,129387,425,15,454,30,439,22,129315
400,129388,385,11,409,40,397,25,129316
400,129389,612,47,637,75,624,61,129317
400,129390,293,228,314,257,303,242,129318
400,129391,118,89,137,115,127,102,129319
400,129392,402,30,425,52,413,41,129320
400,129393,233,84,256,107,244,95,129321
400,129394,35,121,54,142,44,131,129322
400,129395,72,129,88,156,80,142,129323
400,129396,57,98,80,123,68,110,129324
400,129397,229,50,249,74,239,62,129325
400,129398,201,13,220,34,210,23,129326
400,129399,211,24,237,45,224,34,129327
400,129400,37,158,55,177,46,167,129328
400,129401,40,87,56,114,48,100,129329
400,129402,486,254,512,277,499,265,129330
400,129403,57,321,72,346,64,333,129331
400,129404,280,16,304,36,292,26,129332
400,129405,323,3,339,21,331,12,129333
400,129406,127,0,187,23,157,11,129334
400,129407,53,18,67,52,60,35,129335
400,129408,132,0,151,13,141,6,129336
400,129409,165,0,178,5,171,2,129337
400,129410,328,245,349,266,338,255,129338
400,129411,217,0,228,7,222,3,129339
400,129412,183,82,208,103,195,92,129340
400,129413,196,56,212,82,204,69,129341
400,129414,334,267,364,284,349,275,129342
400,129415,313,128,335,152,324,140,129343
400,129416,306,98,334,121,320,109,129344
400,129417,545,0,568,12,556,6,129345
400,129418,377,280,395,296,386,288,129346
400,129419,530,162,553,192,541,177,129347
400,129420,345,59,366,82,355,70,129348
400,129421,614,76,635,108,624,92,129349
400,129422,28,244,42,262,35,253,129350
400,129423,127,326,143,352,135,339,129351
400,129424,37,227,58,245,47,236,129352
400,129425,160,112,178,133,169,122,129353
400,129426,201,275,222,295,211,285,129354
400,129427,416,0,440,3,428,1,129355
400,129428,346,290,381,316,363,303,129356
400,129429,67,20,81,39,74,29,129357
400,129430,31,273,47,297,39,285,129358
400,129431,618,342,639,359,628,350,129359
400,129432,410,294,432,317,421,305,129360
400,129433,577,318,600,331,588,324,129361
400,129434,597,341,617,359,607,350,129362
401,129435,444,0,533,73,488,36,129363
401,129436,539,247,571,273,555,260,129364
401,129437,596,234,621,263,608,248,129365
401,129438,468,183,490,228,479,205,129366
401,129439,597,127,623,165,610,146,129367
401,129440,266,0,345,50,305,25,129368
401,129441,381,121,403,157,392,139,129369
401,129442,528,70,558,96,543,83,129370
401,129443,417,114,441,145,429,129,129371
401,129444,60,164,79,185,69,174,129372
401,129445,543,207,578,230,560,218,129373
401,129446,97,170,115,202,106,186,129374
401,129447,362,20,383,62,372,41,129375
401,129448,437,44,466,68,451,56,129376
401,129449,208,317,231,346,219,331,129377
401,129450,396,273,420,296,408,284,129378
401,129451,300,52,322,84,311,68,129379
401,129452,247,52,267,77,257,64,129380
401,129453,610,0,638,21,624,10,129381
401,129454,278,290,302,312,290,301,129382
401,129455,271,75,291,105,281,90,129383
401,129456,502,28,523,58,512,43,129384
401,129457,573,69,609,97,591,83,129385
401,129458,261,178,281,210,271,194,129386
401,129459,425,15,454,30,439,22,129387
401,129460,386,12,409,40,397,26,129388
401,129461,612,47,637,75,624,61,129389
401,129462,293,228,314,257,303,242,129390
401,129463,118,89,137,115,127,102,129391
401,129464,402,29,425,52,413,40,129392
401,129465,233,84,256,107,244,95,129393
401,129466,35,121,54,142,44,131,129394
401,129467,72,129,88,156,80,142,129395
401,129468,57,98,80,123,68,110,129396
401,129469,229,50,249,74,239,62,129397
401,129470,201,13,220,34,210,23,129398
401,129471,211,24,237,45,224,34,129399
401,129472,37,158,55,177,46,167,129400
401,129473,40,87,56,114,48,100,129401
401,129474,486,254,512,277,499,265,129402
401,129475,58,323,72,350,65,336,129403
401,129476,280,16,304,36,292,26,129404
401,129477,323,3,339,21,331,12,129405
401,129478,126,0,187,23,156,11,129406
401,129479,53,18,67,52,60,35,129407
401,129480,132,0,151,13,141,6,129408
401,129481,164,0,178,5,171,2,129409
401,129482,328,245,349,266,338,255,129410
401,129483,217,0,228,7,222,3,129411
401,129484,184,82,208,103,196,92,129412
401,129485,195,56,212,82,203,69,129413
401,129486,334,267,364,284,349,275,129414
401,129487,313,128,335,152,324,140,129415
401,129488,306,98,334,121,320,109,129416
401,129489,545,0,568,12,556,6,129417
401,129490,377,280,395,296,386,288,129418
401,129491,530,163,554,191,542,177,129419
401,129492,345,59,365,82,355,70,129420
401,129493,614,76,635,108,624,92,129421
401,129494,28,244,42,262,35,253,129422
401,129495,127,326,143,352,135,339,129423
401,129496,37,227,58,245,47,236,129424
401,129497,161,112,180,131,170,121,129425
401,129498,201,275,222,295,211,285,129426
401,129499,416,0,440,3,428,1,129427
401,129500,346,290,381,316,363,303,129428
401,129501,67,20,81,39,74,29,129429
401,129502,31,273,47,297,39,285,129430
401,129503,617,342,639,359,628,350,129431
401,129504,410,294,432,317,421,305,129432
401,129505,577,318,600,331,588,324,129433
401,129506,597,341,617,359,607,350,129434
401,129507,381,10,396,26,388,18,
402,129508,444,0,533,73,488,36,129435
402,129509,539,247,571,273,555,260,129436
402,129510,596,234,621,263,608,248,129437
402,129511,468,183,490,228,479,205,129438
402,129512,597,127,623,165,610,146,129439
402,129513,266,0,345,50,305,25,129440
402,129514,381,121,403,157,392,139,129441
402,129515,528,70,558,96,543,83,129442
402,129516,417,114,441,145,429,129,129443
402,129517,60,164,79,185,69,174,129444
402,129518,543,207,578,230,560,218,129445
402,129519,97,170,115,202,106,186,129446
402,129520,362,20,383,61,372,40,129447
402,129521,437,44,466,68,451,56,129448
402,129522,208,317,231,346,219,331,129449
402,129523,396,273,420,296,408,284,129450
402,129524,300,52,322,84,311,68,129451
402,129525,247,52,267,77,257,64,129452
402,129526,610,0,638,21,624,10,129453
402,129527,278,290,302,312,290,301,129454
402,129528,271,75,291,105,281,90,129455
402,129529,502,28,523,58,512,43,129456
402,129530,573,69,609,97,591,83,129457
402,129531,261,178,281,210,271,194,129458
402,129532,425,15,454,30,439,22,129459
402,129533,387,12,409,39,398,25,129460
402,129534,612,47,637,75,624,61,129461
402,129535,293,228,314,257,303,242,129462
402,129536,118,89,137,115,127,102,129463
402,129537,402,28,425,52,413,40,129464
402,129538,233,84,256,107,244,95,129465
402,129539,35,121,54,142,44,131,129466
402,129540,72,129,88,156,80,142,129467
402,129541,57,98,80,123,68,110,129468
402,129542,229,50,249,74,239,62,129469
402,129543,201,13,220,34,210,23,129470
402,129544,211,24,237,45,224,34,129471
402,129545,37,158,55,177,46,167,129472
402,129546,40,87,56,114,48,100,129473
402,129547,486,254,512,277,499,265,129474
402,129548,58,323,72,351,65,337,129475
402,129549,280,16,304,36,292,26,129476
402,129550,323,3,339,21,331,12,129477
402,129551,126,0,187,23,156,11,129478
402,129552,53,18,67,52,60,35,129479
402,129553,132,0,151,13,141,6,129480
402,129554,164,0,178,5,171,2,129481
402,129555,328,245,349,266,338,255,129482
402,129556,217,0,228,7,222,3,129483
402,129557,184,82,208,103,196,92,129484
402,129558,195,56,212,82,203,69,129485
402,129559,334,267,364,285,349,276,129486
402,129560,313,128,335,152,324,140,129487
402,129561,306,98,334,121,320,109,129488
402,129562,545,0,568,12,556,6,129489
402,129563,377,280,395,296,386,288,129490
402,129564,530,164,555,191,542,177,129491
402,129565,345,59,365,82,355,70,129492
402,129566,614,76,635,108,624,92,129493
402,129567,28,244,42,262,35,253,129494
402,129568,127,326,143,352,135,339,129495
402,129569,37,227,58,245,47,236,129496
402,129570,162,112,180,131,171,121,129497
402,129571,201,275,222,295,211,285,129498
402,129572,416,0,440,3,428,1,129499
402,129573,346,290,381,316,363,303,129500
402,129574,67,20,81,39,74,29,129501
402,129575,31,273,47,297,39,285,129502
402,129576,617,342,639,359,628,350,129503
402,129577,410,294,432,317,421,305,129504
402,129578,577,317,600,331,588,324,129505
402,129579,597,341,617,359,607,350,129506
402,129580,382,10,396,26,389,18,129507
403,129581,444,0,533,73,488,36,129508
403,129582,539,247,571,273,555,260,129509
403,129583,596,234,621,263,608,248,129510
403,129584,468,183,490,228,479,205,129511
403,129585,597,127,623,165,610,146,129512
403,129586,266,0,345,50,305,25,129513
403,129587,381,121,403,157,392,139,129514
403,129588,528,70,558,96,543,83,129515
403,129589,417,114,441,145,429,129,129516
403,129590,60,164,79,185,69,174,129517
403,129591,543,207,578,230,560,218,129518
403,129592,97,170,115,201,106,185,129519
403,129593,362,20,383,61,372,40,129520
403,129594,437,44,467,67,452,55,129521
403,129595,208,317,231,346,219,331,129522
403,129596,396,273,420,296,408,284,129523
403,129597,300,52,322,84,311,68,129524
403,129598,247,52,267,77,257,64,129525
403,129599,610,0,638,21,624,10,129526
403,129600,278,290,302,312,290,301,129527
403,129601,271,75,291,105,281,90,129528
403,129602,502,28,523,58,512,43,129529
403,129603,573,69,609,97,591,83,129530
403,129604,261,178,281,210,271,194,129531
403,129605,425,15,454,30,439,22,129532
403,129606,387,12,409,39,398,25,129533
403,129607,612,47,637,75,624,61,129534
403,129608,293,228,314,257,303,242,129535
403,129609,118,89,137,114,127,101,129536
403,129610,402,27,425,52,413,39,129537
403,129611,233,84,256,107,244,95,129538
403,129612,35,121,54,142,44,131,129539
403,129613,72,129,88,156,80,142,129540
403,129614,57,98,80,123,68,110,129541
403,129615,229,50,250,74,239,62,129542
403,129616,201,13,220,34,210,23,129543
403,129617,211,24,237,45,224,34,129544
403,129618,37,158,55,177,46,167,129545
403,129619,40,88,56,114,48,101,129546
403,129620,486,254,512,277,499,265,129547
403,129621,58,325,73,352,65,338,129548
403,129622,280,16,304,36,292,26,129549
403,129623,323,3,339,21,331,12,129550
403,129624,126,0,187,23,156,11,129551
403,129625,53,18,67,52,60,35,129552
403,129626,132,0,151,13,141,6,129553
403,129627,164,0,178,5,171,2,129554
403,129628,328,245,349,266,338,255,129555
403,129629,217,0,228,7,222,3,129556
403,129630,184,82,208,104,196,93,129557
403,129631,195,56,212,82,203,69,129558
403,129632,334,267,364,285,349,276,129559
403,129633,313,128,335,152,324,140,129560
403,129634,306,98,334,121,320,109,129561
403,129635,545,0,568,12,556,6,129562
403,129636,377,280,395,296,386,288,129563
403,129637,531,164,555,190,543,177,129564
403,129638,345,59,366,82,355,70,129565
403,129639,614,76,635,108,624,92,129566
403,129640,28,244,42,262,35,253,129567
403,129641,127,326,143,352,135,339,129568
403,129642,37,227,58,245,47,236,129569
403,129643,164,111,182,130,173,120,129570
403,129644,201,275,222,295,211,285,129571
403,129645,416,0,440,3,428,1,129572
403,129646,346,290,381,315,363,302,129573
403,129647,67,20,81,39,74,29,129574
403,129648,31,273,47,297,39,285,129575
403,129649,617,342,639,359,628,350,129576
403,129650,410,294,432,317,421,305,129577
403,129651,597,342,617,359,607,350,129579
403,129652,382,10,397,25,389,17,129580
404,129653,444,0,533,73,488,36,129581
404,129654,539,247,571,273,555,260,129582
404,129655,596,234,621,263,608,248,129583
404,129656,468,183,490,228,479,205,129584
404,129657,597,127,623,165,610,146,129585
404,129658,266,0,345,50,305,25,129586
404,129659,381,121,403,157,392,139,129587
404,129660,528,70,558,96,543,83,129588
404,129661,417,114,441,145,429,129,129589
404,129662,60,164,79,185,69,174,129590
404,129663,543,207,578,230,560,218,129591
404,129664,98,170,115,201,106,185,129592
404,129665,362,20,383,60,372,40,129593
404,129666,438,45,468,69,453,57,129594
404,129667,208,316,231,346,219,331,129595
404,129668,396,273,420,296,408,284,129596
404,129669,300,52,322,84,311,68,129597
404,129670,247,52,267,77,257,64,129598
404,129671,610,0,637,21,623,10,129599
404,129672,278,290,302,312,290,301,129600
404,129673,271,75,291,105,281,90,129601
404,129674,502,28,522,58,512,43,129602
404,129675,573,69,609,97,591,83,129603
404,129676,261,178,281,210,271,194,129604
404,129677,425,15,454,30,439,22,129605
404,129678,387,12,409,39,398,25,129606
404,129679,612,47,637,74,624,60,129607
404,129680,293,228,314,257,303,242,129608
404,129681,118,89,137,114,127,101,129609
404,129682,402,27,425,52,413,39,129610
404,129683,233,84,256,107,244,95,129611
404,129684,35,121,54,142,44,131,129612
404,129685,72,129,88,156,80,142,129613
404,129686,57,98,80,123,68,110,129614
404,129687,229,50,250,74,239,62,129615
404,129688,201,13,220,34,210,23,129616
404,129689,211,24,237,45,224,34,129617
404,129690,37,158,55,177,46,167,129618
404,129691,40,88,56,114,48,101,129619
404,129692,486,254,512,277,499,265,129620
404,129693,58,326,73,352,65,339,129621
404,129694,280,16,304,36,292,26,129622
404,129695,323,3,339,21,331,12,129623
404,129696,126,0,187,23,156,11,129624
404,129697,53,18,67,52,60,35,129625
404,129698,132,0,151,13,141,6,129626
404,129699,164,0,178,5,171,2,129627
404,129700,328,245,349,266,338,255,129628
404,129701,217,0,228,7,222,3,129629
404,129702,185,82,208,104,196,93,129630
404,129703,195,56,212,82,203,69,129631
404,129704,334,267,364,285,349,276,129632
404,129705,313,128,335,152,324,140,129633
404,129706,306,98,334,121,320,109,129634
404,129707,545,0,568,12,556,6,129635
404,129708,377,280,395,296,386,288,129636
404,129709,531,164,557,190,544,177,129637
404,129710,345,59,366,82,355,70,129638
404,129711,614,76,635,108,624,92,129639
404,129712,28,244,42,262,35,253,129640
404,129713,127,326,143,352,135,339,129641
404,129714,37,227,58,245,47,236,129642
404,129715,166,110,183,130,174,120,129643
404,129716,201,275,222,295,211,285,129644
404,129717,416,0,440,3,428,1,129645
404,129718,346,290,381,316,363,303,129646
404,129719,67,20,81,40,74,30,129647
404,129720,31,273,47,297,39,285,129648
404,129721,617,342,639,359,628,350,129649
404,129722,409,294,432,317,420,305,129650
404,129723,597,341,617,359,607,350,129651
404,129724,383,10,401,24,392,17,129652
404,129725,574,325,600,352,587,338,
404,129726,583,10,607,22,595,16,
405,129727,444,0,533,73,488,36,129653
405,129728,539,247,571,273,555,260,129654
405,129729,596,234,621,263,608,248,129655
405,129730,468,183,490,228,479,205,129656
405,129731,597,127,623,165,610,146,129657
405,129732,266,0,345,50,305,25,129658
405,129733,381,121,403,157,392,139,129659
405,129734,528,70,558,96,543,83,129660
405,129735,417,114,441,145,429,129,129661
405,129736,60,164,79,185,69,174,129662
405,129737,543,207,578,230,560,218,129663
405,129738,98,169,116,200,107,184,129664
405,129739,361,20,383,60,372,40,129665
405,129740,438,45,468,70,453,57,129666
405,129741,208,316,231,346,219,331,129667
405,129742,396,273,420,296,408,284,129668
405,129743,300,52,322,84,311,68,129669
405,129744,247,52,267,77,257,64,129670
405,129745,610,0,636,21,623,10,129671
405,129746,278,290,302,312,290,301,129672
405,129747,271,75,291,105,281,90,129673
405,129748,502,28,522,58,512,43,129674
405,129749,573,69,609,97,591,83,129675
405,129750,261,178,281,210,271,194,129676
405,129751,425,15,454,30,439,22,129677
405,129752,387,12,409,38,398,25,129678
405,129753,612,47,637,74,624,60,129679
405,129754,293,228,314,257,303,242,129680
405,129755,118,89,137,114,127,101,129681
405,129756,402,26,425,51,413,38,129682
405,129757,233,84,256,107,244,95,129683
405,129758,35,121,54,142,44,131,129684
405,129759,72,129,88,156,80,142,129685
405,129760,57,98,80,123,68,110,129686
405,129761,229,50,249,74,239,62,129687
405,129762,201,13,220,34,210,23,129688
405,129763,211,24,237,45,224,34,129689
405,129764,37,158,55,177,46,167,129690
405,129765,40,88,56,115,48,101,129691
405,129766,486,254,512,277,499,265,129692
405,129767,58,328,73,352,65,340,129693
405,129768,280,16,304,36,292,26,129694
405,129769,323,3,339,21,331,12,129695
405,129770,126,0,187,23,156,11,129696
405,129771,53,18,67,52,60,35,129697
405,129772,132,0,151,13,141,6,129698
405,129773,164,0,178,5,171,2,129699
405,129774,328,245,349,266,338,255,129700
405,129775,217,0,228,7,222,3,129701
405,129776,185,82,208,104,196,93,129702
405,129777,195,56,212,82,203,69,129703
405,129778,334,267,364,285,349,276,129704
405,129779,313,128,335,152,324,140,129705
405,129780,306,98,334,121,320,109,129706
405,129781,545,0,568,12,556,6,129707
405,129782,377,280,395,296,386,288,129708
405,129783,532,164,557,190,544,177,129709
405,129784,345,59,366,82,355,70,129710
405,129785,614,76,635,107,624,91,129711
405,129786,28,244,42,262,35,253,129712
405,129787,126,326,143,353,134,339,129713
405,129788,37,227,58,245,47,236,129714
405,129789,167,110,185,129,176,119,129715
405,129790,201,275,222,295,211,285,129716
405,129791,346,290,381,315,363,302,129718
405,129792,67,20,81,40,74,30,129719
405,129793,31,273,47,297,39,285,129720
405,129794,617,342,639,359,628,350,129721
405,129795,409,294,432,316,420,305,129722
405,129796,596,341,617,359,606,350,129723
405,129797,573,320,600,352,586,336,129725
405,129798,583,10,606,22,594,16,129726
406,129799,444,0,533,73,488,36,129727
406,129800,539,247,571,273,555,260,129728
406,129801,596,234,621,263,608,248,129729
406,129802,468,183,490,227,479,205,129730
406,129803,597,127,623,165,610,146,129731
406,129804,266,0,345,50,305,25,129732
406,129805,381,121,403,157,392,139,129733
406,129806,528,70,558,96,543,83,129734
406,129807,417,114,441,145,429,129,129735
406,129808,60,164,79,185,69,174,129736
406,129809,543,206,578,230,560,218,129737
406,129810,98,169,116,200,107,184,129738
406,129811,362,20,384,60,373,40,129739
406,129812,438,45,468,70,453,57,129740
406,129813,208,316,231,346,219,331,129741
406,129814,396,273,420,296,408,284,129742
406,129815,300,52,322,84,311,68,129743
406,129816,247,52,267,77,257,64,129744
406,129817,610,0,636,21,623,10,129745
406,129818,278,290,302,312,290,301,129746
406,129819,271,75,291,105,281,90,129747
406,129820,502,28,523,58,512,43,129748
406,129821,573,69,609,97,591,83,129749
406,129822,261,178,281,210,271,194,129750
406,129823,425,15,454,30,439,22,129751
406,129824,387,11,410,38,398,24,129752
406,129825,611,47,637,74,624,60,129753
406,129826,293,228,314,257,303,242,129754
406,129827,118,89,137,114,127,101,129755
406,129828,402,26,425,50,413,38,129756
406,129829,233,84,256,107,244,95,129757
406,129830,35,121,54,142,44,131,129758
406,129831,72,129,88,156,80,142,129759
406,129832,57,98,80,123,68,110,129760
406,129833,229,50,249,74,239,62,129761
406,129834,201,13,220,34,210,23,129762
406,129835,211,24,237,45,224,34,129763
406,129836,37,158,55,177,46,167,129764
406,129837,40,88,56,115,48,101,129765
406,129838,486,254,512,277,499,265,129766
406,129839,59,331,74,355,66,343,129767
406,129840,280,16,304,36,292,26,129768
406,129841,323,3,339,21,331,12,129769
406,129842,126,0,187,23,156,11,129770
406,129843,53,18,67,52,60,35,129771
406,129844,132,0,151,13,141,6,129772
406,129845,164,0,178,5,171,2,129773
406,129846,328,245,350,266,339,255,129774
406,129847,217,0,228,7,222,3,129775
406,129848,185,82,208,103,196,92,129776
406,129849,196,56,212,82,204,69,129777
406,129850,334,267,364,285,349,276,129778
406,129851,313,128,335,152,324,140,129779
406,129852,306,98,334,121,320,109,129780
406,129853,545,0,568,12,556,6,129781
406,129854,377,280,395,296,386,288,129782
406,129855,533,163,559,189,546,176,129783
406,129856,345,59,366,81,355,70,129784
406,129857,614,76,635,108,624,92,129785
406,129858,28,244,42,262,35,253,129786
406,129859,126,327,143,353,134,340,129787
406,129860,37,227,58,245,47,236,129788
406,129861,168,110,187,128,177,119,129789
406,129862,201,275,222,295,211,285,129790
406,129863,346,290,381,315,363,302,129791
406,129864,67,20,81,40,74,30,129792
406,129865,31,273,47,297,39,285,129793
406,129866,617,342,639,358,628,350,129794
406,129867,409,294,432,316,420,305,129795
406,129868,596,339,617,358,606,348,129796
406,129869,570,318,600,351,585,334,129797
406,129870,583,10,606,22,594,16,129798
407,129871,444,0,533,73,488,36,129799
407,129872,539,247,571,273,555,260,129800
407,129873,596,234,621,263,608,248,129801
407,129874,468,183,490,227,479,205,129802
407,129875,597,127,623,165,610,146,129803
407,129876,266,0,345,50,305,25,129804
407,129877,381,121,403,157,392,139,129805
407,129878,528,70,558,96,543,83,129806
407,129879,417,114,441,145,429,129,129807
407,129880,60,164,79,185,69,174,129808
407,129881,543,206,578,230,560,218,129809
407,129882,98,169,116,200,107,184,129810
407,129883,362,20,384,61,373,40,129811
407,129884,439,45,468,70,453,57,129812
407,129885,208,316,231,346,219,331,129813
407,129886,396,273,420,296,408,284,129814
407,129887,300,52,322,84,311,68,129815
407,129888,247,52,267,77,257,64,129816
407,129889,610,0,636,21,623,10,129817
407,129890,278,290,302,312,290,301,129818
407,129891,271,75,291,105,281,90,129819
407,129892,502,29,523,57,512,43,129820
407,129893,573,69,609,97,591,83,129821
407,129894,261,178,281,210,271,194,129822
407,129895,425,15,455,30,440,22,129823
407,129896,386,11,410,38,398,24,129824
407,129897,612,47,637,74,624,60,129825
407,129898,293,228,314,257,303,242,129826
407,129899,118,89,137,114,127,101,129827
407,129900,402,26,425,50,413,38,129828
407,129901,233,84,256,107,244,95,129829
407,129902,35,121,54,142,44,131,129830
407,129903,72,129,88,156,80,142,129831
407,129904,57,98,80,123,68,110,129832
407,129905,229,50,249,74,239,62,129833
407,129906,201,13,220,34,210,23,129834
407,129907,211,24,237,45,224,34,129835
407,129908,37,158,55,177,46,167,129836
407,129909,40,88,56,115,48,101,129837
407,129910,486,254,512,277,499,265,129838
407,129911,59,334,74,358,66,346,129839
407,129912,280,16,304,36,292,26,129840
407,129913,323,3,339,21,331,12,129841
407,129914,126,0,187,23,156,11,129842
407,129915,53,18,67,52,60,35,129843
407,129916,132,0,151,13,141,6,129844
407,129917,164,0,178,5,171,2,129845
407,129918,328,245,350,266,339,255,129846
407,129919,217,0,228,7,222,3,129847
407,129920,185,82,208,103,196,92,129848
407,129921,196,56,212,82,204,69,129849
407,129922,334,267,364,285,349,276,129850
407,129923,313,128,335,152,324,140,129851
407,129924,306,98,334,121,320,109,129852
407,129925,545,0,568,12,556,6,129853
407,129926,377,280,395,296,386,288,129854
407,129927,535,162,559,189,547,175,129855
407,129928,345,59,366,81,355,70,129856
407,129929,614,76,635,108,624,92,129857
407,129930,28,244,42,262,35,253,129858
407,129931,126,328,142,353,134,340,129859
407,129932,37,227,58,245,47,236,129860
407,129933,168,109,188,128,178,118,129861
407,129934,201,275,222,295,211,285,129862
407,129935,346,290,381,315,363,302,129863
407,129936,67,20,81,40,74,30,129864
407,129937,31,273,47,297,39,285,129865
407,129938,617,341,639,358,628,349,129866
407,129939,409,294,432,316,420,305,129867
407,129940,596,339,617,358,606,348,129868
407,129941,583,10,606,22,594,16,129870
408,129942,444,0,533,73,488,36,129871
408,129943,539,247,571,273,555,260,129872
408,129944,596,234,621,263,608,248,129873
408,129945,468,183,490,227,479,205,129874
408,129946,597,127,623,165,610,146,129875
408,129947,266,0,345,50,305,25,129876
408,129948,381,121,403,157,392,139,129877
408,129949,528,70,558,96,543,83,129878
408,129950,417,114,441,145,429,129,129879
408,129951,60,164,79,185,69,174,129880
408,129952,543,206,578,230,560,218,129881
408,129953,98,169,116,200,107,184,129882
408,129954,362,20,384,62,373,41,129883
408,129955,439,45,468,70,453,57,129884
408,129956,208,316,231,346,219,331,129885
408,129957,396,273,420,296,408,284,129886
408,129958,300,52,322,84,311,68,129887
408,129959,247,52,267,77,257,64,129888
408,129960,610,0,636,21,623,10,129889
408,129961,278,290,302,312,290,301,129890
408,129962,271,75,291,105,281,90,129891
408,129963,502,29,523,57,512,43,129892
408,129964,573,69,609,97,591,83,129893
408,129965,261,178,281,210,271,194,129894
408,129966,425,15,455,30,440,22,129895
408,129967,386,11,411,38,398,24,129896
408,129968,612,47,637,74,624,60,129897
408,129969,293,228,314,257,303,242,129898
408,129970,118,89,137,114,127,101,129899
408,129971,402,26,425,50,413,38,129900
408,129972,233,84,256,107,244,95,129901
408,129973,35,121,54,142,44,131,129902
408,129974,72,129,88,156,80,142,129903
408,129975,57,98,80,123,68,110,129904
408,129976,229,50,249,74,239,62,129905
408,129977,201,13,220,34,210,23,129906
408,129978,211,24,237,45,224,34,129907
408,129979,37,158,55,177,46,167,129908
408,129980,40,88,56,115,48,101,129909
408,129981,486,254,512,277,499,265,129910
408,129982,60,334,74,359,67,346,129911
408,129983,280,16,304,36,292,26,129912
408,129984,323,3,339,21,331,12,129913
408,129985,126,0,187,23,156,11,129914
408,129986,53,18,67,52,60,35,129915
408,129987,132,0,151,13,141,6,129916
408,129988,164,0,178,5,171,2,129917
408,129989,328,245,350,266,339,255,129918
408,129990,217,0,228,7,222,3,129919
408,129991,185,82,208,103,196,92,129920
408,129992,196,56,212,82,204,69,129921
408,129993,334,266,364,284,349,275,129922
408,129994,313,128,335,152,324,140,129923
408,129995,306,98,334,120,320,109,129924
408,129996,545,0,568,12,556,6,129925
408,129997,377,280,395,296,386,288,129926
408,129998,535,162,559,189,547,175,129927
408,129999,346,59,367,82,356,70,129928
408,130000,614,75,635,108,624,91,129929
408,130001,28,244,42,262,35,253,129930
408,130002,126,328,142,353,134,340,129931
408,130003,37,227,58,245,47,236,129932
408,130004,168,109,188,127,178,118,129933
408,130005,201,275,222,295,211,285,129934
408,130006,346,290,381,315,363,302,129935
408,130007,67,20,81,40,74,30,129936
408,130008,31,273,47,297,39,285,129937
408,130009,617,341,639,357,628,349,129938
408,130010,409,294,431,316,420,305,129939
408,130011,596,339,617,358,606,348,129940
408,130012,583,10,606,22,594,16,129941
409,130013,444,0,533,73,488,36,129942
409,130014,539,247,571,273,555,260,129943
409,130015,596,234,621,263,608,248,129944
409,130016,468,183,490,226,479,204,129945
409,130017,597,127,623,165,610,146,129946
409,130018,266,0,345,50,305,25,129947
409,130019,381,121,403,157,392,139,129948
409,130020,528,70,558,96,543,83,129949
409,130021,417,114,441,145,429,129,129950
409,130022,60,164,79,185,69,174,129951
409,130023,543,206,578,230,560,218,129952
409,130024,98,169,116,200,107,184,129953
409,130025,362,20,384,61,373,40,129954
409,130026,439,45,468,71,453,58,129955
409,130027,208,316,231,346,219,331,129956
409,130028,396,273,420,296,408,284,129957
409,130029,300,52,322,84,311,68,129958
409,130030,247,52,267,77,257,64,129959
409,130031,610,0,636,21,623,10,129960
409,130032,278,290,302,312,290,301,129961
409,130033,271,75,291,105,281,90,129962
409,130034,502,29,523,57,512,43,129963
409,130035,573,69,609,97,591,83,129964
409,130036,261,178,281,210,271,194,129965
409,130037,425,15,455,30,440,22,129966
409,130038,385,11,411,37,398,24,129967
409,130039,612,47,637,74,624,60,129968
409,130040,293,228,314,257,303,242,129969
409,130041,118,89,137,114,127,101,129970
409,130042,402,26,425,50,413,38,129971
409,130043,233,84,256,107,244,95,129972
409,130044,35,121,54,142,44,131,129973
409,130045,72,129,88,156,80,142,129974
409,130046,57,98,80,123,68,110,129975
409,130047,229,50,249,74,239,62,129976
409,130048,201,13,220,34,210,23,129977
409,130049,211,24,237,45,224,34,129978
409,130050,37,158,55,177,46,167,129979
409,130051,40,88,56,115,48,101,129980
409,130052,486,254,512,277,499,265,129981
409,130053,60,335,75,360,67,347,129982
409,130054,280,16,304,36,292,26,129983
409,130055,323,3,339,21,331,12,129984
409,130056,126,0,187,23,156,11,129985
409,130057,53,18,67,52,60,35,129986
409,130058,132,0,151,13,141,6,129987
409,130059,164,0,178,5,171,2,129988
409,130060,328,245,350,266,339,255,129989
409,130061,217,0,228,7,222,3,129990
409,130062,185,82,208,103,196,92,129991
409,130063,196,56,212,82,204,69,129992
409,130064,333,266,364,284,348,275,129993
409,130065,313,128,335,152,324,140,129994
409,130066,306,98,334,120,320,109,129995
409,130067,544,0,568,11,556,5,129996
409,130068,377,280,395,296,386,288,129997
409,130069,535,161,559,188,547,174,129998
409,130070,346,59,367,82,356,70,129999
409,130071,614,75,635,108,624,91,130000
409,130072,28,244,42,262,35,253,130001
409,130073,126,328,142,354,134,341,130002
409,130074,37,227,58,245,47,236,130003
409,130075,169,110,188,127,178,118,130004
409,130076,201,275,222,295,211,285,130005
409,130077,346,290,381,315,363,302,130006
409,130078,67,20,81,40,74,30,130007
409,130079,31,273,47,299,39,286,130008
409,130080,617,338,639,357,628,347,130009
409,130081,409,294,431,316,420,305,130010
409,130082,596,339,617,358,606,348,130011
409,130083,583,10,607,22,595,16,130012
409,130084,576,316,600,332,588,324,
410,130085,444,0,533,73,488,36,130013
410,130086,539,247,571,273,555,260,130014
410,130087,596,234,621,263,608,248,130015
410,130088,468,183,490,226,479,204,130016
410,130089,597,127,623,165,610,146,130017
410,130090,266,0,345,50,305,25,130018
410,130091,381,121,403,157,392,139,130019
410,130092,528,70,558,96,543,83,130020
410,130093,417,114,441,145,429,129,130021
410,130094,60,164,79,185,69,174,130022
410,130095,543,206,578,230,560,218,130023
410,130096,98,169,116,200,107,184,130024
410,130097,362,20,384,62,373,41,130025
410,130098,439,45,468,71,453,58,130026
410,130099,208,316,231,346,219,331,130027
410,130100,396,273,420,296,408,284,130028
410,130101,300,52,322,84,311,68,130029
410,130102,247,52,267,77,257,64,130030
410,130103,610,0,636,21,623,10,130031
410,130104,278,290,302,312,290,301,130032
410,130105,271,75,291,105,281,90,130033
410,130106,502,28,523,57,512,42,130034
410,130107,573,69,609,97,591,83,130035
410,130108,261,178,281,210,271,194,130036
410,130109,425,15,455,30,440,22,130037
410,130110,385,11,412,37,398,24,130038
410,130111,612,47,637,74,624,60,130039
410,130112,293,228,314,257,303,242,130040
410,130113,118,89,137,114,127,101,130041
410,130114,403,27,425,50,414,38,130042
410,130115,233,84,256,107,244,95,130043
410,130116,35,121,54,142,44,131,130044
410,130117,72,129,88,156,80,142,130045
410,130118,57,98,80,123,68,110,130046
410,130119,229,50,249,74,239,62,130047
410,130120,201,13,220,34,210,23,130048
410,130121,211,24,237,45,224,34,130049
410,130122,37,158,55,177,46,167,130050
410,130123,40,88,56,115,48,101,130051
410,130124,486,254,512,277,499,265,130052
410,130125,60,337,75,360,67,348,130053
410,130126,280,16,304,37,292,26,130054
410,130127,323,3,339,21,331,12,130055
410,130128,126,0,187,23,156,11,130056
410,130129,53,18,67,52,60,35,130057
410,130130,132,0,151,13,141,6,130058
410,130131,164,0,178,5,171,2,130059
410,130132,328,245,350,266,339,255,130060
410,130133,217,0,228,7,222,3,130061
410,130134,185,82,208,103,196,92,130062
410,130135,196,56,212,82,204,69,130063
410,130136,332,266,364,284,348,275,130064
410,130137,313,128,335,152,324,140,130065
410,130138,306,98,334,120,320,109,130066
410,130139,543,0,568,11,555,5,130067
410,130140,377,280,395,296,386,288,130068
410,130141,535,159,560,186,547,172,130069
410,130142,346,59,368,82,357,70,130070
410,130143,614,75,635,107,624,91,130071
410,130144,28,244,42,262,35,253,130072
410,130145,126,328,141,354,133,341,130073
410,130146,37,227,58,245,47,236,130074
410,130147,170,110,189,127,179,118,130075
410,130148,201,275,221,295,211,285,130076
410,130149,346,290,381,315,363,302,130077
410,130150,67,20,81,40,74,30,130078
410,130151,31,273,47,298,39,285,130079
410,130152,617,336,639,356,628,346,130080
410,130153,409,294,431,316,420,305,130081
410,130154,596,339,617,358,606,348,130082
410,130155,583,10,607,22,595,16,130083
410,130156,565,351,595,359,580,355,
410,130157,576,316,600,332,588,324,130084
411,130158,444,0,533,73,488,36,130085
411,130159,539,247,571,273,555,260,130086
411,130160,596,234,621,263,608,248,130087
411,130161,468,183,490,226,479,204,130088
411,130162,597,127,623,165,610,146,130089
411,130163,266,0,345,50,305,25,130090
411,130164,381,121,403,157,392,139,130091
411,130165,528,70,558,96,543,83,130092
411,130166,417,114,441,145,429,129,130093
411,130167,60,164,79,185,69,174,130094
411,130168,543,207,578,230,560,218,130095
411,130169,98,169,116,200,107,184,130096
411,130170,362,20,385,63,373,41,130097
411,130171,438,45,468,71,453,58,130098
411,130172,208,316,231,346,219,331,130099
411,130173,396,273,420,296,408,284,130100
411,130174,300,52,322,84,311,68,130101
411,130175,247,52,267,77,257,64,130102
411,130176,610,0,636,21,623,10,130103
411,130177,278,290,302,312,290,301,130104
411,130178,271,75,291,105,281,90,130105
411,130179,502,28,523,57,512,42,130106
411,130180,573,69,609,97,591,83,130107
411,130181,261,178,281,210,271,194,130108
411,130182,425,15,455,30,440,22,130109
411,130183,390,12,413,37,401,24,130110
411,130184,612,47,637,74,624,60,130111
411,130185,293,228,314,257,303,242,130112
411,130186,118,89,137,114,127,101,130113
411,130187,403,27,426,50,414,38,130114
411,130188,233,84,256,107,244,95,130115
411,130189,35,120,54,142,44,131,130116
411,130190,72,129,88,156,80,142,130117
411,130191,57,97,80,123,68,110,130118
411,130192,229,50,249,74,239,62,130119
411,130193,201,13,220,34,210,23,130120
411,130194,211,24,237,45,224,34,130121
411,130195,37,158,55,177,46,167,130122
411,130196,40,88,56,115,48,101,130123
411,130197,486,254,512,277,499,265,130124
411,130198,61,339,76,360,68,349,130125
411,130199,280,16,304,37,292,26,130126
411,130200,323,3,339,21,331,12,130127
411,130201,126,0,187,23,156,11,130128
411,130202,53,18,67,52,60,35,130129
411,130203,132,0,151,13,141,6,130130
411,130204,164,0,178,5,171,2,130131
411,130205,328,245,350,266,339,255,130132
411,130206,217,0,228,7,222,3,130133
411,130207,184,82,208,103,196,92,130134
411,130208,196,56,212,82,204,69,130135
411,130209,331,266,363,283,347,274,130136
411,130210,313,128,335,152,324,140,130137
411,130211,306,98,334,120,320,109,130138
411,130212,543,0,568,11,555,5,130139
411,130213,377,280,396,296,386,288,130140
411,130214,535,156,560,182,547,169,130141
411,130215,346,59,368,83,357,71,130142
411,130216,614,75,635,107,624,91,130143
411,130217,28,244,42,262,35,253,130144
411,130218,126,329,142,355,134,342,130145
411,130219,37,227,58,245,47,236,130146
411,130220,172,109,190,126,181,117,130147
411,130221,201,275,221,295,211,285,130148
411,130222,67,20,81,40,74,30,130150
411,130223,31,273,47,298,39,285,130151
411,130224,617,333,639,356,628,344,130152
411,130225,409,294,431,316,420,305,130153
411,130226,596,339,617,358,606,348,130154
411,130227,583,10,607,22,595,16,130155
411,130228,565,351,595,359,580,355,130156
411,130229,576,316,600,332,588,324,130157
411,130230,513,24,531,33,522,28,
411,130231,384,10,400,27,392,18,
412,130232,444,0,533,73,488,36,130158
412,130233,539,247,571,273,555,260,130159
412,130234,596,234,621,263,608,248,130160
412,130235,468,183,490,226,479,204,130161
412,130236,597,127,623,165,610,146,130162
412,130237,266,0,345,50,305,25,130163
412,130238,381,121,403,157,392,139,130164
412,130239,528,70,558,96,543,83,130165
412,130240,417,114,441,145,429,129,130166
412,130241,60,164,79,185,69,174,130167
412,130242,543,207,578,230,560,218,130168
412,130243,98,169,116,200,107,184,130169
412,130244,362,20,385,64,373,42,130170
412,130245,438,45,468,72,453,58,130171
412,130246,208,316,231,346,219,331,130172
412,130247,396,273,420,296,408,284,130173
412,130248,300,52,322,84,311,68,130174
412,130249,247,52,267,77,257,64,130175
412,130250,610,0,636,21,623,10,130176
412,130251,278,290,302,312,290,301,130177
412,130252,271,75,291,105,281,90,130178
412,130253,502,28,523,57,512,42,130179
412,130254,573,69,609,98,591,83,130180
412,130255,261,178,281,210,271,194,130181
412,130256,425,15,454,30,439,22,130182
412,130257,394,12,414,37,404,24,130183
412,130258,612,47,637,74,624,60,130184
412,130259,293,228,314,257,303,242,130185
412,130260,118,89,137,114,127,101,130186
412,130261,404,27,426,50,415,38,130187
412,130262,233,84,256,107,244,95,130188
412,130263,35,120,54,142,44,131,130189
412,130264,72,129,88,156,80,142,130190
412,130265,57,97,80,123,68,110,130191
412,130266,229,50,249,74,239,62,130192
412,130267,201,13,220,34,210,23,130193
412,130268,211,24,237,45,224,34,130194
412,130269,37,158,55,177,46,167,130195
412,130270,40,88,56,115,48,101,130196
412,130271,486,254,512,277,499,265,130197
412,130272,61,341,76,360,68,350,130198
412,130273,280,16,304,37,292,26,130199
412,130274,323,3,339,21,331,12,130200
412,130275,126,0,187,23,156,11,130201
412,130276,53,18,67,52,60,35,130202
412,130277,132,0,151,13,141,6,130203
412,130278,164,0,178,5,171,2,130204
412,130279,328,245,350,266,339,255,130205
412,130280,217,0,228,7,222,3,130206
412,130281,184,82,208,103,196,92,130207
412,130282,196,56,212,82,204,69,130208
412,130283,331,266,362,283,346,274,130209
412,130284,313,128,336,152,324,140,130210
412,130285,306,98,334,120,320,109,130211
412,130286,543,0,568,11,555,5,130212
412,130287,377,280,396,296,386,288,130213
412,130288,535,155,562,180,548,167,130214
412,130289,346,59,369,83,357,71,130215
412,130290,614,75,635,107,624,91,130216
412,130291,28,244,42,262,35,253,130217
412,130292,126,330,141,355,133,342,130218
412,130293,37,227,58,245,47,236,130219
412,130294,174,108,193,125,183,116,130220
412,130295,201,275,221,295,211,285,130221
412,130296,67,20,81,40,74,30,130222
412,130297,31,273,46,298,38,285,130223
412,130298,617,332,639,356,628,344,130224
412,130299,596,340,618,358,607,349,130226
412,130300,583,10,607,22,595,16,130227
412,130301,565,351,592,359,578,355,130228
412,130302,577,316,600,332,588,324,130229
412,130303,513,24,531,33,522,28,130230
412,130304,384,10,399,27,391,18,130231
413,130305,444,0,533,73,488,36,130232
413,130306,539,247,571,273,555,260,130233
413,130307,596,234,621,263,608,248,130234
413,130308,468,183,490,226,479,204,130235
413,130309,597,127,623,165,610,146,130236
413,130310,266,0,345,50,305,25,130237
413,130311,381,121,403,157,392,139,130238
413,130312,528,70,558,96,543,83,130239
413,130313,417,114,441,145,429,129,130240
413,130314,60,164,79,185,69,174,130241
413,130315,543,207,578,230,560,218,130242
413,130316,98,169,116,200,107,184,130243
413,130317,362,20,385,66,373,43,130244
413,130318,438,45,468,71,453,58,130245
413,130319,208,316,231,346,219,331,130246
413,130320,395,273,420,296,407,284,130247
413,130321,300,52,322,84,311,68,130248
413,130322,247,52,267,77,257,64,130249
413,130323,610,0,636,21,623,10,130250
413,130324,278,290,302,312,290,301,130251
413,130325,271,75,291,105,281,90,130252
413,130326,502,28,523,57,512,42,130253
413,130327,573,69,609,97,591,83,130254
413,130328,261,178,281,210,271,194,130255
413,130329,425,15,454,30,439,22,130256
413,130330,395,12,414,36,404,24,130257
413,130331,612,47,637,74,624,60,130258
413,130332,293,228,314,257,303,242,130259
413,130333,118,89,137,114,127,101,130260
413,130334,404,27,426,50,415,38,130261
413,130335,233,84,256,107,244,95,130262
413,130336,35,120,54,142,44,131,130263
413,130337,72,129,88,156,80,142,130264
413,130338,57,97,80,123,68,110,130265
413,130339,229,50,249,74,239,62,130266
413,130340,201,13,220,33,210,23,130267
413,130341,211,24,237,45,224,34,130268
413,130342,37,158,55,177,46,167,130269
413,130343,40,88,56,115,48,101,130270
413,130344,486,254,512,277,499,265,130271
413,130345,61,343,76,360,68,351,130272
413,130346,280,16,304,37,292,26,130273
413,130347,323,3,339,21,331,12,130274
413,130348,126,0,187,23,156,11,130275
413,130349,52,18,67,52,59,35,130276
413,130350,132,0,151,13,141,6,130277
413,130351,164,0,178,5,171,2,130278
413,130352,328,245,350,266,339,255,130279
413,130353,217,0,228,7,222,3,130280
413,130354,184,82,208,103,196,92,130281
413,130355,195,56,212,82,203,69,130282
413,130356,331,266,362,283,346,274,130283
413,130357,313,128,336,152,324,140,130284
413,130358,306,98,334,120,320,109,130285
413,130359,543,0,568,11,555,5,130286
413,130360,377,280,396,295,386,287,130287
413,130361,535,155,563,179,549,167,130288
413,130362,346,59,369,83,357,71,130289
413,130363,613,75,636,107,624,91,130290
413,130364,28,244,42,262,35,253,130291
413,130365,126,332,141,355,133,343,130292
413,130366,37,227,58,245,47,236,130293
413,130367,175,108,195,124,185,116,130294
413,130368,201,275,221,295,211,285,130295
413,130369,67,20,81,40,74,30,130296
413,130370,31,273,46,298,38,285,130297
413,130371,617,332,639,355,628,343,130298
413,130372,596,340,618,358,607,349,130299
413,130373,583,10,607,22,595,16,130300
413,130374,565,350,591,359,578,354,130301
413,130375,577,316,601,333,589,324,130302
413,130376,513,25,531,33,522,29,130303
413,130377,384,10,399,27,391,18,130304
413,130378,557,330,591,349,574,339,
413,130379,408,295,431,315,419,305,
414,130380,444,0,533,73,488,36,130305
414,130381,539,247,571,273,555,260,130306
414,130382,596,234,621,263,608,248,130307
414,130383,468,183,490,226,479,204,130308
414,130384,597,127,623,165,610,146,130309
414,130385,266,0,345,50,305,25,130310
414,130386,381,121,403,157,392,139,130311
414,130387,528,70,558,96,543,83,130312
414,130388,417,114,441,145,429,129,130313
414,130389,60,164,79,185,69,174,130314
414,130390,543,207,578,230,560,218,130315
414,130391,98,169,116,200,107,184,130316
414,130392,362,20,385,66,373,43,130317
414,130393,438,45,468,71,453,58,130318
414,130394,208,316,231,346,219,331,130319
414,130395,395,273,420,296,407,284,130320
414,130396,300,52,322,84,311,68,130321
414,130397,247,52,267,77,257,64,130322
414,130398,610,0,636,21,623,10,130323
414,130399,278,290,302,312,290,301,130324
414,130400,271,75,291,105,281,90,130325
414,130401,502,28,523,57,512,42,130326
414,130402,573,69,609,97,591,83,130327
414,130403,261,178,281,210,271,194,130328
414,130404,425,15,454,30,439,22,130329
414,130405,396,13,415,36,405,24,130330
414,130406,611,47,637,74,624,60,130331
414,130407,293,228,314,257,303,242,130332
414,130408,118,89,137,114,127,101,130333
414,130409,404,27,426,50,415,38,130334
414,130410,233,84,256,107,244,95,130335
414,130411,35,120,54,142,44,131,130336
414,130412,72,129,88,156,80,142,130337
414,130413,57,97,80,123,68,110,130338
414,130414,229,50,249,74,239,62,130339
414,130415,201,13,220,33,210,23,130340
414,130416,211,24,237,45,224,34,130341
414,130417,37,158,55,177,46,167,130342
414,130418,40,88,56,115,48,101,130343
414,130419,486,254,512,277,499,265,130344
414,130420,61,344,76,360,68,352,130345
414,130421,280,16,303,37,291,26,130346
414,130422,323,3,339,21,331,12,130347
414,130423,126,0,187,23,156,11,130348
414,130424,52,18,67,52,59,35,130349
414,130425,132,0,151,13,141,6,130350
414,130426,164,0,178,5,171,2,130351
414,130427,328,245,350,266,339,255,130352
414,130428,217,0,228,7,222,3,130353
414,130429,184,82,209,103,196,92,130354
414,130430,195,56,212,82,203,69,130355
414,130431,331,266,362,283,346,274,130356
414,130432,313,128,336,152,324,140,130357
414,130433,306,98,334,120,320,109,130358
414,130434,543,0,568,11,555,5,130359
414,130435,377,280,396,295,386,287,130360
414,130436,535,155,564,179,549,167,130361
414,130437,347,59,369,83,358,71,130362
414,130438,613,75,636,107,624,91,130363
414,130439,28,244,42,262,35,253,130364
414,130440,126,332,141,355,133,343,130365
414,130441,37,227,58,245,47,236,130366
414,130442,176,108,196,124,186,116,130367
414,130443,201,275,221,295,211,285,130368
414,130444,67,20,81,40,74,30,130369
414,130445,31,273,46,297,38,285,130370
414,130446,617,332,639,355,628,343,130371
414,130447,596,340,618,358,607,349,130372
414,130448,583,10,607,22,595,16,130373
414,130449,565,350,591,359,578,354,130374
414,130450,577,315,601,333,589,324,130375
414,130451,513,25,531,33,522,29,130376
414,130452,384,9,399,27,391,18,130377
414,130453,557,330,591,349,574,339,130378
414,130454,408,295,431,315,419,305,130379
415,130455,444,0,533,73,488,36,130380
415,130456,539,247,571,273,555,260,130381
415,130457,596,234,621,263,608,248,130382
415,130458,468,183,490,226,479,204,130383
415,130459,597,127,623,165,610,146,130384
415,130460,266,0,345,50,305,25,130385
415,130461,381,121,403,157,392,139,130386
415,130462,528,70,558,96,543,83,130387
415,130463,417,114,441,145,429,129,130388
415,130464,60,164,79,185,69,174,130389
415,130465,543,207,578,230,560,218,130390
415,130466,98,169,117,200,107,184,130391
415,130467,363,20,385,66,374,43,130392
415,130468,438,45,468,71,453,58,130393
415,130469,208,316,231,346,219,331,130394
415,130470,395,273,420,296,407,284,130395
415,130471,300,52,321,84,310,68,130396
415,130472,247,52,267,77,257,64,130397
415,130473,610,0,636,21,623,10,130398
415,130474,278,290,302,312,290,301,130399
415,130475,271,75,291,105,281,90,130400
415,130476,502,28,523,57,512,42,130401
415,130477,573,69,609,97,591,83,130402
415,130478,261,178,281,210,271,194,130403
415,130479,425,15,454,30,439,22,130404
415,130480,396,13,415,36,405,24,130405
415,130481,611,47,637,74,624,60,130406
415,130482,293,228,314,257,303,242,130407
415,130483,118,89,137,114,127,101,130408
415,130484,404,27,426,50,415,38,130409
415,130485,233,84,256,107,244,95,130410
415,130486,35,120,54,142,44,131,130411
415,130487,72,129,88,156,80,142,130412
415,130488,57,97,80,123,68,110,130413
415,130489,229,50,249,74,239,62,130414
415,130490,201,13,220,33,210,23,130415
415,130491,211,23,237,45,224,34,130416
415,130492,37,158,55,177,46,167,130417
415,130493,40,88,56,115,48,101,130418
415,130494,486,254,512,277,499,265,130419
415,130495,61,344,76,360,68,352,130420
415,130496,280,16,303,37,291,26,130421
415,130497,323,3,339,21,331,12,130422
415,130498,126,0,187,23,156,11,130423
415,130499,52,18,67,52,59,35,130424
415,130500,132,0,151,13,141,6,130425
415,130501,164,0,178,5,171,2,130426
415,130502,328,245,350,266,339,255,130427
415,130503,217,0,228,7,222,3,130428
415,130504,184,82,208,103,196,92,130429
415,130505,195,56,212,82,203,69,130430
415,130506,331,266,361,283,346,274,130431
415,130507,313,128,336,152,324,140,130432
415,130508,306,98,334,120,320,109,130433
415,130509,543,0,568,11,555,5,130434
415,130510,377,280,396,295,386,287,130435
415,130511,535,155,564,179,549,167,130436
415,130512,347,59,370,83,358,71,130437
415,130513,613,75,636,107,624,91,130438
415,130514,28,244,42,262,35,253,130439
415,130515,126,333,141,355,133,344,130440
415,130516,37,227,58,245,47,236,130441
415,130517,176,107,198,124,187,115,130442
415,130518,201,275,221,295,211,285,130443
415,130519,67,20,81,40,74,30,130444
415,130520,31,273,46,298,38,285,130445
415,130521,617,332,639,355,628,343,130446
415,130522,596,340,618,358,607,349,130447
415,130523,583,10,607,22,595,16,130448
415,130524,565,350,593,359,579,354,130449
415,130525,577,315,601,333,589,324,130450
415,130526,513,24,531,33,522,28,130451
415,130527,384,9,399,27,391,18,130452
415,130528,557,331,591,349,574,340,130453
415,130529,343,289,381,315,362,302,
416,130530,444,0,533,73,488,36,130455
416,130531,540,247,571,273,555,260,130456
416,130532,596,234,621,263,608,248,130457
416,130533,468,183,490,227,479,205,130458
416,130534,597,127,623,165,610,146,130459
416,130535,266,0,345,50,305,25,130460
416,130536,381,121,403,157,392,139,130461
416,130537,528,70,558,96,543,83,130462
416,130538,417,114,441,145,429,129,130463
416,130539,60,164,79,185,69,174,130464
416,130540,543,207,578,230,560,218,130465
416,130541,98,169,117,200,107,184,130466
416,130542,363,20,384,67,373,43,130467
416,130543,438,45,468,71,453,58,130468
416,130544,208,316,231,346,219,331,130469
416,130545,395,273,420,296,407,284,130470
416,130546,300,52,321,84,310,68,130471
416,130547,247,52,267,77,257,64,130472
416,130548,610,0,636,21,623,10,130473
416,130549,278,290,302,312,290,301,130474
416,130550,271,75,291,105,281,90,130475
416,130551,502,27,523,57,512,42,130476
416,130552,573,69,609,97,591,83,130477
416,130553,261,178,281,210,271,194,130478
416,130554,425,15,454,30,439,22,130479
416,130555,397,12,416,36,406,24,130480
416,130556,611,47,637,74,624,60,130481
416,130557,293,228,314,257,303,242,130482
416,130558,118,89,137,114,127,101,130483
416,130559,404,27,426,50,415,38,130484
416,130560,233,84,256,107,244,95,130485
416,130561,35,120,54,142,44,131,130486
416,130562,72,129,88,156,80,142,130487
416,130563,57,97,80,123,68,110,130488
416,130564,229,50,249,74,239,62,130489
416,130565,201,13,220,33,210,23,130490
416,130566,211,23,237,45,224,34,130491
416,130567,38,158,55,177,46,167,130492
416,130568,40,88,56,115,48,101,130493
416,130569,486,254,512,277,499,265,130494
416,130570,62,347,76,359,69,353,130495
416,130571,280,16,304,37,292,26,130496
416,130572,323,3,339,21,331,12,130497
416,130573,126,0,187,23,156,11,130498
416,130574,53,18,67,52,60,35,130499
416,130575,132,0,151,13,141,6,130500
416,130576,164,0,178,5,171,2,130501
416,130577,328,245,350,266,339,255,130502
416,130578,217,0,228,7,222,3,130503
416,130579,184,82,208,103,196,92,130504
416,130580,195,56,212,82,203,69,130505
416,130581,331,266,360,283,345,274,130506
416,130582,313,128,336,152,324,140,130507
416,130583,306,98,334,120,320,109,130508
416,130584,542,0,568,11,555,5,130509
416,130585,377,280,396,296,386,288,130510
416,130586,536,156,564,180,550,168,130511
416,130587,347,59,370,84,358,71,130512
416,130588,613,75,636,107,624,91,130513
416,130589,28,244,42,262,35,253,130514
416,130590,126,334,141,357,133,345,130515
416,130591,37,227,58,245,47,236,130516
416,130592,176,107,199,123,187,115,130517
416,130593,201,275,221,295,211,285,130518
416,130594,67,20,81,40,74,30,130519
416,130595,31,273,46,298,38,285,130520
416,130596,618,332,639,356,628,344,130521
416,130597,596,340,618,358,607,349,130522
416,130598,583,10,607,22,595,16,130523
416,130599,564,350,594,359,579,354,130524
416,130600,577,315,602,333,589,324,130525
416,130601,514,24,531,33,522,28,130526
416,130602,384,9,400,27,392,18,130527
416,130603,557,330,591,348,574,339,130528
416,130604,343,289,381,315,362,302,130529
417,130605,444,0,533,73,488,36,130530
417,130606,540,247,571,273,555,260,130531
417,130607,596,234,621,263,608,248,130532
417,130608,468,183,490,227,479,205,130533
417,130609,597,127,623,165,610,146,130534
417,130610,266,0,345,50,305,25,130535
417,130611,381,121,403,157,392,139,130536
417,130612,528,70,558,96,543,83,130537
417,130613,417,114,441,145,429,129,130538
417,130614,60,164,79,185,69,174,130539
417,130615,543,206,578,230,560,218,130540
417,130616,98,169,117,199,107,184,130541
417,130617,362,20,384,67,373,43,130542
417,130618,438,45,467,71,452,58,130543
417,130619,208,316,231,346,219,331,130544
417,130620,395,273,420,296,407,284,130545
417,130621,300,52,321,84,310,68,130546
417,130622,247,52,267,77,257,64,130547
417,130623,610,0,636,21,623,10,130548
417,130624,278,290,302,312,290,301,130549
417,130625,271,75,291,105,281,90,130550
417,130626,502,27,523,57,512,42,130551
417,130627,573,69,609,98,591,83,130552
417,130628,261,178,281,210,271,194,130553
417,130629,426,15,454,30,440,22,130554
417,130630,397,12,417,36,407,24,130555
417,130631,611,47,637,74,624,60,130556
417,130632,293,228,314,257,303,242,130557
417,130633,118,89,137,114,127,101,130558
417,130634,404,28,427,50,415,39,130559
417,130635,233,84,256,107,244,95,130560
417,130636,35,120,54,142,44,131,130561
417,130637,72,129,88,156,80,142,130562
417,130638,57,97,80,123,68,110,130563
417,130639,229,50,249,74,239,62,130564
417,130640,201,13,220,33,210,23,130565
417,130641,211,23,237,45,224,34,130566
417,130642,37,158,55,177,46,167,130567
417,130643,40,88,56,114,48,101,130568
417,130644,486,254,512,277,499,265,130569
417,130645,61,350,76,359,68,354,130570
417,130646,280,16,304,37,292,26,130571
417,130647,323,3,339,21,331,12,130572
417,130648,126,0,187,23,156,11,130573
417,130649,53,18,67,52,60,35,130574
417,130650,132,0,151,13,141,6,130575
417,130651,164,0,177,5,170,2,130576
417,130652,328,245,350,266,339,255,130577
417,130653,217,0,228,7,222,3,130578
417,130654,184,82,208,103,196,92,130579
417,130655,195,56,212,83,203,69,130580
417,130656,330,266,360,284,345,275,130581
417,130657,313,128,336,152,324,140,130582
417,130658,306,98,334,120,320,109,130583
417,130659,542,0,568,11,555,5,130584
417,130660,377,280,396,296,386,288,130585
417,130661,537,156,563,181,550,168,130586
417,130662,347,60,370,84,358,72,130587
417,130663,613,75,636,107,624,91,130588
417,130664,28,244,42,262,35,253,130589
417,130665,125,336,141,359,133,347,130590
417,130666,37,227,58,245,47,236,130591
417,130667,177,107,199,123,188,115,130592
417,130668,201,275,221,295,211,285,130593
417,130669,67,20,81,40,74,30,130594
417,130670,31,273,46,298,38,285,130595
417,130671,618,332,639,356,628,344,130596
417,130672,596,340,618,358,607,349,130597
417,130673,583,10,607,22,595,16,130598
417,130674,564,350,594,359,579,354,130599
417,130675,577,316,602,333,589,324,130600
417,130676,514,24,531,33,522,28,130601
417,130677,384,9,400,27,392,18,130602
417,130678,556,331,588,348,572,339,130603
417,130679,343,289,381,315,362,302,130604
417,130680,80,201,96,218,88,209,
418,130681,444,0,533,73,488,36,130605
418,130682,540,247,571,273,555,260,130606
418,130683,596,234,621,263,608,248,130607
418,130684,468,183,490,227,479,205,130608
418,130685,597,127,623,165,610,146,130609
418,130686,266,0,345,50,305,25,130610
418,130687,381,121,403,157,392,139,130611
418,130688,528,70,558,96,543,83,130612
418,130689,417,114,441,145,429,129,130613
418,130690,60,164,79,185,69,174,130614
418,130691,543,206,578,230,560,218,130615
418,130692,98,169,117,200,107,184,130616
418,130693,362,20,384,68,373,44,130617
418,130694,438,45,466,71,452,58,130618
418,130695,208,316,231,346,219,331,130619
418,130696,395,274,420,296,407,285,130620
418,130697,300,52,321,84,310,68,130621
418,130698,247,52,267,77,257,64,130622
418,130699,610,0,637,21,623,10,130623
418,130700,278,290,302,312,290,301,130624
418,130701,271,75,291,105,281,90,130625
418,130702,502,28,523,57,512,42,130626
418,130703,573,69,609,98,591,83,130627
418,130704,261,178,281,210,271,194,130628
418,130705,426,15,455,30,440,22,130629
418,130706,398,12,417,36,407,24,130630
418,130707,611,47,637,74,624,60,130631
418,130708,293,228,314,257,303,242,130632
418,130709,118,89,137,114,127,101,130633
418,130710,405,29,427,50,416,39,130634
418,130711,233,84,256,107,244,95,130635
418,130712,35,120,54,142,44,131,130636
418,130713,72,129,88,156,80,142,130637
418,130714,57,97,80,123,68,110,130638
418,130715,229,50,249,74,239,62,130639
418,130716,201,13,220,33,210,23,130640
418,130717,211,23,237,45,224,34,130641
418,130718,38,158,55,177,46,167,130642
418,130719,40,88,56,114,48,101,130643
418,130720,486,254,512,277,499,265,130644
418,130721,280,16,304,37,292,26,130646
418,130722,323,3,339,21,331,12,130647
418,130723,126,0,187,23,156,11,130648
418,130724,52,18,67,52,59,35,130649
418,130725,132,0,151,13,141,6,130650
418,130726,164,0,177,5,170,2,130651
418,130727,328,245,350,266,339,255,130652
418,130728,217,0,228,7,222,3,130653
418,130729,185,82,208,103,196,92,130654
418,130730,195,56,212,83,203,69,130655
418,130731,330,266,360,284,345,275,130656
418,130732,313,128,336,152,324,140,130657
418,130733,306,98,334,120,320,109,130658
418,130734,542,0,568,11,555,5,130659
418,130735,377,280,396,296,386,288,130660
418,130736,538,157,563,182,550,169,130661
418,130737,347,60,370,84,358,72,130662
418,130738,613,75,636,107,624,91,130663
418,130739,28,244,42,262,35,253,130664
418,130740,125,338,141,359,133,348,130665
418,130741,37,227,58,245,47,236,130666
418,130742,178,107,199,123,188,115,130667
418,130743,201,275,221,295,211,285,130668
418,130744,67,20,81,40,74,30,130669
418,130745,31,273,46,298,38,285,130670
418,130746,618,332,639,355,628,343,130671
418,130747,596,340,618,358,607,349,130672
418,130748,583,10,607,22,595,16,130673
418,130749,563,351,593,359,578,355,130674
418,130750,578,317,602,333,590,325,130675
418,130751,384,9,400,27,392,18,130677
418,130752,554,331,586,348,570,339,130678
418,130753,81,200,97,217,89,208,130680
419,130754,444,0,532,73,488,36,130681
419,130755,540,247,571,273,555,260,130682
419,130756,596,234,621,263,608,248,130683
419,130757,468,183,490,228,479,205,130684
419,130758,597,127,623,165,610,146,130685
419,130759,266,0,345,50,305,25,130686
419,130760,381,121,403,157,392,139,130687
419,130761,528,70,558,96,543,83,130688
419,130762,417,114,441,145,429,129,130689
419,130763,60,164,79,185,69,174,130690
419,130764,543,206,578,230,560,218,130691
419,130765,99,168,117,199,108,183,130692
419,130766,362,20,384,68,373,44,130693
419,130767,438,45,465,72,451,58,130694
419,130768,208,316,231,346,219,331,130695
419,130769,395,274,420,296,407,285,130696
419,130770,300,52,321,84,310,68,130697
419,130771,247,52,267,77,257,64,130698
419,130772,610,0,637,21,623,10,130699
419,130773,278,290,302,312,290,301,130700
419,130774,271,75,291,105,281,90,130701
419,130775,502,28,522,57,512,42,130702
419,130776,573,69,609,98,591,83,130703
419,130777,261,178,281,210,271,194,130704
419,130778,426,15,455,30,440,22,130705
419,130779,398,12,418,36,408,24,130706
419,130780,611,47,637,74,624,60,130707
419,130781,293,228,314,257,303,242,130708
419,130782,118,89,137,114,127,101,130709
419,130783,405,29,427,50,416,39,130710
419,130784,232,84,256,107,244,95,130711
419,130785,35,121,54,142,44,131,130712
419,130786,72,129,88,156,80,142,130713
419,130787,57,97,80,123,68,110,130714
419,130788,229,50,249,74,239,62,130715
419,130789,201,13,220,33,210,23,130716
419,130790,212,23,237,45,224,34,130717
419,130791,37,158,55,177,46,167,130718
419,130792,40,88,56,114,48,101,130719
419,130793,486,254,512,277,499,265,130720
419,130794,280,16,304,37,292,26,130721
419,130795,323,3,339,21,331,12,130722
419,130796,126,0,187,23,156,11,130723
419,130797,52,18,67,52,59,35,130724
419,130798,132,0,151,13,141,6,130725
419,130799,164,0,178,5,171,2,130726
419,130800,328,245,350,266,339,255,130727
419,130801,217,0,228,7,222,3,130728
419,130802,185,82,208,103,196,92,130729
419,130803,195,56,212,83,203,69,130730
419,130804,330,267,359,285,344,276,130731
419,130805,313,128,336,152,324,140,130732
419,130806,306,98,334,120,320,109,130733
419,130807,542,0,568,11,555,5,130734
419,130808,377,280,396,296,386,288,130735
419,130809,538,158,564,183,551,170,130736
419,130810,347,60,370,84,358,72,130737
419,130811,613,75,636,107,624,91,130738
419,130812,28,244,42,262,35,253,130739
419,130813,126,340,141,359,133,349,130740
419,130814,37,227,58,245,47,236,130741
419,130815,178,107,199,123,188,115,130742
419,130816,201,275,221,295,211,285,130743
419,130817,67,20,81,40,74,30,130744
419,130818,31,273,46,298,38,285,130745
419,130819,618,331,638,355,628,343,130746
419,130820,596,340,618,358,607,349,130747
419,130821,583,10,607,22,595,16,130748
419,130822,563,351,591,359,577,355,130749
419,130823,578,317,603,333,590,325,130750
419,130824,384,9,400,27,392,18,130751
419,130825,552,332,584,349,568,340,130752
419,130826,83,200,98,216,90,208,130753
419,130827,343,289,381,315,362,302,
420,130828,444,0,532,73,488,36,130754
420,130829,540,247,571,273,555,260,130755
420,130830,596,234,621,263,608,248,130756
420,130831,468,183,490,228,479,205,130757
420,130832,597,127,623,165,610,146,130758
420,130833,266,0,346,50,306,25,130759
420,130834,381,121,403,157,392,139,130760
420,130835,528,70,558,96,543,83,130761
420,130836,417,114,441,145,429,129,130762
420,130837,60,164,79,185,69,174,130763
420,130838,543,206,578,230,560,218,130764
420,130839,99,168,117,199,108,183,130765
420,130840,362,20,384,68,373,44,130766
420,130841,438,45,465,72,451,58,130767
420,130842,208,316,231,346,219,331,130768
420,130843,395,274,420,297,407,285,130769
420,130844,300,52,321,84,310,68,130770
420,130845,247,52,267,77,257,64,130771
420,130846,610,0,637,21,623,10,130772
420,130847,278,290,302,312,290,301,130773
420,130848,271,75,291,105,281,90,130774
420,130849,502,28,522,57,512,42,130775
420,130850,573,69,609,97,591,83,130776
420,130851,261,178,281,210,271,194,130777
420,130852,426,15,455,30,440,22,130778
420,130853,398,12,418,36,408,24,130779
420,130854,612,47,637,74,624,60,130780
420,130855,293,228,314,257,303,242,130781
420,130856,118,89,137,114,127,101,130782
420,130857,405,30,427,50,416,40,130783
420,130858,232,84,256,107,244,95,130784
420,130859,35,120,54,142,44,131,130785
420,130860,72,129,88,156,80,142,130786
420,130861,57,97,80,123,68,110,130787
420,130862,229,50,249,74,239,62,130788
420,130863,201,13,220,33,210,23,130789
420,130864,212,23,237,45,224,34,130790
420,130865,37,158,55,177,46,167,130791
420,130866,40,88,56,114,48,101,130792
420,130867,486,254,512,277,499,265,130793
420,130868,280,16,304,37,292,26,130794
420,130869,323,3,339,21,331,12,130795
420,130870,126,0,187,23,156,11,130796
420,130871,52,18,67,52,59,35,130797
420,130872,132,0,151,13,141,6,130798
420,130873,164,0,178,5,171,2,130799
420,130874,328,244,350,266,339,255,130800
420,130875,217,0,228,7,222,3,130801
420,130876,185,82,208,103,196,92,130802
420,130877,195,56,212,83,203,69,130803
420,130878,330,267,359,285,344,276,130804
420,130879,313,128,336,152,324,140,130805
420,130880,306,98,334,120,320,109,130806
420,130881,542,0,568,11,555,5,130807
420,130882,377,280,396,296,386,288,130808
420,130883,538,159,564,184,551,171,130809
420,130884,347,60,370,84,358,72,130810
420,130885,613,75,636,107,624,91,130811
420,130886,28,244,42,262,35,253,130812
420,130887,126,340,141,359,133,349,130813
420,130888,37,227,58,245,47,236,130814
420,130889,179,107,199,123,189,115,130815
420,130890,201,275,221,295,211,285,130816
420,130891,67,20,81,40,74,30,130817
420,130892,31,273,46,298,38,285,130818
420,130893,618,331,638,355,628,343,130819
420,130894,596,340,618,358,607,349,130820
420,130895,583,10,607,21,595,15,130821
420,130896,563,351,591,359,577,355,130822
420,130897,579,317,603,333,591,325,130823
420,130898,384,9,400,27,392,18,130824
420,130899,552,332,583,349,567,340,130825
420,130900,83,200,98,216,90,208,130826
420,130901,343,289,381,315,362,302,130827
421,130902,444,0,532,73,488,36,130828
421,130903,539,247,571,274,555,260,130829
421,130904,596,234,621,263,608,248,130830
421,130905,468,183,490,226,479,204,130831
421,130906,597,127,623,165,610,146,130832
421,130907,266,0,346,50,306,25,130833
421,130908,381,121,403,157,392,139,130834
421,130909,528,70,558,96,543,83,130835
421,130910,417,114,441,145,429,129,130836
421,130911,60,164,79,185,69,174,130837
421,130912,543,206,578,231,560,218,130838
421,130913,99,168,116,199,107,183,130839
421,130914,362,20,384,68,373,44,130840
421,130915,438,45,463,72,450,58,130841
421,130916,208,316,231,346,219,331,130842
421,130917,395,274,420,296,407,285,130843
421,130918,300,52,321,84,310,68,130844
421,130919,246,52,267,77,256,64,130845
421,130920,610,0,637,21,623,10,130846
421,130921,278,290,302,312,290,301,130847
421,130922,271,75,291,105,281,90,130848
421,130923,502,28,522,57,512,42,130849
421,130924,573,69,609,97,591,83,130850
421,130925,261,178,281,210,271,194,130851
421,130926,426,15,455,30,440,22,130852
421,130927,398,12,418,36,408,24,130853
421,130928,611,47,637,74,624,60,130854
421,130929,293,228,314,257,303,242,130855
421,130930,118,89,137,114,127,101,130856
421,130931,405,30,427,50,416,40,130857
421,130932,232,84,256,107,244,95,130858
421,130933,35,120,54,142,44,131,130859
421,130934,72,129,88,156,80,142,130860
421,130935,57,97,80,123,68,110,130861
421,130936,229,50,249,74,239,62,130862
421,130937,201,13,220,34,210,23,130863
421,130938,212,24,237,45,224,34,130864
421,130939,37,158,55,177,46,167,130865
421,130940,40,88,56,115,48,101,130866
421,130941,486,254,512,277,499,265,130867
421,130942,280,16,304,37,292,26,130868
421,130943,323,3,339,21,331,12,130869
421,130944,126,0,187,23,156,11,130870
421,130945,52,18,67,52,59,35,130871
421,130946,132,0,151,13,141,6,130872
421,130947,164,0,177,5,170,2,130873
421,130948,328,244,350,266,339,255,130874
421,130949,217,0,228,7,222,3,130875
421,130950,185,82,208,103,196,92,130876
421,130951,195,56,212,83,203,69,130877
421,130952,331,268,360,286,345,277,130878
421,130953,313,128,336,152,324,140,130879
421,130954,306,98,334,120,320,109,130880
421,130955,542,0,568,11,555,5,130881
421,130956,377,279,396,296,386,287,130882
421,130957,538,160,565,185,551,172,130883
421,130958,347,60,370,84,358,72,130884
421,130959,613,75,636,107,624,91,130885
421,130960,28,244,42,262,35,253,130886
421,130961,126,340,141,359,133,349,130887
421,130962,37,227,58,245,47,236,130888
421,130963,179,107,199,123,189,115,130889
421,130964,201,275,221,295,211,285,130890
421,130965,67,20,81,40,74,30,130891
421,130966,31,273,47,298,39,285,130892
421,130967,617,331,638,355,627,343,130893
421,130968,596,340,618,358,607,349,130894
421,130969,583,10,607,21,595,15,130895
421,130970,562,351,593,359,577,355,130896
421,130971,578,318,603,333,590,325,130897
421,130972,384,9,400,27,392,18,130898
421,130973,85,199,100,215,92,207,130900
421,130974,343,288,381,315,362,301,130901
422,130975,444,0,532,73,488,36,130902
422,130976,539,247,571,274,555,260,130903
422,130977,596,234,621,263,608,248,130904
422,130978,468,183,490,225,479,204,130905
422,130979,597,127,623,165,610,146,130906
422,130980,267,0,346,50,306,25,130907
422,130981,381,121,403,157,392,139,130908
422,130982,528,70,558,96,543,83,130909
422,130983,417,114,441,145,429,129,130910
422,130984,60,164,79,185,69,174,130911
422,130985,543,206,578,231,560,218,130912
422,130986,99,168,116,199,107,183,130913
422,130987,362,20,384,68,373,44,130914
422,130988,437,45,463,72,450,58,130915
422,130989,208,316,231,346,219,331,130916
422,130990,395,274,420,296,407,285,130917
422,130991,300,52,321,84,310,68,130918
422,130992,246,52,267,78,256,65,130919
422,130993,610,0,636,21,623,10,130920
422,130994,278,290,302,312,290,301,130921
422,130995,271,75,291,105,281,90,130922
422,130996,503,28,522,57,512,42,130923
422,130997,573,69,609,97,591,83,130924
422,130998,261,178,281,210,271,194,130925
422,130999,426,15,455,30,440,22,130926
422,131000,398,12,418,36,408,24,130927
422,131001,611,47,637,74,624,60,130928
422,131002,293,228,314,257,303,242,130929
422,131003,118,89,137,114,127,101,130930
422,131004,405,30,428,50,416,40,130931
422,131005,232,84,256,107,244,95,130932
422,131006,35,120,54,142,44,131,130933
422,131007,72,129,88,156,80,142,130934
422,131008,57,97,80,123,68,110,130935
422,131009,229,50,249,74,239,62,130936
422,131010,201,13,220,34,210,23,130937
422,131011,212,24,237,45,224,34,130938
422,131012,37,158,55,177,46,167,130939
422,131013,40,87,56,115,48,101,130940
422,131014,486,254,512,277,499,265,130941
422,131015,280,16,304,37,292,26,130942
422,131016,323,3,339,21,331,12,130943
422,131017,126,0,187,23,156,11,130944
422,131018,53,18,67,52,60,35,130945
422,131019,132,0,151,13,141,6,130946
422,131020,164,0,177,5,170,2,130947
422,131021,328,244,350,266,339,255,130948
422,131022,217,0,228,7,222,3,130949
422,131023,185,82,208,103,196,92,130950
422,131024,195,56,212,83,203,69,130951
422,131025,331,268,359,287,345,277,130952
422,131026,313,128,336,152,324,140,130953
422,131027,306,98,334,120,320,109,130954
422,131028,541,0,568,11,554,5,130955
422,131029,377,279,396,296,386,287,130956
422,131030,538,163,565,186,551,174,130957
422,131031,348,60,371,84,359,72,130958
422,131032,613,75,636,107,624,91,130959
422,131033,28,244,42,262,35,253,130960
422,131034,126,341,142,359,134,350,130961
422,131035,37,226,58,245,47,235,130962
422,131036,181,107,200,124,190,115,130963
422,131037,201,275,221,295,211,285,130964
422,131038,67,20,81,40,74,30,130965
422,131039,31,273,47,298,39,285,130966
422,131040,618,331,638,355,628,343,130967
422,131041,595,340,618,358,606,349,130968
422,131042,583,10,607,21,595,15,130969
422,131043,562,351,594,359,578,355,130970
422,131044,578,319,603,333,590,326,130971
422,131045,384,9,400,27,392,18,130972
422,131046,86,199,100,216,93,207,130973
422,131047,342,288,381,315,361,301,130974
422,131048,514,23,531,33,522,28,
422,131049,546,333,579,350,562,341,
423,131050,444,0,532,73,488,36,130975
423,131051,539,247,571,274,555,260,130976
423,131052,596,234,621,263,608,248,130977
423,131053,468,183,490,224,479,203,130978
423,131054,597,127,623,165,610,146,130979
423,131055,267,0,346,50,306,25,130980
423,131056,381,121,403,157,392,139,130981
423,131057,528,70,558,96,543,83,130982
423,131058,417,114,441,145,429,129,130983
423,131059,60,164,79,185,69,174,130984
423,131060,543,206,578,231,560,218,130985
423,131061,99,168,116,199,107,183,130986
423,131062,362,20,384,68,373,44,130987
423,131063,437,45,463,72,450,58,130988
423,131064,208,316,231,346,219,331,130989
423,131065,395,274,420,296,407,285,130990
423,131066,300,52,321,84,310,68,130991
423,131067,246,52,267,78,256,65,130992
423,131068,610,0,636,21,623,10,130993
423,131069,278,290,302,312,290,301,130994
423,131070,271,75,291,105,281,90,130995
423,131071,502,28,522,57,512,42,130996
423,131072,573,69,609,97,591,83,130997
423,131073,261,178,281,210,271,194,130998
423,131074,426,15,455,30,440,22,130999
423,131075,398,12,418,36,408,24,131000
423,131076,611,47,637,74,624,60,131001
423,131077,293,228,314,257,303,242,131002
423,131078,119,89,137,114,128,101,131003
423,131079,405,30,428,50,416,40,131004
423,131080,232,84,256,107,244,95,131005
423,131081,35,120,54,142,44,131,131006
423,131082,72,129,88,156,80,142,131007
423,131083,57,97,80,123,68,110,131008
423,131084,229,50,249,74,239,62,131009
423,131085,201,13,220,34,210,23,131010
423,131086,212,24,237,45,224,34,131011
423,131087,37,158,55,177,46,167,131012
423,131088,40,87,56,115,48,101,131013
423,131089,486,254,512,277,499,265,131014
423,131090,280,16,304,37,292,26,131015
423,131091,323,3,339,21,331,12,131016
423,131092,126,0,187,23,156,11,131017
423,131093,53,18,67,52,60,35,131018
423,131094,132,0,151,13,141,6,131019
423,131095,164,0,177,5,170,2,131020
423,131096,328,244,350,266,339,255,131021
423,131097,217,0,228,7,222,3,131022
423,131098,185,82,208,103,196,92,131023
423,131099,195,56,212,83,203,69,131024
423,131100,332,269,359,287,345,278,131025
423,131101,313,128,336,152,324,140,131026
423,131102,306,98,334,120,320,109,131027
423,131103,541,0,568,11,554,5,131028
423,131104,377,279,396,296,386,287,131029
423,131105,539,164,566,187,552,175,131030
423,131106,348,60,371,84,359,72,131031
423,131107,613,75,636,107,624,91,131032
423,131108,28,244,42,262,35,253,131033
423,131109,126,342,142,359,134,350,131034
423,131110,37,226,58,245,47,235,131035
423,131111,182,107,201,124,191,115,131036
423,131112,201,275,222,295,211,285,131037
423,131113,67,20,81,40,74,30,131038
423,131114,31,273,47,298,39,285,131039
423,131115,618,331,638,355,628,343,131040
423,131116,595,340,618,358,606,349,131041
423,131117,583,10,607,21,595,15,131042
423,131118,563,351,594,359,578,355,131043
423,131119,578,319,602,332,590,325,131044
423,131120,384,9,400,27,392,18,131045
423,131121,88,200,103,217,95,208,131046
423,131122,342,288,381,315,361,301,131047
423,131123,514,23,531,33,522,28,131048
423,131124,544,332,578,350,561,341,131049
424,131125,444,0,532,73,488,36,131050
424,131126,539,247,571,274,555,260,131051
424,131127,596,234,621,263,608,248,131052
424,131128,468,183,490,224,479,203,131053
424,131129,597,127,623,165,610,146,131054
424,131130,267,0,346,50,306,25,131055
424,131131,381,121,403,157,392,139,131056
424,131132,528,70,558,95,543,82,131057
424,131133,417,114,441,145,429,129,131058
424,131134,60,164,79,185,69,174,131059
424,131135,543,206,578,230,560,218,131060
424,131136,98,168,116,199,107,183,131061
424,131137,362,20,384,67,373,43,131062
424,131138,437,45,463,72,450,58,131063
424,131139,208,316,231,346,219,331,131064
424,131140,395,274,420,295,407,284,131065
424,131141,300,52,321,84,310,68,131066
424,131142,246,52,267,78,256,65,131067
424,131143,610,0,636,21,623,10,131068
424,131144,278,290,302,312,290,301,131069
424,131145,271,75,291,105,281,90,131070
424,131146,502,29,522,57,512,43,131071
424,131147,573,69,609,97,591,83,131072
424,131148,261,178,281,210,271,194,131073
424,131149,427,15,455,30,441,22,131074
424,131150,398,12,418,36,408,24,131075
424,131151,611,47,637,74,624,60,131076
424,131152,293,228,314,257,303,242,131077
424,131153,119,89,137,115,128,102,131078
424,131154,405,30,428,50,416,40,131079
424,131155,232,84,256,107,244,95,131080
424,131156,35,120,54,142,44,131,131081
424,131157,72,129,88,156,80,142,131082
424,131158,57,97,80,123,68,110,131083
424,131159,229,50,249,74,239,62,131084
424,131160,201,13,220,34,210,23,131085
424,131161,212,24,237,45,224,34,131086
424,131162,37,158,55,177,46,167,131087
424,131163,40,87,56,115,48,101,131088
424,131164,486,254,512,277,499,265,131089
424,131165,280,16,304,37,292,26,131090
424,131166,323,3,339,21,331,12,131091
424,131167,126,0,187,23,156,11,131092
424,131168,53,18,67,52,60,35,131093
424,131169,132,0,151,13,141,6,131094
424,131170,164,0,177,5,170,2,131095
424,131171,328,244,350,266,339,255,131096
424,131172,217,0,228,7,222,3,131097
424,131173,185,82,208,103,196,92,131098
424,131174,195,56,212,83,203,69,131099
424,131175,332,269,358,287,345,278,131100
424,131176,313,128,336,152,324,140,131101
424,131177,306,98,334,120,320,109,131102
424,131178,541,0,568,11,554,5,131103
424,131179,377,279,396,296,386,287,131104
424,131180,539,164,566,187,552,175,131105
424,131181,348,60,371,84,359,72,131106
424,131182,613,75,636,107,624,91,131107
424,131183,28,244,42,262,35,253,131108
424,131184,126,343,142,359,134,351,131109
424,131185,37,226,58,245,47,235,131110
424,131186,183,107,202,125,192,116,131111
424,131187,201,275,222,295,211,285,131112
424,131188,67,20,81,40,74,30,131113
424,131189,31,273,47,298,39,285,131114
424,131190,618,331,638,355,628,343,131115
424,131191,595,340,618,358,606,349,131116
424,131192,583,10,607,21,595,15,131117
424,131193,562,351,595,359,578,355,131118
424,131194,578,319,605,332,591,325,131119
424,131195,384,9,399,27,391,18,131120
424,131196,90,201,105,218,97,209,131121
424,131197,342,288,381,315,361,301,131122
424,131198,513,23,531,33,522,28,131123
424,131199,544,333,576,350,560,341,131124
425,131200,444,0,532,73,488,36,131125
425,131201,539,247,571,274,555,260,131126
425,131202,596,234,621,263,608,248,131127
425,131203,468,183,490,224,479,203,131128
425,131204,597,127,623,165,610,146,131129
425,131205,267,0,346,50,306,25,131130
425,131206,381,121,403,157,392,139,131131
425,131207,528,70,558,95,543,82,131132
425,131208,417,113,441,145,429,129,131133
425,131209,60,164,79,185,69,174,131134
425,131210,543,206,578,231,560,218,131135
425,131211,98,168,116,199,107,183,131136
425,131212,362,20,384,67,373,43,131137
425,131213,437,45,463,72,450,58,131138
425,131214,208,316,231,346,219,331,131139
425,131215,395,274,420,295,407,284,131140
425,131216,300,52,321,84,310,68,131141
425,131217,246,52,267,78,256,65,131142
425,131218,610,0,636,21,623,10,131143
425,131219,278,290,302,312,290,301,131144
425,131220,271,75,291,105,281,90,131145
425,131221,503,29,523,57,513,43,131146
425,131222,573,69,609,97,591,83,131147
425,131223,261,178,281,210,271,194,131148
425,131224,427,15,455,30,441,22,131149
425,131225,398,12,418,35,408,23,131150
425,131226,611,47,637,74,624,60,131151
425,131227,293,228,314,257,303,242,131152
425,131228,119,89,137,115,128,102,131153
425,131229,405,30,428,50,416,40,131154
425,131230,232,84,256,107,244,95,131155
425,131231,35,120,54,142,44,131,131156
425,131232,72,129,88,156,80,142,131157
425,131233,57,97,80,123,68,110,131158
425,131234,229,50,249,74,239,62,131159
425,131235,201,13,220,34,210,23,131160
425,131236,212,24,237,45,224,34,131161
425,131237,37,158,55,177,46,167,131162
425,131238,40,87,56,115,48,101,131163
425,131239,486,254,512,277,499,265,131164
425,131240,280,16,304,37,292,26,131165
425,131241,323,3,339,21,331,12,131166
425,131242,126,0,187,23,156,11,131167
425,131243,53,18,67,52,60,35,131168
425,131244,132,0,151,13,141,6,131169
425,131245,164,0,177,5,170,2,131170
425,131246,328,244,350,266,339,255,131171
425,131247,217,0,228,7,222,3,131172
425,131248,185,82,208,103,196,92,131173
425,131249,195,56,212,83,203,69,131174
425,131250,332,269,358,287,345,278,131175
425,131251,313,128,336,152,324,140,131176
425,131252,306,98,334,120,320,109,131177
425,131253,541,0,568,11,554,5,131178
425,131254,377,279,396,296,386,287,131179
425,131255,539,165,566,187,552,176,131180
425,131256,348,61,371,84,359,72,131181
425,131257,613,75,636,107,624,91,131182
425,131258,28,244,42,262,35,253,131183
425,131259,126,344,142,359,134,351,131184
425,131260,37,226,58,245,47,235,131185
425,131261,184,107,203,127,193,117,131186
425,131262,201,275,222,295,211,285,131187
425,131263,67,20,81,40,74,30,131188
425,131264,31,274,47,298,39,286,131189
425,131265,617,331,638,355,627,343,131190
425,131266,595,340,618,358,606,349,131191
425,131267,583,10,607,21,595,15,131192
425,131268,562,351,595,359,578,355,131193
425,131269,579,319,606,332,592,325,131194
425,131270,384,9,399,27,391,18,131195
425,131271,92,202,106,219,99,210,131196
425,131272,342,288,381,315,361,301,131197
425,131273,544,332,576,349,560,340,131199
426,131274,444,0,532,73,488,36,131200
426,131275,539,247,571,274,555,260,131201
426,131276,596,234,621,263,608,248,131202
426,131277,468,183,490,223,479,203,131203
426,131278,597,127,623,165,610,146,131204
426,131279,267,0,346,50,306,25,131205
426,131280,381,121,403,157,392,139,131206
426,131281,528,70,558,95,543,82,131207
426,131282,417,113,441,145,429,129,131208
426,131283,60,164,79,185,69,174,131209
426,131284,543,206,578,231,560,218,131210
426,131285,98,168,116,199,107,183,131211
426,131286,362,20,384,67,373,43,131212
426,131287,437,45,463,72,450,58,131213
426,131288,208,316,231,346,219,331,131214
426,131289,395,274,420,295,407,284,131215
426,131290,300,52,321,84,310,68,131216
426,131291,246,52,267,78,256,65,131217
426,131292,610,0,636,21,623,10,131218
426,131293,278,290,302,312,290,301,131219
426,131294,271,75,291,105,281,90,131220
426,131295,503,29,523,56,513,42,131221
426,131296,573,69,609,97,591,83,131222
426,131297,261,178,281,210,271,194,131223
426,131298,427,15,455,30,441,22,131224
426,131299,398,12,418,35,408,23,131225
426,131300,611,47,637,74,624,60,131226
426,131301,293,228,314,257,303,242,131227
426,131302,119,89,137,114,128,101,131228
426,131303,406,30,428,50,417,40,131229
426,131304,232,84,256,107,244,95,131230
426,131305,35,120,54,142,44,131,131231
426,131306,72,129,88,156,80,142,131232
426,131307,57,97,80,123,68,110,131233
426,131308,229,50,249,74,239,62,131234
426,131309,201,13,220,34,210,23,131235
426,131310,212,24,237,45,224,34,131236
426,131311,37,158,55,177,46,167,131237
426,131312,40,87,56,115,48,101,131238
426,131313,486,254,512,277,499,265,131239
426,131314,280,16,304,37,292,26,131240
426,131315,323,3,339,21,331,12,131241
426,131316,126,0,187,23,156,11,131242
426,131317,53,18,67,52,60,35,131243
426,131318,133,0,151,13,142,6,131244
426,131319,164,0,177,5,170,2,131245
426,131320,328,244,350,266,339,255,131246
426,131321,217,0,228,7,222,3,131247
426,131322,185,82,208,103,196,92,131248
426,131323,195,56,212,83,203,69,131249
426,131324,332,269,358,288,345,278,131250
426,131325,313,128,336,152,324,140,131251
426,131326,306,98,334,120,320,109,131252
426,131327,541,0,568,11,554,5,131253
426,131328,377,279,396,296,386,287,131254
426,131329,539,165,566,187,552,176,131255
426,131330,348,61,372,84,360,72,131256
426,131331,613,75,636,107,624,91,131257
426,131332,28,244,42,262,35,253,131258
426,131333,126,345,142,359,134,352,131259
426,131334,37,226,58,245,47,235,131260
426,131335,185,107,203,128,194,117,131261
426,131336,201,275,222,295,211,285,131262
426,131337,67,20,81,40,74,30,131263
426,131338,31,274,47,298,39,286,131264
426,131339,617,331,638,355,627,343,131265
426,131340,595,340,617,358,606,349,131266
426,131341,582,10,607,21,594,15,131267
426,131342,562,351,595,359,578,355,131268
426,131343,579,319,607,332,593,325,131269
426,131344,384,9,399,27,391,18,131270
426,131345,92,202,106,220,99,211,131271
426,131346,342,288,380,315,361,301,131272
426,131347,543,332,575,349,559,340,131273
427,131348,444,0,532,73,488,36,131274
427,131349,539,247,571,274,555,260,131275
427,131350,596,234,621,263,608,248,131276
427,131351,468,183,490,223,479,203,131277
427,131352,597,127,623,165,610,146,131278
427,131353,267,0,346,50,306,25,131279
427,131354,381,121,403,157,392,139,131280
427,131355,528,70,558,95,543,82,131281
427,131356,417,113,441,145,429,129,131282
427,131357,60,164,79,185,69,174,131283
427,131358,543,206,578,231,560,218,131284
427,131359,98,168,116,199,107,183,131285
427,131360,362,20,384,67,373,43,131286
427,131361,437,45,463,72,450,58,131287
427,131362,208,316,231,346,219,331,131288
427,131363,396,274,420,295,408,284,131289
427,131364,300,52,321,84,310,68,131290
427,131365,246,52,267,78,256,65,131291
427,131366,610,0,636,21,623,10,131292
427,131367,278,290,302,312,290,301,131293
427,131368,271,75,291,105,281,90,131294
427,131369,503,29,523,56,513,42,131295
427,131370,573,69,609,97,591,83,131296
427,131371,261,178,281,210,271,194,131297
427,131372,427,15,455,30,441,22,131298
427,131373,398,12,418,35,408,23,131299
427,131374,612,47,637,74,624,60,131300
427,131375,293,228,314,257,303,242,131301
427,131376,119,89,137,115,128,102,131302
427,131377,406,30,428,50,417,40,131303
427,131378,232,84,256,107,244,95,131304
427,131379,35,120,54,142,44,131,131305
427,131380,72,129,88,156,80,142,131306
427,131381,57,97,80,123,68,110,131307
427,131382,229,50,249,74,239,62,131308
427,131383,201,13,220,34,210,23,131309
427,131384,212,24,237,45,224,34,131310
427,131385,37,158,55,177,46,167,131311
427,131386,40,87,56,115,48,101,131312
427,131387,486,254,512,277,499,265,131313
427,131388,280,16,304,37,292,26,131314
427,131389,323,3,339,21,331,12,131315
427,131390,127,0,187,23,157,11,131316
427,131391,53,18,67,52,60,35,131317
427,131392,134,0,151,13,142,6,131318
427,131393,164,0,177,5,170,2,131319
427,131394,328,244,350,266,339,255,131320
427,131395,217,0,228,7,222,3,131321
427,131396,185,82,208,103,196,92,131322
427,131397,195,56,212,83,203,69,131323
427,131398,333,269,358,288,345,278,131324
427,131399,313,128,336,152,324,140,131325
427,131400,306,98,334,120,320,109,131326
427,131401,541,0,568,11,554,5,131327
427,131402,377,279,396,296,386,287,131328
427,131403,539,165,566,187,552,176,131329
427,131404,348,61,372,84,360,72,131330
427,131405,613,75,636,107,624,91,131331
427,131406,28,244,42,262,35,253,131332
427,131407,126,346,142,359,134,352,131333
427,131408,37,227,58,245,47,236,131334
427,131409,185,107,203,129,194,118,131335
427,131410,201,275,222,295,211,285,131336
427,131411,67,20,81,40,74,30,131337
427,131412,31,274,47,298,39,286,131338
427,131413,617,331,638,355,627,343,131339
427,131414,595,340,617,358,606,349,131340
427,131415,583,10,606,21,594,15,131341
427,131416,563,351,595,359,579,355,131342
427,131417,580,318,608,332,594,325,131343
427,131418,384,9,400,27,392,18,131344
427,131419,93,203,107,220,100,211,131345
427,131420,342,288,380,315,361,301,131346
427,131421,543,332,574,348,558,340,131347
428,131422,444,0,532,73,488,36,131348
428,131423,539,247,571,274,555,260,131349
428,131424,596,234,621,263,608,248,131350
428,131425,468,183,490,223,479,203,131351
428,131426,597,127,623,165,610,146,131352
428,131427,267,0,346,50,306,25,131353
428,131428,381,121,403,157,392,139,131354
428,131429,528,70,558,95,543,82,131355
428,131430,417,113,441,145,429,129,131356
428,131431,60,164,79,185,69,174,131357
428,131432,543,206,578,231,560,218,131358
428,131433,98,168,116,199,107,183,131359
428,131434,362,20,384,67,373,43,131360
428,131435,436,45,463,72,449,58,131361
428,131436,208,316,231,346,219,331,131362
428,131437,396,274,420,295,408,284,131363
428,131438,300,52,321,84,310,68,131364
428,131439,246,52,267,78,256,65,131365
428,131440,610,0,636,21,623,10,131366
428,131441,278,290,302,312,290,301,131367
428,131442,271,75,291,105,281,90,131368
428,131443,503,29,523,56,513,42,131369
428,131444,573,69,609,97,591,83,131370
428,131445,261,178,281,210,271,194,131371
428,131446,427,15,455,30,441,22,131372
428,131447,398,12,418,35,408,23,131373
428,131448,612,47,636,74,624,60,131374
428,131449,293,228,314,257,303,242,131375
428,131450,119,89,137,114,128,101,131376
428,131451,406,30,428,50,417,40,131377
428,131452,232,84,256,107,244,95,131378
428,131453,35,120,54,142,44,131,131379
428,131454,72,129,88,156,80,142,131380
428,131455,57,97,80,123,68,110,131381
428,131456,229,50,249,74,239,62,131382
428,131457,201,13,220,34,210,23,131383
428,131458,212,24,237,45,224,34,131384
428,131459,37,158,55,177,46,167,131385
428,131460,40,87,56,114,48,100,131386
428,131461,486,254,512,277,499,265,131387
428,131462,280,16,304,37,292,26,131388
428,131463,323,3,339,21,331,12,131389
428,131464,127,0,187,23,157,11,131390
428,131465,53,18,67,52,60,35,131391
428,131466,134,0,151,13,142,6,131392
428,131467,164,0,177,5,170,2,131393
428,131468,328,244,350,266,339,255,131394
428,131469,217,0,228,7,222,3,131395
428,131470,185,82,208,103,196,92,131396
428,131471,195,56,212,83,203,69,131397
428,131472,333,270,357,288,345,279,131398
428,131473,313,128,336,152,324,140,131399
428,131474,306,98,334,120,320,109,131400
428,131475,541,0,568,11,554,5,131401
428,131476,377,279,396,296,386,287,131402
428,131477,539,164,567,186,553,175,131403
428,131478,348,61,372,84,360,72,131404
428,131479,613,75,636,107,624,91,131405
428,131480,28,244,42,262,35,253,131406
428,131481,125,348,144,359,134,353,131407
428,131482,37,227,58,245,47,236,131408
428,131483,186,108,203,130,194,119,131409
428,131484,201,275,222,295,211,285,131410
428,131485,67,20,81,40,74,30,131411
428,131486,31,274,47,298,39,286,131412
428,131487,617,331,638,356,627,343,131413
428,131488,595,340,617,358,606,349,131414
428,131489,583,10,606,21,594,15,131415
428,131490,563,351,595,359,579,355,131416
428,131491,580,318,608,333,594,325,131417
428,131492,384,9,400,26,392,17,131418
429,131493,444,0,532,73,488,36,131422
429,131494,539,247,571,274,555,260,131423
429,131495,596,234,621,263,608,248,131424
429,131496,468,183,490,224,479,203,131425
429,131497,597,127,623,165,610,146,131426
429,131498,267,0,346,50,306,25,131427
429,131499,381,121,403,157,392,139,131428
429,131500,528,70,558,95,543,82,131429
429,131501,417,113,441,145,429,129,131430
429,131502,60,164,79,185,69,174,131431
429,131503,543,206,578,231,560,218,131432
429,131504,98,168,117,199,107,183,131433
429,131505,362,20,384,67,373,43,131434
429,131506,436,45,463,72,449,58,131435
429,131507,208,316,231,346,219,331,131436
429,131508,396,274,420,294,408,284,131437
429,131509,300,52,321,84,310,68,131438
429,131510,246,52,267,78,256,65,131439
429,131511,610,0,636,21,623,10,131440
429,131512,278,290,302,312,290,301,131441
429,131513,271,75,291,105,281,90,131442
429,131514,503,29,523,55,513,42,131443
429,131515,573,69,609,97,591,83,131444
429,131516,261,178,281,210,271,194,131445
429,131517,427,15,455,30,441,22,131446
429,131518,397,12,418,35,407,23,131447
429,131519,612,47,636,74,624,60,131448
429,131520,293,228,314,257,303,242,131449
429,131521,119,89,137,114,128,101,131450
429,131522,406,30,429,51,417,40,131451
429,131523,232,84,256,107,244,95,131452
429,131524,35,120,54,142,44,131,131453
429,131525,72,129,88,156,80,142,131454
429,131526,57,97,80,123,68,110,131455
429,131527,229,50,249,74,239,62,131456
429,131528,201,13,220,34,210,23,131457
429,131529,212,24,237,45,224,34,131458
429,131530,37,158,55,177,46,167,131459
429,131531,40,87,56,114,48,100,131460
429,131532,486,254,512,277,499,265,131461
429,131533,280,16,304,37,292,26,131462
429,131534,323,3,339,21,331,12,131463
429,131535,126,0,186,23,156,11,131464
429,131536,53,18,67,52,60,35,131465
429,131537,134,0,151,13,142,6,131466
429,131538,164,0,177,5,170,2,131467
429,131539,328,244,350,266,339,255,131468
429,131540,217,0,228,7,222,3,131469
429,131541,185,82,208,103,196,92,131470
429,131542,195,56,212,83,203,69,131471
429,131543,333,270,357,288,345,279,131472
429,131544,313,128,336,152,324,140,131473
429,131545,306,98,334,120,320,109,131474
429,131546,540,0,568,11,554,5,131475
429,131547,377,278,396,296,386,287,131476
429,131548,539,163,567,186,553,174,131477
429,131549,348,61,372,84,360,72,131478
429,131550,613,75,636,107,624,91,131479
429,131551,28,244,42,262,35,253,131480
429,131552,125,349,144,359,134,354,131481
429,131553,37,227,58,245,47,236,131482
429,131554,187,108,204,130,195,119,131483
429,131555,201,275,221,295,211,285,131484
429,131556,67,20,81,40,74,30,131485
429,131557,31,274,47,298,39,286,131486
429,131558,617,334,638,356,627,345,131487
429,131559,595,339,617,358,606,348,131488
429,131560,583,10,607,21,595,15,131489
429,131561,564,351,596,359,580,355,131490
429,131562,580,317,609,334,594,325,131491
429,131563,384,9,399,26,391,17,131492
430,131564,444,0,532,73,488,36,131493
430,131565,539,247,571,273,555,260,131494
430,131566,596,234,621,263,608,248,131495
430,131567,468,183,490,224,479,203,131496
430,131568,597,127,623,165,610,146,131497
430,131569,267,0,346,50,306,25,131498
430,131570,381,121,403,157,392,139,131499
430,131571,528,70,558,95,543,82,131500
430,131572,417,113,441,145,429,129,131501
430,131573,60,164,79,185,69,174,131502
430,131574,543,206,578,231,560,218,131503
430,131575,98,168,116,200,107,184,131504
430,131576,362,20,384,67,373,43,131505
430,131577,436,45,463,72,449,58,131506
430,131578,208,316,231,346,219,331,131507
430,131579,396,274,420,295,408,284,131508
430,131580,300,52,321,84,310,68,131509
430,131581,246,52,267,78,256,65,131510
430,131582,610,0,636,21,623,10,131511
430,131583,278,290,302,312,290,301,131512
430,131584,271,75,291,105,281,90,131513
430,131585,504,28,523,54,513,41,131514
430,131586,573,69,609,97,591,83,131515
430,131587,261,178,281,210,271,194,131516
430,131588,427,15,455,30,441,22,131517
430,131589,397,12,418,34,407,23,131518
430,131590,612,48,636,74,624,61,131519
430,131591,293,228,314,257,303,242,131520
430,131592,119,89,137,114,128,101,131521
430,131593,406,30,429,51,417,40,131522
430,131594,232,84,256,107,244,95,131523
430,131595,35,120,54,142,44,131,131524
430,131596,72,129,88,156,80,142,131525
430,131597,57,97,80,123,68,110,131526
430,131598,229,50,249,74,239,62,131527
430,131599,201,13,220,34,210,23,131528
430,131600,212,24,237,45,224,34,131529
430,131601,37,158,55,177,46,167,131530
430,131602,40,87,56,114,48,100,131531
430,131603,486,254,512,277,499,265,131532
430,131604,280,16,304,37,292,26,131533
430,131605,323,3,339,21,331,12,131534
430,131606,126,0,186,23,156,11,131535
430,131607,53,18,67,52,60,35,131536
430,131608,134,0,151,13,142,6,131537
430,131609,164,0,177,5,170,2,131538
430,131610,328,244,350,266,339,255,131539
430,131611,217,0,228,7,222,3,131540
430,131612,186,82,208,103,197,92,131541
430,131613,195,56,212,83,203,69,131542
430,131614,333,270,357,288,345,279,131543
430,131615,313,128,336,152,324,140,131544
430,131616,306,98,334,120,320,109,131545
430,131617,540,0,567,11,553,5,131546
430,131618,377,278,396,296,386,287,131547
430,131619,539,162,566,185,552,173,131548
430,131620,348,61,373,84,360,72,131549
430,131621,613,75,636,107,624,91,131550
430,131622,28,244,42,262,35,253,131551
430,131623,37,227,58,245,47,236,131553
430,131624,188,108,205,130,196,119,131554
430,131625,201,275,221,295,211,285,131555
430,131626,67,20,81,40,74,30,131556
430,131627,31,274,47,298,39,286,131557
430,131628,617,339,638,356,627,347,131558
430,131629,595,340,617,358,606,349,131559
430,131630,583,10,607,21,595,15,131560
430,131631,565,351,596,359,580,355,131561
430,131632,581,317,609,334,595,325,131562
430,131633,384,9,399,26,391,17,131563
430,131634,515,24,529,33,522,28,
431,131635,444,0,532,73,488,36,131564
431,131636,539,247,571,273,555,260,131565
431,131637,596,234,621,263,608,248,131566
431,131638,468,183,490,224,479,203,131567
431,131639,597,127,623,165,610,146,131568
431,131640,267,0,346,50,306,25,131569
431,131641,381,121,403,157,392,139,131570
431,131642,528,70,558,95,543,82,131571
431,131643,417,113,441,145,429,129,131572
431,131644,60,164,79,186,69,175,131573
431,131645,543,206,578,230,560,218,131574
431,131646,98,168,117,200,107,184,131575
431,131647,362,20,384,67,373,43,131576
431,131648,436,45,463,72,449,58,131577
431,131649,208,316,231,346,219,331,131578
431,131650,396,274,420,294,408,284,131579
431,131651,300,52,321,84,310,68,131580
431,131652,246,52,267,78,256,65,131581
431,131653,610,0,636,21,623,10,131582
431,131654,278,290,302,312,290,301,131583
431,131655,271,75,291,105,281,90,131584
431,131656,505,28,523,53,514,40,131585
431,131657,573,69,609,97,591,83,131586
431,131658,261,178,281,210,271,194,131587
431,131659,427,15,455,30,441,22,131588
431,131660,397,12,418,34,407,23,131589
431,131661,612,48,636,74,624,61,131590
431,131662,293,228,314,257,303,242,131591
431,131663,119,89,137,114,128,101,131592
431,131664,406,30,429,51,417,40,131593
431,131665,232,84,256,107,244,95,131594
431,131666,35,120,54,142,44,131,131595
431,131667,72,129,88,156,80,142,131596
431,131668,57,97,80,123,68,110,131597
431,131669,229,50,249,74,239,62,131598
431,131670,201,13,220,33,210,23,131599
431,131671,212,24,237,45,224,34,131600
431,131672,37,158,55,177,46,167,131601
431,131673,40,87,56,114,48,100,131602
431,131674,486,254,512,277,499,265,131603
431,131675,280,16,304,37,292,26,131604
431,131676,323,3,339,21,331,12,131605
431,131677,125,0,187,23,156,11,131606
431,131678,53,18,67,52,60,35,131607
431,131679,134,0,151,13,142,6,131608
431,131680,164,0,177,5,170,2,131609
431,131681,328,244,350,266,339,255,131610
431,131682,217,0,228,7,222,3,131611
431,131683,186,82,208,103,197,92,131612
431,131684,195,56,212,83,203,69,131613
431,131685,333,270,357,288,345,279,131614
431,131686,313,128,336,152,324,140,131615
431,131687,306,98,334,120,320,109,131616
431,131688,540,0,567,11,553,5,131617
431,131689,377,278,397,296,387,287,131618
431,131690,539,162,566,184,552,173,131619
431,131691,348,61,373,85,360,73,131620
431,131692,614,75,636,107,625,91,131621
431,131693,28,244,42,262,35,253,131622
431,131694,37,227,58,245,47,236,131623
431,131695,190,110,207,131,198,120,131624
431,131696,201,275,221,295,211,285,131625
431,131697,67,20,81,40,74,30,131626
431,131698,31,274,47,298,39,286,131627
431,131699,617,341,639,357,628,349,131628
431,131700,595,339,617,358,606,348,131629
431,131701,583,10,607,21,595,15,131630
431,131702,565,351,596,359,580,355,131631
431,131703,581,317,609,334,595,325,131632
431,131704,384,9,399,26,391,17,131633
432,131705,444,0,532,73,488,36,131635
432,131706,539,247,571,273,555,260,131636
432,131707,596,234,621,263,608,248,131637
432,131708,468,183,490,224,479,203,131638
432,131709,597,127,623,165,610,146,131639
432,131710,267,0,346,50,306,25,131640
432,131711,381,121,403,157,392,139,131641
432,131712,528,70,558,95,543,82,131642
432,131713,417,113,441,145,429,129,131643
432,131714,60,164,79,186,69,175,131644
432,131715,543,206,578,230,560,218,131645
432,131716,98,168,117,200,107,184,131646
432,131717,362,20,384,67,373,43,131647
432,131718,436,45,463,72,449,58,131648
432,131719,208,316,231,346,219,331,131649
432,131720,396,274,419,294,407,284,131650
432,131721,300,52,321,84,310,68,131651
432,131722,246,52,267,78,256,65,131652
432,131723,610,0,636,21,623,10,131653
432,131724,278,290,302,312,290,301,131654
432,131725,271,75,291,105,281,90,131655
432,131726,505,28,523,52,514,40,131656
432,131727,573,69,609,97,591,83,131657
432,131728,261,178,281,210,271,194,131658
432,131729,427,15,455,30,441,22,131659
432,131730,397,12,418,34,407,23,131660
432,131731,612,48,636,74,624,61,131661
432,131732,293,228,314,257,303,242,131662
432,131733,118,89,137,114,127,101,131663
432,131734,406,30,429,51,417,40,131664
432,131735,232,84,256,107,244,95,131665
432,131736,35,120,54,142,44,131,131666
432,131737,72,129,88,156,80,142,131667
432,131738,57,97,80,123,68,110,131668
432,131739,229,50,249,74,239,62,131669
432,131740,201,13,220,33,210,23,131670
432,131741,212,24,237,45,224,34,131671
432,131742,37,158,55,177,46,167,131672
432,131743,40,87,56,114,48,100,131673
432,131744,486,254,512,277,499,265,131674
432,131745,280,16,304,37,292,26,131675
432,131746,323,3,339,21,331,12,131676
432,131747,125,0,187,23,156,11,131677
432,131748,53,18,67,52,60,35,131678
432,131749,134,0,151,13,142,6,131679
432,131750,164,0,177,5,170,2,131680
432,131751,328,244,350,266,339,255,131681
432,131752,217,0,228,7,222,3,131682
432,131753,186,82,209,103,197,92,131683
432,131754,195,56,212,83,203,69,131684
432,131755,333,270,357,288,345,279,131685
432,131756,313,128,336,152,324,140,131686
432,131757,306,98,334,120,320,109,131687
432,131758,540,0,567,11,553,5,131688
432,131759,377,278,397,296,387,287,131689
432,131760,539,161,565,183,552,172,131690
432,131761,348,61,373,85,360,73,131691
432,131762,614,75,636,107,625,91,131692
432,131763,28,244,42,262,35,253,131693
432,131764,37,227,58,245,47,236,131694
432,131765,191,110,207,132,199,121,131695
432,131766,201,275,221,295,211,285,131696
432,131767,67,20,81,40,74,30,131697
432,131768,31,274,47,298,39,286,131698
432,131769,617,342,639,357,628,349,131699
432,131770,595,339,617,358,606,348,131700
432,131771,583,10,607,21,595,15,131701
432,131772,565,351,596,359,580,355,131702
432,131773,581,317,609,334,595,325,131703
432,131774,384,9,399,26,391,17,131704
433,131775,444,0,532,73,488,36,131705
433,131776,539,247,571,273,555,260,131706
433,131777,596,234,621,263,608,248,131707
433,131778,468,183,490,224,479,203,131708
433,131779,597,127,623,165,610,146,131709
433,131780,267,0,346,50,306,25,131710
433,131781,381,121,403,157,392,139,131711
433,131782,528,70,558,95,543,82,131712
433,131783,417,113,441,145,429,129,131713
433,131784,60,164,79,186,69,175,131714
433,131785,543,206,578,230,560,218,131715
433,131786,98,168,117,200,107,184,131716
433,131787,362,20,384,67,373,43,131717
433,131788,436,45,463,72,449,58,131718
433,131789,208,316,231,346,219,331,131719
433,131790,396,274,419,294,407,284,131720
433,131791,300,52,321,84,310,68,131721
433,131792,246,52,267,78,256,65,131722
433,131793,610,0,636,21,623,10,131723
433,131794,278,290,302,312,290,301,131724
433,131795,271,75,291,105,281,90,131725
433,131796,505,28,524,51,514,39,131726
433,131797,573,69,609,97,591,83,131727
433,131798,261,178,281,210,271,194,131728
433,131799,427,15,454,30,440,22,131729
433,131800,397,12,418,34,407,23,131730
433,131801,612,48,636,74,624,61,131731
433,131802,293,228,314,257,303,242,131732
433,131803,118,89,137,114,127,101,131733
433,131804,406,30,429,51,417,40,131734
433,131805,232,84,256,107,244,95,131735
433,131806,35,120,54,142,44,131,131736
433,131807,72,129,88,156,80,142,131737
433,131808,57,97,80,123,68,110,131738
433,131809,229,50,249,74,239,62,131739
433,131810,201,13,220,33,210,23,131740
433,131811,212,24,237,45,224,34,131741
433,131812,37,158,55,177,46,167,131742
433,131813,40,87,56,114,48,100,131743
433,131814,486,254,512,277,499,265,131744
433,131815,280,16,304,37,292,26,131745
433,131816,323,3,339,21,331,12,131746
433,131817,125,0,187,23,156,11,131747
433,131818,53,18,67,52,60,35,131748
433,131819,133,0,151,13,142,6,131749
433,131820,164,0,177,5,170,2,131750
433,131821,328,244,350,266,339,255,131751
433,131822,217,0,228,7,222,3,131752
433,131823,186,82,208,103,197,92,131753
433,131824,195,56,212,83,203,69,131754
433,131825,333,271,357,288,345,279,131755
433,131826,313,128,336,152,324,140,131756
433,131827,306,98,334,120,320,109,131757
433,131828,539,0,567,11,553,5,131758
433,131829,377,278,398,296,387,287,131759
433,131830,539,160,565,182,552,171,131760
433,131831,348,61,373,85,360,73,131761
433,131832,614,75,636,107,625,91,131762
433,131833,28,244,42,262,35,253,131763
433,131834,37,227,58,245,47,236,131764
433,131835,192,111,208,134,200,122,131765
433,131836,201,275,221,295,211,285,131766
433,131837,67,20,81,40,74,30,131767
433,131838,31,274,47,298,39,286,131768
433,131839,617,342,639,357,628,349,131769
433,131840,595,339,617,358,606,348,131770
433,131841,583,10,607,21,595,15,131771
433,131842,565,351,596,359,580,355,131772
433,131843,581,317,609,334,595,325,131773
433,131844,384,9,399,26,391,17,131774
434,131845,444,0,532,73,488,36,131775
434,131846,539,247,571,273,555,260,131776
434,131847,596,234,621,263,608,248,131777
434,131848,468,183,490,224,479,203,131778
434,131849,597,127,623,165,610,146,131779
434,131850,267,0,346,50,306,25,131780
434,131851,381,121,403,157,392,139,131781
434,131852,528,70,558,95,543,82,131782
434,131853,417,113,441,145,429,129,131783
434,131854,60,164,79,186,69,175,131784
434,131855,543,206,578,230,560,218,131785
434,131856,98,168,117,200,107,184,131786
434,131857,362,20,384,67,373,43,131787
434,131858,436,45,463,72,449,58,131788
434,131859,208,316,231,346,219,331,131789
434,131860,395,274,420,294,407,284,131790
434,131861,300,52,321,84,310,68,131791
434,131862,246,52,267,78,256,65,131792
434,131863,610,0,636,21,623,10,131793
434,131864,278,290,302,312,290,301,131794
434,131865,271,75,291,105,281,90,131795
434,131866,505,28,524,51,514,39,131796
434,131867,573,69,609,97,591,83,131797
434,131868,261,178,281,210,271,194,131798
434,131869,427,15,454,30,440,22,131799
434,131870,397,12,418,33,407,22,131800
434,131871,612,48,636,74,624,61,131801
434,131872,293,228,314,257,303,242,131802
434,131873,119,89,137,114,128,101,131803
434,131874,406,30,430,51,418,40,131804
434,131875,232,84,256,106,244,95,131805
434,131876,36,120,54,142,45,131,131806
434,131877,72,129,88,156,80,142,131807
434,131878,57,97,80,123,68,110,131808
434,131879,229,50,249,74,239,62,131809
434,131880,201,13,220,33,210,23,131810
434,131881,212,24,237,45,224,34,131811
434,131882,37,158,55,177,46,167,131812
434,131883,40,87,56,114,48,100,131813
434,131884,486,254,512,277,499,265,131814
434,131885,280,16,304,37,292,26,131815
434,131886,323,3,339,21,331,12,131816
434,131887,125,0,187,23,156,11,131817
434,131888,53,18,67,52,60,35,131818
434,131889,133,0,151,13,142,6,131819
434,131890,164,0,177,5,170,2,131820
434,131891,328,244,351,266,339,255,131821
434,131892,217,0,228,7,222,3,131822
434,131893,186,82,209,103,197,92,131823
434,131894,195,56,212,83,203,69,131824
434,131895,333,271,357,288,345,279,131825
434,131896,313,128,336,152,324,140,131826
434,131897,306,98,334,120,320,109,131827
434,131898,539,0,567,11,553,5,131828
434,131899,377,278,398,296,387,287,131829
434,131900,539,160,565,182,552,171,131830
434,131901,348,61,373,85,360,73,131831
434,131902,614,75,636,107,625,91,131832
434,131903,28,244,42,262,35,253,131833
434,131904,37,227,58,245,47,236,131834
434,131905,193,111,209,136,201,123,131835
434,131906,201,275,221,295,211,285,131836
434,131907,67,20,81,40,74,30,131837
434,131908,31,274,47,298,39,286,131838
434,131909,617,343,639,357,628,350,131839
434,131910,595,340,617,358,606,349,131840
434,131911,582,10,607,21,594,15,131841
434,131912,565,351,595,359,580,355,131842
434,131913,581,316,610,334,595,325,131843
434,131914,384,9,399,26,391,17,131844
435,131915,444,0,533,73,488,36,131845
435,131916,539,247,571,273,555,260,131846
435,131917,596,234,621,263,608,248,131847
435,131918,468,183,490,224,479,203,131848
435,131919,597,127,623,165,610,146,131849
435,131920,267,0,346,50,306,25,131850
435,131921,381,121,403,157,392,139,131851
435,131922,528,70,558,96,543,83,131852
435,131923,417,113,441,145,429,129,131853
435,131924,60,164,79,186,69,175,131854
435,131925,543,206,578,230,560,218,131855
435,131926,98,168,117,200,107,184,131856
435,131927,362,20,384,67,373,43,131857
435,131928,435,45,463,72,449,58,131858
435,131929,208,316,231,346,219,331,131859
435,131930,395,274,420,294,407,284,131860
435,131931,300,52,321,84,310,68,131861
435,131932,246,52,267,78,256,65,131862
435,131933,610,0,636,21,623,10,131863
435,131934,278,290,302,312,290,301,131864
435,131935,271,75,291,105,281,90,131865
435,131936,506,27,524,50,515,38,131866
435,131937,573,69,609,97,591,83,131867
435,131938,261,178,281,210,271,194,131868
435,131939,427,14,454,30,440,22,131869
435,131940,397,11,418,33,407,22,131870
435,131941,612,48,636,74,624,61,131871
435,131942,293,228,314,257,303,242,131872
435,131943,119,89,137,114,128,101,131873
435,131944,406,30,430,51,418,40,131874
435,131945,232,84,256,106,244,95,131875
435,131946,36,120,54,142,45,131,131876
435,131947,72,129,88,156,80,142,131877
435,131948,57,97,80,123,68,110,131878
435,131949,229,50,249,74,239,62,131879
435,131950,201,13,220,33,210,23,131880
435,131951,212,24,237,45,224,34,131881
435,131952,37,158,55,177,46,167,131882
435,131953,40,87,56,114,48,100,131883
435,131954,486,254,512,277,499,265,131884
435,131955,280,16,304,37,292,26,131885
435,131956,323,3,339,21,331,12,131886
435,131957,125,0,187,23,156,11,131887
435,131958,53,18,67,52,60,35,131888
435,131959,133,0,151,13,142,6,131889
435,131960,164,0,177,5,170,2,131890
435,131961,328,244,350,266,339,255,131891
435,131962,217,0,228,7,222,3,131892
435,131963,186,82,209,103,197,92,131893
435,131964,195,56,212,83,203,69,131894
435,131965,333,271,357,288,345,279,131895
435,131966,313,128,336,152,324,140,131896
435,131967,306,98,334,120,320,109,131897
435,131968,539,0,567,11,553,5,131898
435,131969,377,279,397,296,387,287,131899
435,131970,539,160,565,182,552,171,131900
435,131971,348,61,373,85,360,73,131901
435,131972,614,75,636,107,625,91,131902
435,131973,28,244,42,262,35,253,131903
435,131974,37,227,58,245,47,236,131904
435,131975,193,110,210,139,201,124,131905
435,131976,201,275,221,295,211,285,131906
435,131977,67,20,81,40,74,30,131907
435,131978,31,274,47,298,39,286,131908
435,131979,617,343,639,357,628,350,131909
435,131980,594,340,617,358,605,349,131910
435,131981,582,10,607,21,594,15,131911
435,131982,581,316,610,333,595,324,131913
435,131983,384,9,398,26,391,17,131914
436,131984,444,0,533,73,488,36,131915
436,131985,539,247,571,273,555,260,131916
436,131986,596,234,621,263,608,248,131917
436,131987,468,183,490,224,479,203,131918
436,131988,597,127,623,165,610,146,131919
436,131989,267,0,346,50,306,25,131920
436,131990,381,121,403,157,392,139,131921
436,131991,528,70,558,96,543,83,131922
436,131992,417,113,441,145,429,129,131923
436,131993,60,164,79,186,69,175,131924
436,131994,543,206,578,230,560,218,131925
436,131995,98,168,117,200,107,184,131926
436,131996,362,20,384,67,373,43,131927
436,131997,435,45,463,72,449,58,131928
436,131998,208,316,231,346,219,331,131929
436,131999,395,274,420,295,407,284,131930
436,132000,300,52,321,84,310,68,131931
436,132001,246,52,267,78,256,65,131932
436,132002,610,0,636,21,623,10,131933
436,132003,278,290,302,312,290,301,131934
436,132004,271,75,291,105,281,90,131935
436,132005,507,27,525,49,516,38,131936
436,132006,573,69,609,97,591,83,131937
436,132007,261,178,281,210,271,194,131938
436,132008,427,14,454,30,440,22,131939
436,132009,396,11,418,33,407,22,131940
436,132010,612,49,636,74,624,61,131941
436,132011,293,228,314,257,303,242,131942
436,132012,119,89,137,115,128,102,131943
436,132013,406,30,430,51,418,40,131944
436,132014,232,84,256,106,244,95,131945
436,132015,36,120,54,142,45,131,131946
436,132016,72,129,88,156,80,142,131947
436,132017,57,97,80,123,68,110,131948
436,132018,229,50,249,74,239,62,131949
436,132019,201,13,220,33,210,23,131950
436,132020,212,24,237,45,224,34,131951
436,132021,37,158,55,177,46,167,131952
436,132022,40,87,56,115,48,101,131953
436,132023,486,254,512,277,499,265,131954
436,132024,280,16,304,37,292,26,131955
436,132025,323,3,339,21,331,12,131956
436,132026,125,0,187,23,156,11,131957
436,132027,53,18,67,52,60,35,131958
436,132028,133,0,151,13,142,6,131959
436,132029,164,0,177,5,170,2,131960
436,132030,328,244,351,266,339,255,131961
436,132031,217,0,228,7,222,3,131962
436,132032,186,82,208,103,197,92,131963
436,132033,195,56,212,83,203,69,131964
436,132034,333,271,357,288,345,279,131965
436,132035,313,128,336,152,324,140,131966
436,132036,306,98,334,120,320,109,131967
436,132037,539,0,568,12,553,6,131968
436,132038,377,279,397,296,387,287,131969
436,132039,539,160,565,181,552,170,131970
436,132040,348,61,374,85,361,73,131971
436,132041,614,75,636,107,625,91,131972
436,132042,28,244,42,262,35,253,131973
436,132043,37,227,58,245,47,236,131974
436,132044,194,111,210,140,202,125,131975
436,132045,67,20,81,40,74,30,131977
436,132046,31,274,47,298,39,286,131978
436,132047,617,343,639,357,628,350,131979
436,132048,594,340,617,358,605,349,131980
436,132049,582,10,607,21,594,15,131981
436,132050,582,315,611,333,596,324,131982
436,132051,384,9,398,26,391,17,131983
437,132052,444,0,533,73,488,36,131984
437,132053,539,247,571,273,555,260,131985
437,132054,596,234,621,263,608,248,131986
437,132055,468,183,490,224,479,203,131987
437,132056,597,127,623,165,610,146,131988
437,132057,267,0,346,50,306,25,131989
437,132058,381,121,403,157,392,139,131990
437,132059,528,70,558,96,543,83,131991
437,132060,417,113,441,145,429,129,131992
437,132061,60,164,79,186,69,175,131993
437,132062,543,206,578,230,560,218,131994
437,132063,98,168,117,200,107,184,131995
437,132064,362,20,384,67,373,43,131996
437,132065,435,45,463,72,449,58,131997
437,132066,208,316,231,346,219,331,131998
437,132067,396,274,420,295,408,284,131999
437,132068,300,52,321,84,310,68,132000
437,132069,246,52,267,78,256,65,132001
437,132070,610,0,636,21,623,10,132002
437,132071,278,290,302,312,290,301,132003
437,132072,271,75,291,105,281,90,132004
437,132073,507,27,525,49,516,38,132005
437,132074,573,69,609,97,591,83,132006
437,132075,261,178,281,210,271,194,132007
437,132076,427,14,454,30,440,22,132008
437,132077,396,11,418,33,407,22,132009
437,132078,612,49,636,74,624,61,132010
437,132079,293,228,314,257,303,242,132011
437,132080,119,89,137,115,128,102,132012
437,132081,406,30,430,51,418,40,132013
437,132082,232,84,256,106,244,95,132014
437,132083,36,120,54,142,45,131,132015
437,132084,72,129,88,156,80,142,132016
437,132085,57,97,80,123,68,110,132017
437,132086,229,50,249,74,239,62,132018
437,132087,201,13,220,33,210,23,132019
437,132088,212,24,237,45,224,34,132020
437,132089,37,158,55,177,46,167,132021
437,132090,40,87,56,114,48,100,132022
437,132091,486,254,512,277,499,265,132023
437,132092,280,16,304,37,292,26,132024
437,132093,323,3,339,21,331,12,132025
437,132094,125,0,187,23,156,11,132026
437,132095,53,18,67,52,60,35,132027
437,132096,132,0,151,13,141,6,132028
437,132097,164,0,177,5,170,2,132029
437,132098,328,244,351,266,339,255,132030
437,132099,217,0,228,7,222,3,132031
437,132100,186,82,208,103,197,92,132032
437,132101,195,56,212,83,203,69,132033
437,132102,333,272,357,288,345,280,132034
437,132103,313,128,336,152,324,140,132035
437,132104,306,98,334,120,320,109,132036
437,132105,539,0,568,12,553,6,132037
437,132106,377,279,396,296,386,287,132038
437,132107,539,160,565,181,552,170,132039
437,132108,348,61,374,85,361,73,132040
437,132109,614,75,636,107,625,91,132041
437,132110,28,244,42,262,35,253,132042
437,132111,37,227,58,245,47,236,132043
437,132112,194,112,211,141,202,126,132044
437,132113,67,20,81,40,74,30,132045
437,132114,31,274,47,298,39,286,132046
437,132115,617,343,639,357,628,350,132047
437,132116,594,340,617,358,605,349,132048
437,132117,582,10,607,21,594,15,132049
437,132118,582,314,611,333,596,323,132050
437,132119,384,9,398,26,391,17,132051
438,132120,444,0,533,73,488,36,132052
438,132121,539,247,571,273,555,260,132053
438,132122,596,234,621,263,608,248,132054
438,132123,468,183,490,224,479,203,132055
438,132124,597,127,623,165,610,146,132056
438,132125,267,0,346,50,306,25,132057
438,132126,381,121,403,157,392,139,132058
438,132127,528,70,558,96,543,83,132059
438,132128,417,113,441,145,429,129,132060
438,132129,60,164,79,186,69,175,132061
438,132130,543,206,578,230,560,218,132062
438,132131,98,167,117,200,107,183,132063
438,132132,362,20,384,67,373,43,132064
438,132133,435,45,463,72,449,58,132065
438,132134,208,316,231,346,219,331,132066
438,132135,395,274,420,295,407,284,132067
438,132136,300,52,321,84,310,68,132068
438,132137,246,52,267,78,256,65,132069
438,132138,610,0,636,21,623,10,132070
438,132139,278,290,302,312,290,301,132071
438,132140,271,75,291,105,281,90,132072
438,132141,507,27,525,49,516,38,132073
438,132142,573,69,609,97,591,83,132074
438,132143,261,178,281,210,271,194,132075
438,132144,427,15,454,30,440,22,132076
438,132145,396,11,418,33,407,22,132077
438,132146,612,49,635,74,623,61,132078
438,132147,293,228,314,257,303,242,132079
438,132148,119,89,137,114,128,101,132080
438,132149,406,30,430,51,418,40,132081
438,132150,232,84,256,106,244,95,132082
438,132151,36,120,54,142,45,131,132083
438,132152,72,129,88,156,80,142,132084
438,132153,57,97,80,123,68,110,132085
438,132154,229,50,249,74,239,62,132086
438,132155,201,13,220,33,210,23,132087
438,132156,212,24,237,45,224,34,132088
438,132157,37,158,56,177,46,167,132089
438,132158,40,87,56,115,48,101,132090
438,132159,486,254,512,277,499,265,132091
438,132160,280,16,304,37,292,26,132092
438,132161,323,3,339,21,331,12,132093
438,132162,125,0,187,23,156,11,132094
438,132163,53,18,67,52,60,35,132095
438,132164,132,0,151,13,141,6,132096
438,132165,164,0,177,5,170,2,132097
438,132166,328,244,351,266,339,255,132098
438,132167,217,0,228,7,222,3,132099
438,132168,186,82,209,103,197,92,132100
438,132169,195,56,212,83,203,69,132101
438,132170,334,272,357,288,345,280,132102
438,132171,313,128,336,152,324,140,132103
438,132172,306,98,334,120,320,109,132104
438,132173,539,0,568,12,553,6,132105
438,132174,539,160,565,181,552,170,132107
438,132175,348,61,374,85,361,73,132108
438,132176,614,75,636,107,625,91,132109
438,132177,28,244,42,262,35,253,132110
438,132178,37,227,58,245,47,236,132111
438,132179,194,113,210,140,202,126,132112
438,132180,67,20,81,40,74,30,132113
438,132181,31,274,47,298,39,286,132114
438,132182,617,343,639,357,628,350,132115
438,132183,595,340,617,358,606,349,132116
438,132184,582,10,607,21,594,15,132117
438,132185,582,313,612,333,597,323,132118
438,132186,384,9,398,26,391,17,132119
438,132187,201,275,222,295,211,285,
439,132188,444,0,533,73,488,36,132120
439,132189,539,247,571,273,555,260,132121
439,132190,596,234,621,263,608,248,132122
439,132191,468,183,490,224,479,203,132123
439,132192,597,127,623,165,610,146,132124
439,132193,266,0,346,50,306,25,132125
439,132194,381,121,403,157,392,139,132126
439,132195,528,70,558,96,543,83,132127
439,132196,417,113,441,145,429,129,132128
439,132197,60,164,79,186,69,175,132129
439,132198,543,206,578,231,560,218,132130
439,132199,99,167,117,200,108,183,132131
439,132200,362,20,384,67,373,43,132132
439,132201,435,45,462,72,448,58,132133
439,132202,208,316,231,346,219,331,132134
439,132203,395,274,421,295,408,284,132135
439,132204,300,52,321,84,310,68,132136
439,132205,246,52,267,78,256,65,132137
439,132206,610,0,636,21,623,10,132138
439,132207,278,290,302,312,290,301,132139
439,132208,271,75,291,105,281,90,132140
439,132209,507,27,525,48,516,37,132141
439,132210,573,69,609,97,591,83,132142
439,132211,261,178,281,210,271,194,132143
439,132212,427,15,454,30,440,22,132144
439,132213,396,11,418,33,407,22,132145
439,132214,612,49,636,74,624,61,132146
439,132215,294,228,314,258,304,243,132147
439,132216,119,89,137,114,128,101,132148
439,132217,406,30,430,51,418,40,132149
439,132218,232,84,256,106,244,95,132150
439,132219,36,120,54,142,45,131,132151
439,132220,72,129,88,156,80,142,132152
439,132221,57,97,80,123,68,110,132153
439,132222,229,50,249,74,239,62,132154
439,132223,201,13,220,33,210,23,132155
439,132224,212,23,237,45,224,34,132156
439,132225,37,158,56,177,46,167,132157
439,132226,40,87,56,114,48,100,132158
439,132227,486,254,512,277,499,265,132159
439,132228,280,16,304,37,292,26,132160
439,132229,323,2,339,21,331,11,132161
439,132230,125,0,187,23,156,11,132162
439,132231,53,18,67,52,60,35,132163
439,132232,132,0,151,13,141,6,132164
439,132233,164,0,177,5,170,2,132165
439,132234,328,244,351,266,339,255,132166
439,132235,217,0,228,7,222,3,132167
439,132236,186,82,209,103,197,92,132168
439,132237,195,56,212,83,203,69,132169
439,132238,335,272,357,288,346,280,132170
439,132239,313,128,336,152,324,140,132171
439,132240,306,98,334,120,320,109,132172
439,132241,539,0,568,12,553,6,132173
439,132242,539,159,565,181,552,170,132174
439,132243,348,61,374,85,361,73,132175
439,132244,614,75,636,107,625,91,132176
439,132245,28,244,42,262,35,253,132177
439,132246,37,227,58,245,47,236,132178
439,132247,194,115,211,140,202,127,132179
439,132248,67,20,81,40,74,30,132180
439,132249,31,274,47,298,39,286,132181
439,132250,618,343,639,357,628,350,132182
439,132251,595,341,617,358,606,349,132183
439,132252,582,10,607,21,594,15,132184
439,132253,584,313,612,333,598,323,132185
439,132254,384,9,398,26,391,17,132186
439,132255,511,5,529,33,520,19,
440,132256,444,0,533,72,488,36,132188
440,132257,539,247,571,274,555,260,132189
440,132258,596,234,621,263,608,248,132190
440,132259,468,183,490,226,479,204,132191
440,132260,597,127,623,165,610,146,132192
440,132261,266,0,346,50,306,25,132193
440,132262,382,121,402,157,392,139,132194
440,132263,528,70,558,96,543,83,132195
440,132264,417,113,442,145,429,129,132196
440,132265,60,164,79,186,69,175,132197
440,132266,543,206,578,231,560,218,132198
440,132267,99,167,116,201,107,184,132199
440,132268,362,20,384,66,373,43,132200
440,132269,435,45,461,72,448,58,132201
440,132270,208,316,231,346,219,331,132202
440,132271,395,274,421,295,408,284,132203
440,132272,300,52,321,84,310,68,132204
440,132273,246,52,267,78,256,65,132205
440,132274,609,0,636,21,622,10,132206
440,132275,278,291,302,312,290,301,132207
440,132276,271,75,291,105,281,90,132208
440,132277,507,28,526,48,516,38,132209
440,132278,573,69,609,97,591,83,132210
440,132279,261,178,281,210,271,194,132211
440,132280,427,15,454,30,440,22,132212
440,132281,396,11,418,33,407,22,132213
440,132282,611,49,635,74,623,61,132214
440,132283,294,228,314,258,304,243,132215
440,132284,119,90,137,115,128,102,132216
440,132285,406,30,430,51,418,40,132217
440,132286,232,84,256,106,244,95,132218
440,132287,36,120,54,141,45,130,132219
440,132288,72,129,88,156,80,142,132220
440,132289,57,98,80,123,68,110,132221
440,132290,229,50,250,74,239,62,132222
440,132291,200,13,220,34,210,23,132223
440,132292,212,24,237,45,224,34,132224
440,132293,37,158,55,177,46,167,132225
440,132294,40,88,56,114,48,101,132226
440,132295,486,254,512,277,499,265,132227
440,132296,280,16,304,37,292,26,132228
440,132297,323,2,339,21,331,11,132229
440,132298,124,0,187,23,155,11,132230
440,132299,52,19,67,52,59,35,132231
440,132300,132,0,151,13,141,6,132232
440,132301,164,0,179,5,171,2,132233
440,132302,328,244,351,266,339,255,132234
440,132303,217,0,228,8,222,4,132235
440,132304,186,82,209,103,197,92,132236
440,132305,195,56,212,83,203,69,132237
440,132306,335,272,357,288,346,280,132238
440,132307,313,128,336,153,324,140,132239
440,132308,306,98,334,120,320,109,132240
440,132309,539,0,568,12,553,6,132241
440,132310,539,160,565,181,552,170,132242
440,132311,348,61,374,85,361,73,132243
440,132312,614,75,636,107,625,91,132244
440,132313,28,244,42,262,35,253,132245
440,132314,37,227,59,245,48,236,132246
440,132315,195,117,212,142,203,129,132247
440,132316,67,20,81,40,74,30,132248
440,132317,31,273,47,298,39,285,132249
440,132318,618,343,639,357,628,350,132250
440,132319,595,340,617,358,606,349,132251
440,132320,582,10,607,21,594,15,132252
440,132321,585,313,613,333,599,323,132253
440,132322,384,9,398,27,391,18,132254
440,132323,511,6,529,32,520,19,132255
440,132324,344,291,380,315,362,303,
440,132325,377,279,396,296,386,287,
440,132326,201,275,222,295,211,285,
441,132327,444,0,533,72,488,36,132256
441,132328,539,246,571,274,555,260,132257
441,132329,596,234,621,263,608,248,132258
441,132330,468,183,490,227,479,205,132259
441,132331,597,127,623,165,610,146,132260
441,132332,266,0,345,50,305,25,132261
441,132333,382,121,402,157,392,139,132262
441,132334,528,70,558,96,543,83,132263
441,132335,417,113,442,145,429,129,132264
441,132336,60,164,79,186,69,175,132265
441,132337,543,206,578,231,560,218,132266
441,132338,99,167,116,201,107,184,132267
441,132339,362,20,384,66,373,43,132268
441,132340,435,45,460,72,447,58,132269
441,132341,208,316,231,346,219,331,132270
441,132342,395,274,422,295,408,284,132271
441,132343,300,52,321,84,310,68,132272
441,132344,245,52,267,78,256,65,132273
441,132345,609,0,636,21,622,10,132274
441,132346,278,291,302,312,290,301,132275
441,132347,271,75,291,105,281,90,132276
441,132348,507,28,526,48,516,38,132277
441,132349,573,69,609,96,591,82,132278
441,132350,261,178,281,210,271,194,132279
441,132351,428,14,454,30,441,22,132280
441,132352,396,11,418,33,407,22,132281
441,132353,611,49,635,74,623,61,132282
441,132354,294,228,314,258,304,243,132283
441,132355,119,90,136,114,127,102,132284
441,132356,406,30,429,51,417,40,132285
441,132357,233,84,256,106,244,95,132286
441,132358,36,120,54,141,45,130,132287
441,132359,72,129,88,156,80,142,132288
441,132360,57,98,80,123,68,110,132289
441,132361,229,50,250,74,239,62,132290
441,132362,200,13,220,34,210,23,132291
441,132363,212,24,236,45,224,34,132292
441,132364,37,158,55,177,46,167,132293
441,132365,40,88,56,114,48,101,132294
441,132366,486,254,512,277,499,265,132295
441,132367,280,16,304,37,292,26,132296
441,132368,323,2,340,21,331,11,132297
441,132369,124,0,187,23,155,11,132298
441,132370,52,19,67,52,59,35,132299
441,132371,132,0,151,13,141,6,132300
441,132372,164,0,179,4,171,2,132301
441,132373,328,244,351,266,339,255,132302
441,132374,217,0,228,8,222,4,132303
441,132375,186,82,209,103,197,92,132304
441,132376,195,56,212,83,203,69,132305
441,132377,335,272,357,288,346,280,132306
441,132378,313,128,336,153,324,140,132307
441,132379,306,98,334,121,320,109,132308
441,132380,539,0,568,12,553,6,132309
441,132381,539,160,565,181,552,170,132310
441,132382,348,61,374,85,361,73,132311
441,132383,614,75,636,107,625,91,132312
441,132384,28,244,42,262,35,253,132313
441,132385,37,226,59,245,48,235,132314
441,132386,195,118,212,142,203,130,132315
441,132387,67,20,81,39,74,29,132316
441,132388,31,273,47,298,39,285,132317
441,132389,618,343,639,357,628,350,132318
441,132390,595,340,617,359,606,349,132319
441,132391,582,10,607,21,594,15,132320
441,132392,586,313,613,333,599,323,132321
441,132393,384,9,398,27,391,18,132322
441,132394,511,6,529,32,520,19,132323
441,132395,344,291,380,315,362,303,132324
441,132396,377,279,396,296,386,287,132325
441,132397,201,275,222,295,211,285,132326
442,132398,444,0,534,72,489,36,132327
442,132399,539,246,571,274,555,260,132328
442,132400,596,234,621,263,608,248,132329
442,132401,468,183,490,227,479,205,132330
442,132402,596,127,623,165,609,146,132331
442,132403,266,0,345,50,305,25,132332
442,132404,382,121,402,157,392,139,132333
442,132405,529,70,558,96,543,83,132334
442,132406,417,113,442,145,429,129,132335
442,132407,60,164,80,186,70,175,132336
442,132408,543,206,578,231,560,218,132337
442,132409,99,167,116,201,107,184,132338
442,132410,362,21,384,66,373,43,132339
442,132411,435,45,459,72,447,58,132340
442,132412,208,317,231,346,219,331,132341
442,132413,395,274,422,295,408,284,132342
442,132414,300,52,321,84,310,68,132343
442,132415,245,52,267,78,256,65,132344
442,132416,609,0,636,21,622,10,132345
442,132417,278,291,302,312,290,301,132346
442,132418,271,75,291,105,281,90,132347
442,132419,507,27,527,48,517,37,132348
442,132420,573,69,609,97,591,83,132349
442,132421,261,178,281,210,271,194,132350
442,132422,428,15,454,30,441,22,132351
442,132423,396,11,417,33,406,22,132352
442,132424,611,49,635,74,623,61,132353
442,132425,294,228,314,258,304,243,132354
442,132426,119,89,137,114,128,101,132355
442,132427,406,30,429,51,417,40,132356
442,132428,233,84,256,106,244,95,132357
442,132429,36,120,54,141,45,130,132358
442,132430,72,129,88,155,80,142,132359
442,132431,57,98,80,123,68,110,132360
442,132432,229,50,250,74,239,62,132361
442,132433,200,13,220,34,210,23,132362
442,132434,212,24,236,45,224,34,132363
442,132435,37,158,55,177,46,167,132364
442,132436,40,88,56,114,48,101,132365
442,132437,486,254,512,277,499,265,132366
442,132438,280,15,304,37,292,26,132367
442,132439,323,2,340,21,331,11,132368
442,132440,124,0,188,23,156,11,132369
442,132441,52,19,67,52,59,35,132370
442,132442,132,0,151,13,141,6,132371
442,132443,164,0,179,4,171,2,132372
442,132444,328,245,351,266,339,255,132373
442,132445,217,0,228,8,222,4,132374
442,132446,186,81,209,103,197,92,132375
442,132447,195,56,212,83,203,69,132376
442,132448,335,272,356,288,345,280,132377
442,132449,313,128,336,153,324,140,132378
442,132450,306,98,334,121,320,109,132379
442,132451,539,0,568,12,553,6,132380
442,132452,539,159,565,182,552,170,132381
442,132453,348,61,375,85,361,73,132382
442,132454,614,75,636,106,625,90,132383
442,132455,28,244,43,262,35,253,132384
442,132456,37,226,59,245,48,235,132385
442,132457,195,120,212,144,203,132,132386
442,132458,67,20,81,39,74,29,132387
442,132459,31,273,47,298,39,285,132388
442,132460,618,343,639,357,628,350,132389
442,132461,595,340,617,359,606,349,132390
442,132462,582,10,607,21,594,15,132391
442,132463,588,313,616,333,602,323,132392
442,132464,384,9,398,27,391,18,132393
442,132465,511,6,529,32,520,19,132394
442,132466,344,291,380,315,362,303,132395
442,132467,201,275,222,295,211,285,132397
443,132468,444,0,533,72,488,36,132398
443,132469,539,247,571,274,555,260,132399
443,132470,596,234,621,263,608,248,132400
443,132471,468,183,490,228,479,205,132401
443,132472,596,127,623,165,609,146,132402
443,132473,266,0,345,50,305,25,132403
443,132474,382,121,402,156,392,138,132404
443,132475,528,70,558,96,543,83,132405
443,132476,417,112,442,145,429,128,132406
443,132477,60,164,79,186,69,175,132407
443,132478,543,206,578,231,560,218,132408
443,132479,99,166,116,200,107,183,132409
443,132480,362,21,384,66,373,43,132410
443,132481,435,46,459,71,447,58,132411
443,132482,208,317,231,346,219,331,132412
443,132483,395,274,422,295,408,284,132413
443,132484,300,52,321,84,310,68,132414
443,132485,245,52,267,78,256,65,132415
443,132486,609,0,636,21,622,10,132416
443,132487,278,291,302,312,290,301,132417
443,132488,271,75,291,105,281,90,132418
443,132489,506,27,527,48,516,37,132419
443,132490,574,69,609,97,591,83,132420
443,132491,261,178,281,210,271,194,132421
443,132492,428,15,454,30,441,22,132422
443,132493,396,11,417,33,406,22,132423
443,132494,611,49,635,74,623,61,132424
443,132495,294,228,314,258,304,243,132425
443,132496,119,89,137,115,128,102,132426
443,132497,406,30,429,51,417,40,132427
443,132498,233,84,256,106,244,95,132428
443,132499,36,120,54,141,45,130,132429
443,132500,72,129,88,155,80,142,132430
443,132501,57,98,80,123,68,110,132431
443,132502,229,50,250,74,239,62,132432
443,132503,200,13,220,34,210,23,132433
443,132504,212,24,236,45,224,34,132434
443,132505,37,158,56,177,46,167,132435
443,132506,40,88,56,114,48,101,132436
443,132507,486,254,512,277,499,265,132437
443,132508,280,15,304,37,292,26,132438
443,132509,323,2,339,21,331,11,132439
443,132510,124,0,188,23,156,11,132440
443,132511,52,19,67,52,59,35,132441
443,132512,131,0,151,13,141,6,132442
443,132513,164,0,180,4,172,2,132443
443,132514,328,245,351,266,339,255,132444
443,132515,217,0,228,8,222,4,132445
443,132516,186,81,209,103,197,92,132446
443,132517,195,56,212,83,203,69,132447
443,132518,335,272,356,288,345,280,132448
443,132519,313,128,336,153,324,140,132449
443,132520,306,98,334,121,320,109,132450
443,132521,538,0,568,12,553,6,132451
443,132522,539,160,565,182,552,171,132452
443,132523,348,61,375,85,361,73,132453
443,132524,614,75,636,107,625,91,132454
443,132525,28,244,43,262,35,253,132455
443,132526,37,226,59,245,48,235,132456
443,132527,195,121,212,148,203,134,132457
443,132528,67,20,81,40,74,30,132458
443,132529,31,273,47,298,39,285,132459
443,132530,618,343,639,357,628,350,132460
443,132531,595,340,617,359,606,349,132461
443,132532,582,10,607,21,594,15,132462
443,132533,591,313,619,333,605,323,132463
443,132534,384,9,398,27,391,18,132464
443,132535,511,6,530,32,520,19,132465
443,132536,344,290,380,315,362,302,132466
443,132537,201,275,222,295,211,285,132467
443,132538,377,279,397,296,387,287,
444,132539,444,0,533,72,488,36,132468
444,132540,539,247,571,274,555,260,132469
444,132541,596,234,621,263,608,248,132470
444,132542,468,183,490,228,479,205,132471
444,132543,596,127,623,165,609,146,132472
444,132544,266,0,345,50,305,25,132473
444,132545,382,121,402,156,392,138,132474
444,132546,528,70,558,96,543,83,132475
444,132547,417,112,442,145,429,128,132476
444,132548,60,164,79,186,69,175,132477
444,132549,543,206,578,231,560,218,132478
444,132550,99,166,116,200,107,183,132479
444,132551,362,21,384,66,373,43,132480
444,132552,435,46,459,71,447,58,132481
444,132553,208,317,231,346,219,331,132482
444,132554,395,274,422,295,408,284,132483
444,132555,300,52,321,84,310,68,132484
444,132556,245,52,267,78,256,65,132485
444,132557,609,0,636,21,622,10,132486
444,132558,278,291,302,312,290,301,132487
444,132559,271,75,291,105,281,90,132488
444,132560,506,26,527,48,516,37,132489
444,132561,574,69,609,97,591,83,132490
444,132562,261,178,281,210,271,194,132491
444,132563,428,14,454,30,441,22,132492
444,132564,396,11,417,33,406,22,132493
444,132565,612,49,635,74,623,61,132494
444,132566,294,228,313,258,303,243,132495
444,132567,119,89,137,115,128,102,132496
444,132568,406,30,429,51,417,40,132497
444,132569,233,84,256,106,244,95,132498
444,132570,36,120,54,141,45,130,132499
444,132571,72,129,88,155,80,142,132500
444,132572,57,98,80,123,68,110,132501
444,132573,229,50,250,74,239,62,132502
444,132574,200,13,220,34,210,23,132503
444,132575,212,24,236,45,224,34,132504
444,132576,37,158,56,177,46,167,132505
444,132577,40,88,56,114,48,101,132506
444,132578,486,254,512,277,499,265,132507
444,132579,280,16,304,37,292,26,132508
444,132580,323,2,339,21,331,11,132509
444,132581,124,0,189,23,156,11,132510
444,132582,52,19,67,53,59,36,132511
444,132583,131,0,150,13,140,6,132512
444,132584,163,0,180,4,171,2,132513
444,132585,328,245,351,266,339,255,132514
444,132586,217,0,228,8,222,4,132515
444,132587,186,81,209,103,197,92,132516
444,132588,195,56,212,83,203,69,132517
444,132589,334,272,355,288,344,280,132518
444,132590,313,128,336,153,324,140,132519
444,132591,306,98,334,120,320,109,132520
444,132592,538,0,568,12,553,6,132521
444,132593,539,160,564,182,551,171,132522
444,132594,348,61,375,85,361,73,132523
444,132595,614,75,636,107,625,91,132524
444,132596,28,244,43,262,35,253,132525
444,132597,37,226,59,245,48,235,132526
444,132598,195,123,211,151,203,137,132527
444,132599,67,20,81,40,74,30,132528
444,132600,31,274,47,298,39,286,132529
444,132601,618,343,639,357,628,350,132530
444,132602,595,340,616,359,605,349,132531
444,132603,582,10,607,21,594,15,132532
444,132604,593,314,622,333,607,323,132533
444,132605,384,9,398,27,391,18,132534
444,132606,511,6,530,32,520,19,132535
444,132607,344,290,381,315,362,302,132536
444,132608,201,275,222,295,211,285,132537
445,132609,444,0,533,72,488,36,132539
445,132610,539,247,571,274,555,260,132540
445,132611,596,234,621,263,608,248,132541
445,132612,468,183,490,228,479,205,132542
445,132613,596,127,623,165,609,146,132543
445,132614,266,0,345,50,305,25,132544
445,132615,382,121,402,156,392,138,132545
445,132616,528,70,558,96,543,83,132546
445,132617,417,112,441,145,429,128,132547
445,132618,60,164,79,186,69,175,132548
445,132619,543,206,578,231,560,218,132549
445,132620,99,166,116,200,107,183,132550
445,132621,362,20,384,66,373,43,132551
445,132622,435,46,459,71,447,58,132552
445,132623,208,317,231,346,219,331,132553
445,132624,396,274,422,295,409,284,132554
445,132625,300,52,321,84,310,68,132555
445,132626,245,52,267,78,256,65,132556
445,132627,609,0,636,21,622,10,132557
445,132628,278,291,302,312,290,301,132558
445,132629,271,74,291,105,281,89,132559
445,132630,505,25,527,48,516,36,132560
445,132631,574,69,609,97,591,83,132561
445,132632,261,178,281,210,271,194,132562
445,132633,428,14,454,30,441,22,132563
445,132634,396,11,417,33,406,22,132564
445,132635,612,49,635,74,623,61,132565
445,132636,293,228,313,258,303,243,132566
445,132637,119,89,137,115,128,102,132567
445,132638,406,30,429,51,417,40,132568
445,132639,232,84,256,106,244,95,132569
445,132640,36,120,54,141,45,130,132570
445,132641,72,129,88,155,80,142,132571
445,132642,57,98,80,123,68,110,132572
445,132643,229,50,250,74,239,62,132573
445,132644,200,13,220,34,210,23,132574
445,132645,212,24,236,45,224,34,132575
445,132646,37,158,56,177,46,167,132576
445,132647,40,88,56,114,48,101,132577
445,132648,486,254,512,277,499,265,132578
445,132649,280,16,304,37,292,26,132579
445,132650,323,2,339,21,331,11,132580
445,132651,125,0,189,23,157,11,132581
445,132652,52,19,67,53,59,36,132582
445,132653,130,0,149,13,139,6,132583
445,132654,163,0,180,4,171,2,132584
445,132655,328,245,351,266,339,255,132585
445,132656,217,0,228,8,222,4,132586
445,132657,186,81,209,103,197,92,132587
445,132658,195,56,212,83,203,69,132588
445,132659,333,272,354,288,343,280,132589
445,132660,313,128,336,153,324,140,132590
445,132661,306,98,334,120,320,109,132591
445,132662,538,0,568,12,553,6,132592
445,132663,539,160,564,182,551,171,132593
445,132664,348,61,375,85,361,73,132594
445,132665,614,75,636,107,625,91,132595
445,132666,28,244,43,262,35,253,132596
445,132667,37,226,59,245,48,235,132597
445,132668,195,126,211,152,203,139,132598
445,132669,67,20,81,40,74,30,132599
445,132670,31,274,47,298,39,286,132600
445,132671,617,342,639,357,628,349,132601
445,132672,595,340,617,358,606,349,132602
445,132673,582,10,607,21,594,15,132603
445,132674,596,314,625,333,610,323,132604
445,132675,384,9,398,27,391,18,132605
445,132676,511,6,529,32,520,19,132606
445,132677,344,289,381,315,362,302,132607
445,132678,201,275,222,295,211,285,132608
445,132679,377,279,396,296,386,287,
446,132680,444,0,533,72,488,36,132609
446,132681,539,247,571,273,555,260,132610
446,132682,596,234,620,263,608,248,132611
446,132683,468,183,490,229,479,206,132612
446,132684,596,127,623,165,609,146,132613
446,132685,266,0,345,50,305,25,132614
446,132686,382,121,402,156,392,138,132615
446,132687,528,70,558,96,543,83,132616
446,132688,417,112,441,145,429,128,132617
446,132689,60,164,79,186,69,175,132618
446,132690,543,206,578,231,560,218,132619
446,132691,99,166,116,200,107,183,132620
446,132692,362,21,384,66,373,43,132621
446,132693,435,46,459,71,447,58,132622
446,132694,208,317,231,346,219,331,132623
446,132695,396,274,421,296,408,285,132624
446,132696,300,52,321,84,310,68,132625
446,132697,245,52,267,78,256,65,132626
446,132698,609,0,636,21,622,10,132627
446,132699,279,291,302,312,290,301,132628
446,132700,271,74,291,105,281,89,132629
446,132701,505,25,527,48,516,36,132630
446,132702,574,69,609,97,591,83,132631
446,132703,261,178,281,210,271,194,132632
446,132704,428,14,454,30,441,22,132633
446,132705,397,11,417,33,407,22,132634
446,132706,612,49,634,74,623,61,132635
446,132707,293,228,313,258,303,243,132636
446,132708,119,89,137,115,128,102,132637
446,132709,406,30,429,51,417,40,132638
446,132710,232,84,256,106,244,95,132639
446,132711,36,120,54,141,45,130,132640
446,132712,72,129,88,155,80,142,132641
446,132713,57,98,80,123,68,110,132642
446,132714,229,50,250,74,239,62,132643
446,132715,200,13,220,34,210,23,132644
446,132716,212,24,236,45,224,34,132645
446,132717,37,158,56,177,46,167,132646
446,132718,40,88,56,114,48,101,132647
446,132719,486,254,512,277,499,265,132648
446,132720,280,16,304,37,292,26,132649
446,132721,323,2,340,21,331,11,132650
446,132722,125,0,189,23,157,11,132651
446,132723,52,19,67,53,59,36,132652
446,132724,129,0,149,13,139,6,132653
446,132725,163,0,180,4,171,2,132654
446,132726,328,245,351,266,339,255,132655
446,132727,217,0,228,8,222,4,132656
446,132728,186,81,209,103,197,92,132657
446,132729,195,56,212,83,203,69,132658
446,132730,332,272,353,288,342,280,132659
446,132731,313,128,336,153,324,140,132660
446,132732,306,98,334,120,320,109,132661
446,132733,539,0,568,12,553,6,132662
446,132734,539,160,565,182,552,171,132663
446,132735,348,62,375,85,361,73,132664
446,132736,614,75,636,107,625,91,132665
446,132737,28,244,43,262,35,253,132666
446,132738,38,226,58,246,48,236,132667
446,132739,196,127,212,152,204,139,132668
446,132740,67,20,81,40,74,30,132669
446,132741,31,274,47,298,39,286,132670
446,132742,617,339,639,357,628,348,132671
446,132743,595,340,617,358,606,349,132672
446,132744,582,10,607,21,594,15,132673
446,132745,597,314,627,333,612,323,132674
446,132746,384,9,398,27,391,18,132675
446,132747,511,6,529,32,520,19,132676
446,132748,344,290,381,315,362,302,132677
446,132749,201,275,222,295,211,285,132678
446,132750,378,279,396,296,387,287,132679
447,132751,444,0,533,72,488,36,132680
447,132752,539,247,571,273,555,260,132681
447,132753,596,234,620,263,608,248,132682
447,132754,468,183,490,229,479,206,132683
447,132755,596,127,623,165,609,146,132684
447,132756,266,0,345,50,305,25,132685
447,132757,382,121,402,156,392,138,132686
447,132758,528,70,558,96,543,83,132687
447,132759,417,112,441,145,429,128,132688
447,132760,60,164,79,186,69,175,132689
447,132761,543,206,578,231,560,218,132690
447,132762,99,166,116,200,107,183,132691
447,132763,362,21,384,66,373,43,132692
447,132764,435,46,459,72,447,59,132693
447,132765,208,317,231,346,219,331,132694
447,132766,397,273,421,296,409,284,132695
447,132767,300,52,321,84,310,68,132696
447,132768,245,52,267,78,256,65,132697
447,132769,609,0,636,21,622,10,132698
447,132770,279,290,302,312,290,301,132699
447,132771,271,74,291,105,281,89,132700
447,132772,505,24,527,48,516,36,132701
447,132773,574,69,609,97,591,83,132702
447,132774,261,178,281,210,271,194,132703
447,132775,428,15,454,30,441,22,132704
447,132776,397,11,417,33,407,22,132705
447,132777,611,49,634,74,622,61,132706
447,132778,293,228,313,258,303,243,132707
447,132779,119,89,137,115,128,102,132708
447,132780,406,30,429,51,417,40,132709
447,132781,233,84,256,106,244,95,132710
447,132782,36,120,54,141,45,130,132711
447,132783,72,129,88,155,80,142,132712
447,132784,57,98,80,123,68,110,132713
447,132785,229,50,250,74,239,62,132714
447,132786,200,13,220,34,210,23,132715
447,132787,212,24,236,45,224,34,132716
447,132788,37,158,56,177,46,167,132717
447,132789,40,88,56,114,48,101,132718
447,132790,486,254,512,277,499,265,132719
447,132791,280,16,304,37,292,26,132720
447,132792,323,2,340,21,331,11,132721
447,132793,125,0,189,23,157,11,132722
447,132794,52,19,67,53,59,36,132723
447,132795,129,0,149,13,139,6,132724
447,132796,163,0,180,5,171,2,132725
447,132797,328,245,350,266,339,255,132726
447,132798,217,0,228,8,222,4,132727
447,132799,186,81,209,103,197,92,132728
447,132800,195,56,212,83,203,69,132729
447,132801,330,272,352,288,341,280,132730
447,132802,313,128,336,153,324,140,132731
447,132803,306,98,334,120,320,109,132732
447,132804,539,0,568,12,553,6,132733
447,132805,539,160,565,182,552,171,132734
447,132806,348,62,375,85,361,73,132735
447,132807,614,75,636,107,625,91,132736
447,132808,29,244,43,262,36,253,132737
447,132809,38,226,58,246,48,236,132738
447,132810,197,130,214,153,205,141,132739
447,132811,67,20,81,40,74,30,132740
447,132812,31,274,47,298,39,286,132741
447,132813,617,339,639,357,628,348,132742
447,132814,595,340,617,358,606,349,132743
447,132815,582,10,607,21,594,15,132744
447,132816,599,314,628,334,613,324,132745
447,132817,384,9,398,27,391,18,132746
447,132818,511,6,529,32,520,19,132747
447,132819,201,275,222,295,211,285,132749
447,132820,378,279,396,295,387,287,132750
448,132821,444,0,533,72,488,36,132751
448,132822,539,247,571,273,555,260,132752
448,132823,596,234,620,263,608,248,132753
448,132824,468,183,490,229,479,206,132754
448,132825,596,127,623,164,609,145,132755
448,132826,266,0,345,50,305,25,132756
448,132827,382,121,402,156,392,138,132757
448,132828,528,70,558,96,543,83,132758
448,132829,417,112,441,145,429,128,132759
448,132830,60,164,79,186,69,175,132760
448,132831,543,206,578,231,560,218,132761
448,132832,99,166,116,200,107,183,132762
448,132833,362,20,384,66,373,43,132763
448,132834,435,46,459,72,447,59,132764
448,132835,208,316,231,346,219,331,132765
448,132836,398,273,421,297,409,285,132766
448,132837,300,52,321,84,310,68,132767
448,132838,245,52,267,78,256,65,132768
448,132839,609,0,636,21,622,10,132769
448,132840,279,290,302,312,290,301,132770
448,132841,271,75,291,105,281,90,132771
448,132842,505,24,526,48,515,36,132772
448,132843,574,69,609,97,591,83,132773
448,132844,261,178,281,210,271,194,132774
448,132845,428,15,454,30,441,22,132775
448,132846,397,11,418,33,407,22,132776
448,132847,611,49,634,74,622,61,132777
448,132848,293,228,313,258,303,243,132778
448,132849,119,89,137,115,128,102,132779
448,132850,406,30,429,51,417,40,132780
448,132851,233,84,256,106,244,95,132781
448,132852,36,120,54,141,45,130,132782
448,132853,72,129,88,155,80,142,132783
448,132854,57,98,80,123,68,110,132784
448,132855,229,50,250,74,239,62,132785
448,132856,200,13,220,34,210,23,132786
448,132857,212,24,236,45,224,34,132787
448,132858,37,158,55,177,46,167,132788
448,132859,40,88,56,114,48,101,132789
448,132860,486,254,512,277,499,265,132790
448,132861,280,16,304,37,292,26,132791
448,132862,323,2,340,21,331,11,132792
448,132863,125,0,189,23,157,11,132793
448,132864,52,19,67,53,59,36,132794
448,132865,163,0,180,5,171,2,132796
448,132866,328,245,351,266,339,255,132797
448,132867,217,0,228,8,222,4,132798
448,132868,186,81,208,103,197,92,132799
448,132869,195,56,212,83,203,69,132800
448,132870,329,272,351,288,340,280,132801
448,132871,313,128,336,153,324,140,132802
448,132872,306,98,334,120,320,109,132803
448,132873,539,0,568,11,553,5,132804
448,132874,539,160,565,182,552,171,132805
448,132875,348,62,375,85,361,73,132806
448,132876,614,75,636,107,625,91,132807
448,132877,29,244,43,262,36,253,132808
448,132878,38,226,59,246,48,236,132809
448,132879,199,133,216,156,207,144,132810
448,132880,67,20,81,40,74,30,132811
448,132881,31,274,47,298,39,286,132812
448,132882,617,338,639,358,628,348,132813
448,132883,595,340,617,358,606,349,132814
448,132884,582,10,607,21,594,15,132815
448,132885,601,313,628,334,614,323,132816
448,132886,384,9,399,27,391,18,132817
448,132887,510,6,529,32,519,19,132818
448,132888,201,275,222,295,211,285,132819
448,132889,377,280,397,296,387,288,132820
449,132890,444,0,533,72,488,36,132821
449,132891,539,247,571,273,555,260,132822
449,132892,596,234,620,263,608,248,132823
449,132893,468,183,490,229,479,206,132824
449,132894,596,127,623,164,609,145,132825
449,132895,266,0,345,50,305,25,132826
449,132896,382,121,402,156,392,138,132827
449,132897,528,70,558,96,543,83,132828
449,132898,417,112,442,145,429,128,132829
449,132899,60,164,79,186,69,175,132830
449,132900,543,206,578,231,560,218,132831
449,132901,99,166,116,200,107,183,132832
449,132902,362,20,384,66,373,43,132833
449,132903,435,46,459,72,447,59,132834
449,132904,208,316,231,346,219,331,132835
449,132905,398,273,421,297,409,285,132836
449,132906,300,52,321,84,310,68,132837
449,132907,245,52,267,78,256,65,132838
449,132908,609,0,636,21,622,10,132839
449,132909,279,290,302,312,290,301,132840
449,132910,271,75,291,105,281,90,132841
449,132911,505,24,526,48,515,36,132842
449,132912,574,69,609,97,591,83,132843
449,132913,261,178,281,210,271,194,132844
449,132914,428,15,454,30,441,22,132845
449,132915,397,11,418,33,407,22,132846
449,132916,611,49,634,74,622,61,132847
449,132917,293,228,313,258,303,243,132848
449,132918,119,89,137,115,128,102,132849
449,132919,406,30,429,51,417,40,132850
449,132920,232,84,256,106,244,95,132851
449,132921,36,120,54,141,45,130,132852
449,132922,72,129,88,155,80,142,132853
449,132923,57,98,80,123,68,110,132854
449,132924,229,50,250,74,239,62,132855
449,132925,200,13,220,34,210,23,132856
449,132926,212,24,236,45,224,34,132857
449,132927,37,158,55,177,46,167,132858
449,132928,40,88,56,114,48,101,132859
449,132929,486,254,512,277,499,265,132860
449,132930,280,16,304,37,292,26,132861
449,132931,323,2,340,21,331,11,132862
449,132932,125,0,189,23,157,11,132863
449,132933,52,19,67,53,59,36,132864
449,132934,163,0,180,5,171,2,132865
449,132935,328,245,351,266,339,255,132866
449,132936,217,0,228,8,222,4,132867
449,132937,186,81,208,103,197,92,132868
449,132938,195,56,212,83,203,69,132869
449,132939,329,272,350,288,339,280,132870
449,132940,313,128,336,153,324,140,132871
449,132941,306,98,334,120,320,109,132872
449,132942,539,0,568,11,553,5,132873
449,132943,539,160,565,183,552,171,132874
449,132944,348,62,375,85,361,73,132875
449,132945,614,75,636,107,625,91,132876
449,132946,29,244,43,262,36,253,132877
449,132947,38,226,59,246,48,236,132878
449,132948,199,134,217,157,208,145,132879
449,132949,67,20,81,40,74,30,132880
449,132950,31,274,47,298,39,286,132881
449,132951,616,337,639,358,627,347,132882
449,132952,595,340,617,358,606,349,132883
449,132953,582,10,607,21,594,15,132884
449,132954,602,313,628,333,615,323,132885
449,132955,384,9,399,27,391,18,132886
449,132956,510,6,529,32,519,19,132887
449,132957,201,275,222,295,211,285,132888
449,132958,377,280,397,296,387,288,132889
450,132959,444,0,533,72,488,36,132890
450,132960,539,247,571,273,555,260,132891
450,132961,596,234,620,263,608,248,132892
450,132962,468,183,490,229,479,206,132893
450,132963,596,127,623,164,609,145,132894
450,132964,266,0,345,50,305,25,132895
450,132965,382,121,402,156,392,138,132896
450,132966,528,70,558,96,543,83,132897
450,132967,417,112,442,145,429,128,132898
450,132968,60,164,79,186,69,175,132899
450,132969,543,206,578,231,560,218,132900
450,132970,99,166,116,200,107,183,132901
450,132971,362,20,384,66,373,43,132902
450,132972,435,46,459,72,447,59,132903
450,132973,208,316,231,346,219,331,132904
450,132974,398,273,421,297,409,285,132905
450,132975,300,52,321,84,310,68,132906
450,132976,245,52,267,78,256,65,132907
450,132977,609,0,636,21,622,10,132908
450,132978,279,290,302,312,290,301,132909
450,132979,271,75,291,105,281,90,132910
450,132980,505,24,526,48,515,36,132911
450,132981,574,69,609,97,591,83,132912
450,132982,261,178,281,210,271,194,132913
450,132983,428,15,454,30,441,22,132914
450,132984,397,11,417,33,407,22,132915
450,132985,611,49,634,74,622,61,132916
450,132986,293,227,313,258,303,242,132917
450,132987,119,89,137,115,128,102,132918
450,132988,406,30,429,51,417,40,132919
450,132989,232,84,256,106,244,95,132920
450,132990,36,120,54,141,45,130,132921
450,132991,72,129,88,155,80,142,132922
450,132992,57,98,80,123,68,110,132923
450,132993,229,50,250,74,239,62,132924
450,132994,200,13,220,34,210,23,132925
450,132995,212,24,236,45,224,34,132926
450,132996,37,158,55,177,46,167,132927
450,132997,40,88,56,114,48,101,132928
450,132998,486,254,512,277,499,265,132929
450,132999,280,16,304,37,292,26,132930
450,133000,323,2,340,21,331,11,132931
450,133001,125,0,189,23,157,11,132932
450,133002,52,19,67,53,59,36,132933
450,133003,163,0,180,5,171,2,132934
450,133004,328,245,351,266,339,255,132935
450,133005,217,0,228,8,222,4,132936
450,133006,186,81,208,104,197,92,132937
450,133007,195,56,212,83,203,69,132938
450,133008,328,272,350,289,339,280,132939
450,133009,313,128,336,153,324,140,132940
450,133010,306,98,334,120,320,109,132941
450,133011,539,0,568,11,553,5,132942
450,133012,539,159,565,183,552,171,132943
450,133013,348,62,375,85,361,73,132944
450,133014,614,75,636,107,625,91,132945
450,133015,29,244,43,262,36,253,132946
450,133016,38,226,59,246,48,236,132947
450,133017,201,136,218,160,209,148,132948
450,133018,67,20,81,40,74,30,132949
450,133019,31,274,47,298,39,286,132950
450,133020,617,337,639,358,628,347,132951
450,133021,595,340,617,358,606,349,132952
450,133022,582,10,607,21,594,15,132953
450,133023,603,313,630,333,616,323,132954
450,133024,384,9,398,27,391,18,132955
450,133025,510,6,529,32,519,19,132956
450,133026,201,275,222,295,211,285,132957
450,133027,377,280,397,296,387,288,132958
450,133028,347,288,381,314,364,301,
451,133029,444,0,533,72,488,36,132959
451,133030,539,247,571,273,555,260,132960
451,133031,596,234,621,263,608,248,132961
451,133032,468,183,490,227,479,205,132962
451,133033,596,127,623,164,609,145,132963
451,133034,266,0,345,50,305,25,132964
451,133035,382,121,402,156,392,138,132965
451,133036,528,70,558,96,543,83,132966
451,133037,417,112,441,145,429,128,132967
451,133038,60,164,80,186,70,175,132968
451,133039,543,206,578,231,560,218,132969
451,133040,99,165,116,200,107,182,132970
451,133041,362,20,384,66,373,43,132971
451,133042,435,46,458,72,446,59,132972
451,133043,208,316,231,345,219,330,132973
451,133044,399,273,421,298,410,285,132974
451,133045,300,52,321,84,310,68,132975
451,133046,245,52,267,78,256,65,132976
451,133047,609,0,636,21,622,10,132977
451,133048,278,291,302,312,290,301,132978
451,133049,271,75,291,105,281,90,132979
451,133050,505,25,526,48,515,36,132980
451,133051,574,69,609,97,591,83,132981
451,133052,261,178,281,210,271,194,132982
451,133053,428,15,454,30,441,22,132983
451,133054,396,11,418,33,407,22,132984
451,133055,612,48,634,74,623,61,132985
451,133056,293,228,313,257,303,242,132986
451,133057,119,89,137,115,128,102,132987
451,133058,406,30,429,51,417,40,132988
451,133059,233,84,256,106,244,95,132989
451,133060,36,120,54,141,45,130,132990
451,133061,72,129,88,155,80,142,132991
451,133062,57,98,80,123,68,110,132992
451,133063,229,50,250,74,239,62,132993
451,133064,200,13,220,34,210,23,132994
451,133065,212,24,236,45,224,34,132995
451,133066,37,158,55,177,46,167,132996
451,133067,40,88,56,114,48,101,132997
451,133068,486,254,512,277,499,265,132998
451,133069,280,15,304,37,292,26,132999
451,133070,322,2,339,21,330,11,133000
451,133071,126,0,188,22,157,11,133001
451,133072,52,19,67,53,59,36,133002
451,133073,163,0,180,4,171,2,133003
451,133074,328,245,350,266,339,255,133004
451,133075,217,0,228,8,222,4,133005
451,133076,186,81,208,104,197,92,133006
451,133077,195,56,212,83,203,69,133007
451,133078,328,272,350,290,339,281,133008
451,133079,313,128,336,153,324,140,133009
451,133080,306,98,334,120,320,109,133010
451,133081,538,0,568,11,553,5,133011
451,133082,539,159,565,182,552,170,133012
451,133083,348,62,375,85,361,73,133013
451,133084,613,75,636,107,624,91,133014
451,133085,29,244,43,262,36,253,133015
451,133086,38,227,59,246,48,236,133016
451,133087,202,138,219,163,210,150,133017
451,133088,66,20,81,40,73,30,133018
451,133089,31,274,47,298,39,286,133019
451,133090,617,340,639,358,628,349,133020
451,133091,595,341,617,358,606,349,133021
451,133092,582,10,607,21,594,15,133022
451,133093,604,312,633,332,618,322,133023
451,133094,384,9,399,28,391,18,133024
451,133095,201,275,222,295,211,285,133026
451,133096,377,280,398,297,387,288,133027
451,133097,347,289,380,314,363,301,133028
451,133098,565,351,595,359,580,355,
451,133099,129,0,149,13,139,6,
452,133100,444,0,533,72,488,36,133029
452,133101,539,247,571,273,555,260,133030
452,133102,596,234,621,263,608,248,133031
452,133103,468,183,490,226,479,204,133032
452,133104,596,127,623,164,609,145,133033
452,133105,266,0,345,50,305,25,133034
452,133106,382,121,402,156,392,138,133035
452,133107,529,70,558,96,543,83,133036
452,133108,417,112,441,145,429,128,133037
452,133109,60,164,80,186,70,175,133038
452,133110,543,206,578,231,560,218,133039
452,133111,99,165,116,200,107,182,133040
452,133112,362,20,384,66,373,43,133041
452,133113,435,46,458,72,446,59,133042
452,133114,208,316,231,345,219,330,133043
452,133115,399,273,421,298,410,285,133044
452,133116,300,52,321,84,310,68,133045
452,133117,245,52,267,78,256,65,133046
452,133118,609,0,636,21,622,10,133047
452,133119,278,290,302,312,290,301,133048
452,133120,271,74,291,105,281,89,133049
452,133121,505,25,526,48,515,36,133050
452,133122,574,69,609,97,591,83,133051
452,133123,261,178,281,210,271,194,133052
452,133124,428,15,454,30,441,22,133053
452,133125,396,11,417,33,406,22,133054
452,133126,611,48,634,74,622,61,133055
452,133127,294,228,313,257,303,242,133056
452,133128,119,89,137,114,128,101,133057
452,133129,406,30,429,51,417,40,133058
452,133130,233,84,256,106,244,95,133059
452,133131,36,120,54,141,45,130,133060
452,133132,72,129,88,155,80,142,133061
452,133133,57,98,80,123,68,110,133062
452,133134,229,50,250,74,239,62,133063
452,133135,200,13,220,34,210,23,133064
452,133136,213,24,236,45,224,34,133065
452,133137,37,158,55,177,46,167,133066
452,133138,40,88,56,114,48,101,133067
452,133139,486,254,512,277,499,265,133068
452,133140,280,15,304,37,292,26,133069
452,133141,322,2,339,21,330,11,133070
452,133142,126,0,188,22,157,11,133071
452,133143,52,19,67,53,59,36,133072
452,133144,163,0,180,4,171,2,133073
452,133145,328,245,350,266,339,255,133074
452,133146,217,0,228,8,222,4,133075
452,133147,186,81,208,104,197,92,133076
452,133148,196,56,212,83,204,69,133077
452,133149,327,272,349,290,338,281,133078
452,133150,313,128,336,153,324,140,133079
452,133151,306,98,334,120,320,109,133080
452,133152,537,0,568,11,552,5,133081
452,133153,539,159,565,182,552,170,133082
452,133154,348,62,375,85,361,73,133083
452,133155,613,75,636,107,624,91,133084
452,133156,29,244,43,262,36,253,133085
452,133157,38,227,59,246,48,236,133086
452,133158,203,140,221,165,212,152,133087
452,133159,66,20,81,40,73,30,133088
452,133160,31,274,47,298,39,286,133089
452,133161,617,342,639,358,628,350,133090
452,133162,594,341,616,358,605,349,133091
452,133163,582,10,607,21,594,15,133092
452,133164,606,310,636,331,621,320,133093
452,133165,384,9,400,29,392,19,133094
452,133166,201,275,222,295,211,285,133095
452,133167,377,280,398,297,387,288,133096
452,133168,348,287,380,313,364,300,133097
452,133169,565,351,593,359,579,355,133098
452,133170,130,0,149,13,139,6,133099
453,133171,444,0,533,72,488,36,133100
453,133172,539,247,571,273,555,260,133101
453,133173,596,234,621,263,608,248,133102
453,133174,468,183,490,226,479,204,133103
453,133175,596,127,623,164,609,145,133104
453,133176,266,0,345,50,305,25,133105
453,133177,382,121,403,156,392,138,133106
453,133178,529,70,558,96,543,83,133107
453,133179,417,112,441,145,429,128,133108
453,133180,60,164,79,186,69,175,133109
453,133181,543,206,578,231,560,218,133110
453,133182,99,165,116,200,107,182,133111
453,133183,362,20,384,66,373,43,133112
453,133184,435,46,458,72,446,59,133113
453,133185,208,316,231,345,219,330,133114
453,133186,399,273,421,298,410,285,133115
453,133187,300,52,321,84,310,68,133116
453,133188,245,52,267,78,256,65,133117
453,133189,609,0,636,21,622,10,133118
453,133190,278,291,302,312,290,301,133119
453,133191,271,75,291,105,281,90,133120
453,133192,505,24,526,49,515,36,133121
453,133193,574,69,609,97,591,83,133122
453,133194,261,178,281,210,271,194,133123
453,133195,428,15,454,30,441,22,133124
453,133196,396,11,417,33,406,22,133125
453,133197,611,48,634,74,622,61,133126
453,133198,294,228,313,257,303,242,133127
453,133199,119,89,137,114,128,101,133128
453,133200,406,30,429,51,417,40,133129
453,133201,233,84,256,106,244,95,133130
453,133202,36,120,54,141,45,130,133131
453,133203,72,129,88,155,80,142,133132
453,133204,57,98,80,123,68,110,133133
453,133205,229,50,250,74,239,62,133134
453,133206,200,13,220,34,210,23,133135
453,133207,213,24,236,45,224,34,133136
453,133208,37,158,55,177,46,167,133137
453,133209,40,88,56,114,48,101,133138
453,133210,486,254,512,277,499,265,133139
453,133211,280,16,303,37,291,26,133140
453,133212,322,2,339,21,330,11,133141
453,133213,127,0,188,22,157,11,133142
453,133214,52,19,67,53,59,36,133143
453,133215,163,0,180,4,171,2,133144
453,133216,328,245,350,266,339,255,133145
453,133217,217,0,228,8,222,4,133146
453,133218,186,81,208,104,197,92,133147
453,133219,196,56,212,83,204,69,133148
453,133220,327,272,349,289,338,280,133149
453,133221,313,128,336,153,324,140,133150
453,133222,306,98,334,120,320,109,133151
453,133223,537,0,568,11,552,5,133152
453,133224,539,159,565,182,552,170,133153
453,133225,348,61,375,85,361,73,133154
453,133226,613,75,636,107,624,91,133155
453,133227,29,244,43,262,36,253,133156
453,133228,38,227,59,246,48,236,133157
453,133229,205,143,222,166,213,154,133158
453,133230,67,20,81,40,74,30,133159
453,133231,31,274,47,298,39,286,133160
453,133232,617,343,639,358,628,350,133161
453,133233,593,341,616,358,604,349,133162
453,133234,582,10,607,21,594,15,133163
453,133235,608,308,638,330,623,319,133164
453,133236,384,9,399,28,391,18,133165
453,133237,201,275,222,295,211,285,133166
453,133238,377,280,398,298,387,289,133167
453,133239,348,286,381,313,364,299,133168
453,133240,565,351,595,359,580,355,133169
453,133241,130,0,149,13,139,6,133170
454,133242,444,0,533,72,488,36,133171
454,133243,539,247,571,273,555,260,133172
454,133244,596,234,621,263,608,248,133173
454,133245,468,183,490,226,479,204,133174
454,133246,596,127,623,164,609,145,133175
454,133247,266,0,345,50,305,25,133176
454,133248,382,121,403,156,392,138,133177
454,133249,528,70,558,96,543,83,133178
454,133250,417,112,441,145,429,128,133179
454,133251,60,164,79,186,69,175,133180
454,133252,543,206,578,231,560,218,133181
454,133253,99,165,116,200,107,182,133182
454,133254,362,20,384,66,373,43,133183
454,133255,435,47,458,72,446,59,133184
454,133256,208,316,231,345,219,330,133185
454,133257,399,273,421,298,410,285,133186
454,133258,300,52,321,84,310,68,133187
454,133259,245,52,267,78,256,65,133188
454,133260,609,0,636,21,622,10,133189
454,133261,278,290,302,312,290,301,133190
454,133262,271,75,291,105,281,90,133191
454,133263,505,25,526,49,515,37,133192
454,133264,574,69,609,97,591,83,133193
454,133265,261,178,281,210,271,194,133194
454,133266,428,15,454,30,441,22,133195
454,133267,396,11,417,33,406,22,133196
454,133268,611,48,634,74,622,61,133197
454,133269,294,228,313,257,303,242,133198
454,133270,119,89,137,114,128,101,133199
454,133271,406,30,429,51,417,40,133200
454,133272,233,84,256,106,244,95,133201
454,133273,36,120,54,141,45,130,133202
454,133274,72,129,88,155,80,142,133203
454,133275,57,98,80,123,68,110,133204
454,133276,229,50,250,74,239,62,133205
454,133277,200,13,220,34,210,23,133206
454,133278,213,24,236,45,224,34,133207
454,133279,37,158,55,177,46,167,133208
454,133280,40,88,56,114,48,101,133209
454,133281,486,254,512,277,499,265,133210
454,133282,281,16,303,37,292,26,133211
454,133283,322,2,339,21,330,11,133212
454,133284,127,0,188,22,157,11,133213
454,133285,52,19,67,53,59,36,133214
454,133286,163,0,180,4,171,2,133215
454,133287,328,245,350,266,339,255,133216
454,133288,217,0,228,8,222,4,133217
454,133289,186,81,208,104,197,92,133218
454,133290,196,56,212,83,204,69,133219
454,133291,327,273,348,288,337,280,133220
454,133292,313,128,336,153,324,140,133221
454,133293,306,98,334,120,320,109,133222
454,133294,537,0,568,11,552,5,133223
454,133295,539,159,565,182,552,170,133224
454,133296,348,61,375,85,361,73,133225
454,133297,613,75,636,107,624,91,133226
454,133298,29,244,43,262,36,253,133227
454,133299,38,227,59,246,48,236,133228
454,133300,206,145,223,168,214,156,133229
454,133301,67,20,81,40,74,30,133230
454,133302,31,274,47,298,39,286,133231
454,133303,617,343,639,358,628,350,133232
454,133304,592,341,616,358,604,349,133233
454,133305,582,10,607,21,594,15,133234
454,133306,610,305,639,329,624,317,133235
454,133307,384,9,398,28,391,18,133236
454,133308,201,275,222,295,211,285,133237
454,133309,377,280,398,298,387,289,133238
454,133310,348,286,381,313,364,299,133239
454,133311,130,0,149,13,139,6,133241
455,133312,444,0,533,72,488,36,133242
455,133313,539,246,571,273,555,259,133243
455,133314,596,234,621,263,608,248,133244
455,133315,468,183,490,226,479,204,133245
455,133316,597,127,623,164,610,145,133246
455,133317,266,0,345,50,305,25,133247
455,133318,382,121,403,156,392,138,133248
455,133319,529,70,558,96,543,83,133249
455,133320,417,112,441,145,429,128,133250
455,133321,60,164,80,186,70,175,133251
455,133322,543,206,578,231,560,218,133252
455,133323,99,165,116,200,107,182,133253
455,133324,362,20,384,66,373,43,133254
455,133325,435,47,458,73,446,60,133255
455,133326,208,316,231,345,219,330,133256
455,133327,398,273,421,298,409,285,133257
455,133328,300,52,321,84,310,68,133258
455,133329,245,52,267,78,256,65,133259
455,133330,609,0,636,21,622,10,133260
455,133331,278,291,302,312,290,301,133261
455,133332,271,75,291,105,281,90,133262
455,133333,505,25,525,49,515,37,133263
455,133334,574,69,609,97,591,83,133264
455,133335,261,178,281,210,271,194,133265
455,133336,428,15,454,30,441,22,133266
455,133337,396,11,417,33,406,22,133267
455,133338,611,49,634,74,622,61,133268
455,133339,294,228,313,257,303,242,133269
455,133340,119,89,137,114,128,101,133270
455,133341,406,30,429,51,417,40,133271
455,133342,233,84,256,106,244,95,133272
455,133343,36,120,54,141,45,130,133273
455,133344,72,129,88,155,80,142,133274
455,133345,57,98,80,123,68,110,133275
455,133346,229,50,249,74,239,62,133276
455,133347,200,13,220,34,210,23,133277
455,133348,213,24,236,45,224,34,133278
455,133349,37,158,55,177,46,167,133279
455,133350,40,88,56,114,48,101,133280
455,133351,486,254,512,277,499,265,133281
455,133352,281,16,302,39,291,27,133282
455,133353,322,2,339,21,330,11,133283
455,133354,127,0,188,22,157,11,133284
455,133355,52,19,67,53,59,36,133285
455,133356,163,0,180,4,171,2,133286
455,133357,328,245,350,266,339,255,133287
455,133358,217,0,228,8,222,4,133288
455,133359,186,81,208,103,197,92,133289
455,133360,196,56,212,83,204,69,133290
455,133361,327,273,347,288,337,280,133291
455,133362,313,128,336,153,324,140,133292
455,133363,307,98,334,120,320,109,133293
455,133364,536,0,568,11,552,5,133294
455,133365,539,159,565,183,552,171,133295
455,133366,348,61,375,85,361,73,133296
455,133367,613,75,636,107,624,91,133297
455,133368,29,244,43,263,36,253,133298
455,133369,38,227,59,246,48,236,133299
455,133370,207,148,224,173,215,160,133300
455,133371,66,20,81,40,73,30,133301
455,133372,31,274,47,298,39,286,133302
455,133373,617,343,639,358,628,350,133303
455,133374,592,341,615,358,603,349,133304
455,133375,582,10,607,21,594,15,133305
455,133376,611,305,640,328,625,316,133306
455,133377,384,9,398,28,391,18,133307
455,133378,201,275,222,295,211,285,133308
455,133379,377,280,398,298,387,289,133309
455,133380,130,0,149,13,139,6,133311
456,133381,444,0,533,72,488,36,133312
456,133382,539,246,571,273,555,259,133313
456,133383,596,234,621,263,608,248,133314
456,133384,468,183,490,225,479,204,133315
456,133385,597,127,623,164,610,145,133316
456,133386,266,0,345,50,305,25,133317
456,133387,382,121,403,156,392,138,133318
456,133388,529,70,558,96,543,83,133319
456,133389,417,112,441,145,429,128,133320
456,133390,60,164,79,186,69,175,133321
456,133391,543,206,578,231,560,218,133322
456,133392,99,165,116,200,107,182,133323
456,133393,362,20,384,66,373,43,133324
456,133394,435,47,458,73,446,60,133325
456,133395,208,316,231,345,219,330,133326
456,133396,398,273,421,297,409,285,133327
456,133397,300,52,321,84,310,68,133328
456,133398,245,52,267,78,256,65,133329
456,133399,609,0,636,21,622,10,133330
456,133400,278,290,302,312,290,301,133331
456,133401,271,74,291,105,281,89,133332
456,133402,505,25,525,49,515,37,133333
456,133403,574,69,609,97,591,83,133334
456,133404,261,178,281,210,271,194,133335
456,133405,428,15,454,30,441,22,133336
456,133406,397,11,417,33,407,22,133337
456,133407,611,49,634,74,622,61,133338
456,133408,294,228,313,257,303,242,133339
456,133409,119,89,137,114,128,101,133340
456,133410,406,30,429,51,417,40,133341
456,133411,233,84,256,106,244,95,133342
456,133412,36,120,54,141,45,130,133343
456,133413,72,129,88,155,80,142,133344
456,133414,57,98,80,123,68,110,133345
456,133415,229,50,249,74,239,62,133346
456,133416,200,13,220,34,210,23,133347
456,133417,213,24,236,45,224,34,133348
456,133418,37,158,55,177,46,167,133349
456,133419,40,88,56,114,48,101,133350
456,133420,486,254,512,277,499,265,133351
456,133421,281,16,302,39,291,27,133352
456,133422,322,2,339,21,330,11,133353
456,133423,127,0,188,22,157,11,133354
456,133424,52,19,67,53,59,36,133355
456,133425,163,0,180,4,171,2,133356
456,133426,328,245,350,266,339,255,133357
456,133427,217,0,228,8,222,4,133358
456,133428,186,81,208,103,197,92,133359
456,133429,196,56,212,83,204,69,133360
456,133430,327,274,347,287,337,280,133361
456,133431,313,128,336,153,324,140,133362
456,133432,307,98,334,120,320,109,133363
456,133433,536,0,568,11,552,5,133364
456,133434,539,159,564,183,551,171,133365
456,133435,348,61,375,85,361,73,133366
456,133436,613,74,636,107,624,90,133367
456,133437,28,244,43,263,35,253,133368
456,133438,38,227,59,246,48,236,133369
456,133439,208,149,224,174,216,161,133370
456,133440,66,20,81,40,73,30,133371
456,133441,31,274,47,298,39,286,133372
456,133442,617,343,639,358,628,350,133373
456,133443,592,341,615,358,603,349,133374
456,133444,582,10,607,21,594,15,133375
456,133445,612,305,640,328,626,316,133376
456,133446,384,9,398,28,391,18,133377
456,133447,201,275,222,295,211,285,133378
456,133448,377,280,398,297,387,288,133379
456,133449,130,0,149,13,139,6,133380
457,133450,444,0,533,73,488,36,133381
457,133451,539,246,571,273,555,259,133382
457,133452,596,234,621,263,608,248,133383
457,133453,468,183,490,226,479,204,133384
457,133454,597,127,623,164,610,145,133385
457,133455,266,0,345,50,305,25,133386
457,133456,382,121,403,156,392,138,133387
457,133457,529,70,558,96,543,83,133388
457,133458,417,112,441,145,429,128,133389
457,133459,60,164,80,186,70,175,133390
457,133460,543,206,578,231,560,218,133391
457,133461,99,165,116,200,107,182,133392
457,133462,362,20,384,66,373,43,133393
457,133463,435,47,458,73,446,60,133394
457,133464,208,316,231,345,219,330,133395
457,133465,398,273,421,297,409,285,133396
457,133466,300,52,321,84,310,68,133397
457,133467,245,52,267,78,256,65,133398
457,133468,609,0,636,21,622,10,133399
457,133469,278,290,302,312,290,301,133400
457,133470,271,75,291,105,281,90,133401
457,133471,505,25,524,49,514,37,133402
457,133472,574,69,609,97,591,83,133403
457,133473,261,178,281,210,271,194,133404
457,133474,428,15,454,30,441,22,133405
457,133475,397,12,417,33,407,22,133406
457,133476,611,49,634,74,622,61,133407
457,133477,294,228,313,257,303,242,133408
457,133478,119,89,137,114,128,101,133409
457,133479,406,30,429,51,417,40,133410
457,133480,233,84,256,106,244,95,133411
457,133481,36,120,54,141,45,130,133412
457,133482,72,129,88,155,80,142,133413
457,133483,57,98,80,123,68,110,133414
457,133484,229,50,250,74,239,62,133415
457,133485,200,13,220,34,210,23,133416
457,133486,213,24,236,45,224,34,133417
457,133487,37,158,55,177,46,167,133418
457,133488,40,88,56,114,48,101,133419
457,133489,486,254,512,277,499,265,133420
457,133490,281,16,302,39,291,27,133421
457,133491,322,2,339,21,330,11,133422
457,133492,127,0,188,22,157,11,133423
457,133493,52,19,67,53,59,36,133424
457,133494,163,0,180,4,171,2,133425
457,133495,328,245,350,266,339,255,133426
457,133496,217,0,228,8,222,4,133427
457,133497,186,81,208,103,197,92,133428
457,133498,196,56,212,83,204,69,133429
457,133499,326,274,347,287,336,280,133430
457,133500,313,128,336,153,324,140,133431
457,133501,307,98,334,120,320,109,133432
457,133502,535,0,568,11,551,5,133433
457,133503,539,159,564,183,551,171,133434
457,133504,348,62,375,85,361,73,133435
457,133505,613,74,636,107,624,90,133436
457,133506,29,244,43,263,36,253,133437
457,133507,38,227,59,246,48,236,133438
457,133508,209,151,225,179,217,165,133439
457,133509,66,20,81,40,73,30,133440
457,133510,31,274,47,298,39,286,133441
457,133511,617,343,639,358,628,350,133442
457,133512,591,341,614,358,602,349,133443
457,133513,582,10,607,21,594,15,133444
457,133514,614,305,640,328,627,316,133445
457,133515,384,9,398,28,391,18,133446
457,133516,201,275,222,295,211,285,133447
457,133517,377,280,398,297,387,288,133448
457,133518,130,0,149,13,139,6,133449
458,133519,444,0,533,73,488,36,133450
458,133520,539,246,571,273,555,259,133451
458,133521,596,234,621,263,608,248,133452
458,133522,468,183,490,225,479,204,133453
458,133523,597,127,623,164,610,145,133454
458,133524,266,0,345,50,305,25,133455
458,133525,382,121,403,156,392,138,133456
458,133526,529,70,558,96,543,83,133457
458,133527,417,112,441,145,429,128,133458
458,133528,60,164,80,186,70,175,133459
458,133529,543,206,578,231,560,218,133460
458,133530,99,165,116,200,107,182,133461
458,133531,362,20,384,66,373,43,133462
458,133532,436,48,459,73,447,60,133463
458,133533,208,316,231,345,219,330,133464
458,133534,398,274,421,297,409,285,133465
458,133535,300,52,321,84,310,68,133466
458,133536,245,52,267,78,256,65,133467
458,133537,609,0,636,21,622,10,133468
458,133538,278,291,302,312,290,301,133469
458,133539,271,75,292,105,281,90,133470
458,133540,505,26,524,49,514,37,133471
458,133541,574,69,609,97,591,83,133472
458,133542,261,178,281,210,271,194,133473
458,133543,428,15,454,30,441,22,133474
458,133544,397,12,417,33,407,22,133475
458,133545,611,49,634,74,622,61,133476
458,133546,294,228,313,257,303,242,133477
458,133547,119,89,137,114,128,101,133478
458,133548,406,30,429,51,417,40,133479
458,133549,233,84,256,106,244,95,133480
458,133550,36,120,54,141,45,130,133481
458,133551,72,129,88,155,80,142,133482
458,133552,57,98,80,123,68,110,133483
458,133553,229,50,250,74,239,62,133484
458,133554,200,13,220,34,210,23,133485
458,133555,213,24,236,45,224,34,133486
458,133556,37,158,55,177,46,167,133487
458,133557,40,88,56,114,48,101,133488
458,133558,486,254,512,277,499,265,133489
458,133559,281,16,301,39,291,27,133490
458,133560,322,2,339,21,330,11,133491
458,133561,127,0,188,22,157,11,133492
458,133562,52,19,67,53,59,36,133493
458,133563,163,0,180,4,171,2,133494
458,133564,328,245,350,266,339,255,133495
458,133565,217,0,228,8,222,4,133496
458,133566,186,81,208,103,197,92,133497
458,133567,195,56,212,83,203,69,133498
458,133568,325,275,346,287,335,281,133499
458,133569,313,128,336,153,324,140,133500
458,133570,307,98,334,120,320,109,133501
458,133571,535,0,568,11,551,5,133502
458,133572,539,159,564,183,551,171,133503
458,133573,348,62,375,85,361,73,133504
458,133574,613,74,636,106,624,90,133505
458,133575,29,244,43,263,36,253,133506
458,133576,38,227,59,246,48,236,133507
458,133577,210,154,226,182,218,168,133508
458,133578,66,20,81,40,73,30,133509
458,133579,31,274,47,298,39,286,133510
458,133580,617,344,639,358,628,351,133511
458,133581,591,340,614,358,602,349,133512
458,133582,582,10,607,21,594,15,133513
458,133583,615,306,640,329,627,317,133514
458,133584,384,9,398,28,391,18,133515
458,133585,201,275,222,295,211,285,133516
458,133586,377,280,398,297,387,288,133517
458,133587,130,0,149,13,139,6,133518
459,133588,444,0,533,73,488,36,133519
459,133589,539,246,571,273,555,259,133520
459,133590,596,234,621,263,608,248,133521
459,133591,468,183,490,225,479,204,133522
459,133592,597,127,623,164,610,145,133523
459,133593,266,0,345,50,305,25,133524
459,133594,382,121,402,156,392,138,133525
459,133595,529,70,558,96,543,83,133526
459,133596,417,112,441,145,429,128,133527
459,133597,60,164,80,186,70,175,133528
459,133598,543,206,578,231,560,218,133529
459,133599,99,165,116,200,107,182,133530
459,133600,362,20,384,66,373,43,133531
459,133601,436,48,459,73,447,60,133532
459,133602,208,316,231,345,219,330,133533
459,133603,398,274,421,297,409,285,133534
459,133604,300,52,321,85,310,68,133535
459,133605,245,52,267,78,256,65,133536
459,133606,609,0,636,21,622,10,133537
459,133607,278,291,302,312,290,301,133538
459,133608,271,75,292,105,281,90,133539
459,133609,505,26,524,49,514,37,133540
459,133610,574,69,609,97,591,83,133541
459,133611,261,178,281,210,271,194,133542
459,133612,428,15,454,30,441,22,133543
459,133613,397,12,417,33,407,22,133544
459,133614,611,49,634,74,622,61,133545
459,133615,294,228,313,257,303,242,133546
459,133616,119,89,137,114,128,101,133547
459,133617,406,30,429,51,417,40,133548
459,133618,233,84,256,106,244,95,133549
459,133619,36,120,54,141,45,130,133550
459,133620,72,129,88,156,80,142,133551
459,133621,57,98,80,123,68,110,133552
459,133622,229,50,250,74,239,62,133553
459,133623,200,13,220,34,210,23,133554
459,133624,213,24,236,45,224,34,133555
459,133625,37,158,55,177,46,167,133556
459,133626,40,88,56,114,48,101,133557
459,133627,486,254,512,277,499,265,133558
459,133628,281,16,301,39,291,27,133559
459,133629,322,2,339,21,330,11,133560
459,133630,126,0,188,22,157,11,133561
459,133631,52,19,67,53,59,36,133562
459,133632,163,0,180,4,171,2,133563
459,133633,328,245,350,266,339,255,133564
459,133634,217,0,228,8,222,4,133565
459,133635,186,81,208,103,197,92,133566
459,133636,195,56,212,83,203,69,133567
459,133637,325,276,345,287,335,281,133568
459,133638,313,128,336,153,324,140,133569
459,133639,307,98,334,120,320,109,133570
459,133640,535,0,568,11,551,5,133571
459,133641,539,159,564,182,551,170,133572
459,133642,348,62,375,85,361,73,133573
459,133643,612,74,636,106,624,90,133574
459,133644,28,244,43,263,35,253,133575
459,133645,38,227,59,246,48,236,133576
459,133646,210,156,227,184,218,170,133577
459,133647,67,20,81,40,74,30,133578
459,133648,31,274,47,298,39,286,133579
459,133649,616,343,639,359,627,351,133580
459,133650,590,340,614,358,602,349,133581
459,133651,582,10,607,21,594,15,133582
459,133652,618,308,640,330,629,319,133583
459,133653,384,9,398,28,391,18,133584
459,133654,201,275,222,295,211,285,133585
459,133655,377,279,398,297,387,288,133586
459,133656,129,0,149,13,139,6,133587
459,133657,348,275,366,291,357,283,
460,133658,444,0,533,73,488,36,133588
460,133659,539,246,571,273,555,259,133589
460,133660,596,234,621,263,608,248,133590
460,133661,468,183,490,225,479,204,133591
460,133662,597,127,623,164,610,145,133592
460,133663,266,0,345,50,305,25,133593
460,133664,382,121,402,156,392,138,133594
460,133665,529,70,558,96,543,83,133595
460,133666,417,112,441,145,429,128,133596
460,133667,60,164,80,186,70,175,133597
460,133668,543,206,578,231,560,218,133598
460,133669,99,165,116,200,107,182,133599
460,133670,362,20,384,66,373,43,133600
460,133671,436,47,459,74,447,60,133601
460,133672,208,316,231,345,219,330,133602
460,133673,398,274,421,297,409,285,133603
460,133674,300,52,321,85,310,68,133604
460,133675,245,52,267,78,256,65,133605
460,133676,609,0,636,21,622,10,133606
460,133677,278,290,302,312,290,301,133607
460,133678,271,75,292,105,281,90,133608
460,133679,505,26,524,49,514,37,133609
460,133680,574,69,609,97,591,83,133610
460,133681,261,178,281,210,271,194,133611
460,133682,428,15,454,30,441,22,133612
460,133683,397,12,417,33,407,22,133613
460,133684,611,49,634,74,622,61,133614
460,133685,294,228,313,257,303,242,133615
460,133686,119,89,137,115,128,102,133616
460,133687,406,30,429,51,417,40,133617
460,133688,233,84,256,106,244,95,133618
460,133689,36,120,54,141,45,130,133619
460,133690,72,129,88,156,80,142,133620
460,133691,57,98,80,123,68,110,133621
460,133692,229,50,250,74,239,62,133622
460,133693,200,13,220,34,210,23,133623
460,133694,213,24,236,45,224,34,133624
460,133695,37,158,55,177,46,167,133625
460,133696,40,88,56,114,48,101,133626
460,133697,486,254,512,277,499,265,133627
460,133698,281,16,301,39,291,27,133628
460,133699,322,2,339,21,330,11,133629
460,133700,126,0,188,22,157,11,133630
460,133701,52,19,67,53,59,36,133631
460,133702,163,0,180,4,171,2,133632
460,133703,328,245,350,266,339,255,133633
460,133704,217,0,228,8,222,4,133634
460,133705,186,81,208,103,197,92,133635
460,133706,196,56,212,83,204,69,133636
460,133707,313,128,336,153,324,140,133638
460,133708,307,98,334,120,320,109,133639
460,133709,535,0,568,11,551,5,133640
460,133710,539,159,565,182,552,170,133641
460,133711,348,62,375,85,361,73,133642
460,133712,612,74,636,105,624,89,133643
460,133713,28,244,43,263,35,253,133644
460,133714,38,227,59,246,48,236,133645
460,133715,211,158,227,185,219,171,133646
460,133716,67,20,81,40,74,30,133647
460,133717,31,274,47,298,39,286,133648
460,133718,616,343,639,359,627,351,133649
460,133719,590,340,613,358,601,349,133650
460,133720,582,10,607,21,594,15,133651
460,133721,621,310,640,332,630,321,133652
460,133722,384,9,398,28,391,18,133653
460,133723,201,275,222,295,211,285,133654
460,133724,377,280,397,297,387,288,133655
460,133725,129,0,149,13,139,6,133656
460,133726,348,275,367,291,357,283,133657
461,133727,444,0,533,73,488,36,133658
461,133728,539,246,571,273,555,259,133659
461,133729,596,234,621,263,608,248,133660
461,133730,468,183,490,225,479,204,133661
461,133731,597,127,623,164,610,145,133662
461,133732,266,0,345,50,305,25,133663
461,133733,382,121,402,156,392,138,133664
461,133734,529,70,558,96,543,83,133665
461,133735,417,112,441,145,429,128,133666
461,133736,60,164,80,186,70,175,133667
461,133737,543,206,578,231,560,218,133668
461,133738,99,165,116,200,107,182,133669
461,133739,362,20,384,66,373,43,133670
461,133740,436,47,459,75,447,61,133671
461,133741,208,316,231,345,219,330,133672
461,133742,398,274,421,297,409,285,133673
461,133743,300,52,321,85,310,68,133674
461,133744,245,52,267,78,256,65,133675
461,133745,609,0,636,21,622,10,133676
461,133746,278,290,302,312,290,301,133677
461,133747,271,75,292,105,281,90,133678
461,133748,505,26,525,49,515,37,133679
461,133749,574,69,609,97,591,83,133680
461,133750,261,178,281,210,271,194,133681
461,133751,428,15,454,30,441,22,133682
461,133752,397,12,417,33,407,22,133683
461,133753,611,49,634,74,622,61,133684
461,133754,294,229,314,257,304,243,133685
461,133755,119,89,136,114,127,101,133686
461,133756,406,30,429,51,417,40,133687
461,133757,233,84,256,106,244,95,133688
461,133758,36,120,54,141,45,130,133689
461,133759,72,129,88,156,80,142,133690
461,133760,57,98,80,123,68,110,133691
461,133761,229,50,250,74,239,62,133692
461,133762,200,13,220,34,210,23,133693
461,133763,213,24,236,45,224,34,133694
461,133764,37,158,55,177,46,167,133695
461,133765,40,88,56,114,48,101,133696
461,133766,486,254,512,277,499,265,133697
461,133767,281,16,301,39,291,27,133698
461,133768,322,2,339,21,330,11,133699
461,133769,126,0,188,22,157,11,133700
461,133770,52,19,66,53,59,36,133701
461,133771,163,0,180,4,171,2,133702
461,133772,328,244,350,266,339,255,133703
461,133773,217,0,228,8,222,4,133704
461,133774,186,81,208,103,197,92,133705
461,133775,196,56,212,83,204,69,133706
461,133776,313,128,336,153,324,140,133707
461,133777,307,98,334,120,320,109,133708
461,133778,536,0,568,11,552,5,133709
461,133779,539,159,565,182,552,170,133710
461,133780,348,62,375,85,361,73,133711
461,133781,612,74,636,104,624,89,133712
461,133782,29,244,43,263,36,253,133713
461,133783,38,227,59,246,48,236,133714
461,133784,212,161,229,187,220,174,133715
461,133785,66,20,81,40,73,30,133716
461,133786,31,274,47,298,39,286,133717
461,133787,617,343,639,359,628,351,133718
461,133788,591,340,613,358,602,349,133719
461,133789,582,10,607,21,594,15,133720
461,133790,625,312,640,334,632,323,133721
461,133791,384,9,398,28,391,18,133722
461,133792,201,275,222,295,211,285,133723
461,133793,377,280,397,297,387,288,133724
461,133794,129,0,149,13,139,6,133725
461,133795,349,274,368,291,358,282,133726
462,133796,444,0,533,73,488,36,133727
462,133797,539,246,571,273,555,259,133728
462,133798,596,234,621,263,608,248,133729
462,133799,468,183,490,225,479,204,133730
462,133800,597,127,623,164,610,145,133731
462,133801,266,0,345,50,305,25,133732
462,133802,382,121,402,156,392,138,133733
462,133803,529,70,558,96,543,83,133734
462,133804,417,112,441,145,429,128,133735
462,133805,60,164,80,186,70,175,133736
462,133806,543,206,578,231,560,218,133737
462,133807,99,165,116,200,107,182,133738
462,133808,362,20,384,66,373,43,133739
462,133809,436,47,458,75,447,61,133740
462,133810,208,316,231,345,219,330,133741
462,133811,398,274,421,297,409,285,133742
462,133812,300,52,321,84,310,68,133743
462,133813,245,52,267,78,256,65,133744
462,133814,609,0,636,21,622,10,133745
462,133815,278,290,302,312,290,301,133746
462,133816,271,75,292,105,281,90,133747
462,133817,505,26,525,49,515,37,133748
462,133818,574,69,609,97,591,83,133749
462,133819,261,178,281,210,271,194,133750
462,133820,428,15,454,30,441,22,133751
462,133821,397,12,417,33,407,22,133752
462,133822,611,49,634,74,622,61,133753
462,133823,294,229,314,257,304,243,133754
462,133824,119,89,136,114,127,101,133755
462,133825,406,30,429,51,417,40,133756
462,133826,233,84,256,106,244,95,133757
462,133827,36,120,54,141,45,130,133758
462,133828,72,129,88,156,80,142,133759
462,133829,57,98,80,123,68,110,133760
462,133830,229,50,250,74,239,62,133761
462,133831,200,13,220,34,210,23,133762
462,133832,213,24,236,45,224,34,133763
462,133833,37,158,55,177,46,167,133764
462,133834,40,88,56,114,48,101,133765
462,133835,486,254,512,277,499,265,133766
462,133836,281,16,301,39,291,27,133767
462,133837,322,2,339,21,330,11,133768
462,133838,126,0,188,22,157,11,133769
462,133839,52,19,66,53,59,36,133770
462,133840,163,0,180,4,171,2,133771
462,133841,328,244,350,266,339,255,133772
462,133842,217,0,228,8,222,4,133773
462,133843,186,81,208,103,197,92,133774
462,133844,196,56,212,83,204,69,133775
462,133845,313,128,336,153,324,140,133776
462,133846,307,98,334,120,320,109,133777
462,133847,536,0,568,11,552,5,133778
462,133848,539,159,565,182,552,170,133779
462,133849,348,62,375,85,361,73,133780
462,133850,612,74,636,104,624,89,133781
462,133851,29,244,43,263,36,253,133782
462,133852,38,228,59,246,48,237,133783
462,133853,213,162,229,187,221,174,133784
462,133854,66,20,81,40,73,30,133785
462,133855,31,274,47,298,39,286,133786
462,133856,617,344,639,359,628,351,133787
462,133857,591,340,613,358,602,349,133788
462,133858,582,10,607,21,594,15,133789
462,133859,626,312,639,335,632,323,133790
462,133860,384,9,398,28,391,18,133791
462,133861,201,275,222,295,211,285,133792
462,133862,377,280,397,297,387,288,133793
462,133863,129,0,149,13,139,6,133794
462,133864,349,273,369,291,359,282,133795
463,133865,444,0,533,73,488,36,133796
463,133866,539,246,571,273,555,259,133797
463,133867,596,234,621,263,608,248,133798
463,133868,468,183,490,225,479,204,133799
463,133869,597,127,623,164,610,145,133800
463,133870,266,0,345,50,305,25,133801
463,133871,382,121,402,156,392,138,133802
463,133872,529,70,558,96,543,83,133803
463,133873,417,112,441,145,429,128,133804
463,133874,60,164,80,186,70,175,133805
463,133875,543,206,578,231,560,218,133806
463,133876,99,165,116,200,107,182,133807
463,133877,362,21,384,66,373,43,133808
463,133878,435,47,458,76,446,61,133809
463,133879,208,316,231,345,219,330,133810
463,133880,398,274,421,297,409,285,133811
463,133881,300,52,321,85,310,68,133812
463,133882,245,52,267,78,256,65,133813
463,133883,609,0,636,21,622,10,133814
463,133884,278,290,302,312,290,301,133815
463,133885,271,75,292,105,281,90,133816
463,133886,505,26,525,49,515,37,133817
463,133887,574,69,609,97,591,83,133818
463,133888,261,178,281,210,271,194,133819
463,133889,428,15,454,30,441,22,133820
463,133890,397,12,417,33,407,22,133821
463,133891,610,49,633,74,621,61,133822
463,133892,294,229,314,257,304,243,133823
463,133893,119,89,136,114,127,101,133824
463,133894,406,30,429,51,417,40,133825
463,133895,233,84,256,106,244,95,133826
463,133896,36,120,54,141,45,130,133827
463,133897,72,129,88,156,80,142,133828
463,133898,57,98,80,123,68,110,133829
463,133899,229,50,250,74,239,62,133830
463,133900,200,13,220,34,210,23,133831
463,133901,213,24,236,45,224,34,133832
463,133902,37,158,55,177,46,167,133833
463,133903,40,88,56,114,48,101,133834
463,133904,486,254,512,277,499,265,133835
463,133905,281,16,301,39,291,27,133836
463,133906,322,2,339,21,330,11,133837
463,133907,126,0,188,22,157,11,133838
463,133908,52,19,66,53,59,36,133839
463,133909,163,0,180,4,171,2,133840
463,133910,328,244,350,266,339,255,133841
463,133911,217,0,228,8,222,4,133842
463,133912,186,81,208,103,197,92,133843
463,133913,196,56,212,83,204,69,133844
463,133914,313,128,336,153,324,140,133845
463,133915,307,98,334,120,320,109,133846
463,133916,536,0,568,11,552,5,133847
463,133917,539,159,565,182,552,170,133848
463,133918,348,62,375,85,361,73,133849
463,133919,611,73,635,103,623,88,133850
463,133920,29,244,43,263,36,253,133851
463,133921,39,228,59,248,49,238,133852
463,133922,214,164,231,191,222,177,133853
463,133923,66,20,81,40,73,30,133854
463,133924,31,274,47,298,39,286,133855
463,133925,617,343,639,359,628,351,133856
463,133926,591,339,613,358,602,348,133857
463,133927,582,10,607,21,594,15,133858
463,133928,628,313,639,336,633,324,133859
463,133929,384,9,398,28,391,18,133860
463,133930,201,275,222,295,211,285,133861
463,133931,377,280,397,297,387,288,133862
463,133932,129,0,149,13,139,6,133863
463,133933,350,273,371,291,360,282,133864
463,133934,565,351,596,358,580,354,
464,133935,444,0,533,73,488,36,133865
464,133936,539,246,571,273,555,259,133866
464,133937,596,234,621,263,608,248,133867
464,133938,468,183,490,225,479,204,133868
464,133939,597,127,623,164,610,145,133869
464,133940,266,0,345,50,305,25,133870
464,133941,382,121,402,156,392,138,133871
464,133942,529,70,558,96,543,83,133872
464,133943,417,112,441,145,429,128,133873
464,133944,60,164,80,186,70,175,133874
464,133945,543,206,578,231,560,218,133875
464,133946,99,165,116,200,107,182,133876
464,133947,362,21,384,66,373,43,133877
464,133948,435,47,457,76,446,61,133878
464,133949,208,316,231,345,219,330,133879
464,133950,398,274,421,298,409,286,133880
464,133951,300,52,321,85,310,68,133881
464,133952,245,52,267,78,256,65,133882
464,133953,609,0,636,21,622,10,133883
464,133954,278,290,302,312,290,301,133884
464,133955,271,75,292,105,281,90,133885
464,133956,505,25,525,49,515,37,133886
464,133957,574,69,609,97,591,83,133887
464,133958,261,178,281,210,271,194,133888
464,133959,428,15,454,30,441,22,133889
464,133960,397,12,417,33,407,22,133890
464,133961,610,49,633,74,621,61,133891
464,133962,294,229,314,257,304,243,133892
464,133963,119,89,137,114,128,101,133893
464,133964,406,30,429,51,417,40,133894
464,133965,233,84,256,106,244,95,133895
464,133966,36,120,54,141,45,130,133896
464,133967,72,129,88,156,80,142,133897
464,133968,57,98,80,123,68,110,133898
464,133969,229,50,250,74,239,62,133899
464,133970,200,13,220,34,210,23,133900
464,133971,213,24,236,45,224,34,133901
464,133972,37,158,55,177,46,167,133902
464,133973,40,88,56,114,48,101,133903
464,133974,486,254,512,277,499,265,133904
464,133975,281,16,301,39,291,27,133905
464,133976,322,2,339,21,330,11,133906
464,133977,126,0,188,22,157,11,133907
464,133978,52,19,66,53,59,36,133908
464,133979,163,0,180,4,171,2,133909
464,133980,328,244,350,266,339,255,133910
464,133981,217,0,228,8,222,4,133911
464,133982,186,81,208,103,197,92,133912
464,133983,196,56,212,83,204,69,133913
464,133984,313,128,336,153,324,140,133914
464,133985,307,98,334,120,320,109,133915
464,133986,535,0,568,12,551,6,133916
464,133987,539,159,565,182,552,170,133917
464,133988,348,62,375,85,361,73,133918
464,133989,609,72,634,102,621,87,133919
464,133990,29,244,43,263,36,253,133920
464,133991,40,228,58,249,49,238,133921
464,133992,215,167,232,195,223,181,133922
464,133993,67,20,81,40,74,30,133923
464,133994,31,274,47,298,39,286,133924
464,133995,617,343,639,359,628,351,133925
464,133996,591,333,613,357,602,345,133926
464,133997,582,10,607,21,594,15,133927
464,133998,384,9,398,28,391,18,133929
464,133999,201,275,222,295,211,285,133930
464,134000,378,280,398,297,388,288,133931
464,134001,129,0,149,13,139,6,133932
464,134002,352,272,374,291,363,281,133933
464,134003,109,208,126,226,117,217,
464,134004,565,351,595,358,580,354,133934
465,134005,444,0,533,73,488,36,133935
465,134006,539,246,571,273,555,259,133936
465,134007,596,234,621,263,608,248,133937
465,134008,468,183,490,225,479,204,133938
465,134009,597,127,623,164,610,145,133939
465,134010,266,0,345,50,305,25,133940
465,134011,382,121,402,156,392,138,133941
465,134012,529,70,558,96,543,83,133942
465,134013,417,112,441,145,429,128,133943
465,134014,60,164,80,186,70,175,133944
465,134015,543,206,578,231,560,218,133945
465,134016,99,165,116,200,107,182,133946
465,134017,362,21,384,66,373,43,133947
465,134018,435,47,457,75,446,61,133948
465,134019,208,316,231,345,219,330,133949
465,134020,398,274,421,298,409,286,133950
465,134021,300,52,321,85,310,68,133951
465,134022,245,52,267,78,256,65,133952
465,134023,609,0,636,21,622,10,133953
465,134024,278,290,302,312,290,301,133954
465,134025,271,75,292,105,281,90,133955
465,134026,506,25,525,49,515,37,133956
465,134027,574,69,609,97,591,83,133957
465,134028,261,178,281,210,271,194,133958
465,134029,428,15,454,30,441,22,133959
465,134030,397,12,417,33,407,22,133960
465,134031,611,49,633,74,622,61,133961
465,134032,294,229,314,257,304,243,133962
465,134033,119,89,137,114,128,101,133963
465,134034,406,30,429,51,417,40,133964
465,134035,233,84,256,106,244,95,133965
465,134036,36,120,54,141,45,130,133966
465,134037,72,129,88,156,80,142,133967
465,134038,57,98,80,123,68,110,133968
465,134039,229,50,250,74,239,62,133969
465,134040,200,13,220,34,210,23,133970
465,134041,213,24,236,45,224,34,133971
465,134042,37,158,55,177,46,167,133972
465,134043,40,88,56,114,48,101,133973
465,134044,486,254,512,277,499,265,133974
465,134045,281,16,301,39,291,27,133975
465,134046,322,2,339,21,330,11,133976
465,134047,126,0,188,22,157,11,133977
465,134048,52,19,66,53,59,36,133978
465,134049,163,0,180,4,171,2,133979
465,134050,328,244,350,266,339,255,133980
465,134051,217,0,228,8,222,4,133981
465,134052,186,81,208,103,197,92,133982
465,134053,196,56,212,83,204,69,133983
465,134054,313,128,336,153,324,140,133984
465,134055,307,98,334,120,320,109,133985
465,134056,535,0,568,12,551,6,133986
465,134057,539,159,565,182,552,170,133987
465,134058,348,62,375,85,361,73,133988
465,134059,606,70,632,100,619,85,133989
465,134060,29,244,43,263,36,253,133990
465,134061,41,228,58,250,49,239,133991
465,134062,215,168,233,198,224,183,133992
465,134063,67,20,81,40,74,30,133993
465,134064,31,274,47,298,39,286,133994
465,134065,617,343,639,359,628,351,133995
465,134066,592,330,613,356,602,343,133996
465,134067,582,10,607,21,594,15,133997
465,134068,384,9,398,28,391,18,133998
465,134069,201,275,222,295,211,285,133999
465,134070,378,279,398,297,388,288,134000
465,134071,129,0,149,13,139,6,134001
465,134072,355,271,376,290,365,280,134002
465,134073,109,208,126,226,117,217,134003
465,134074,565,351,595,358,580,354,134004
466,134075,444,0,533,73,488,36,134005
466,134076,539,246,571,273,555,259,134006
466,134077,596,234,621,263,608,248,134007
466,134078,468,183,490,225,479,204,134008
466,134079,597,127,623,164,610,145,134009
466,134080,266,0,345,50,305,25,134010
466,134081,382,121,402,156,392,138,134011
466,134082,529,70,558,96,543,83,134012
466,134083,417,112,441,145,429,128,134013
466,134084,60,164,80,186,70,175,134014
466,134085,543,206,578,231,560,218,134015
466,134086,99,165,116,200,107,182,134016
466,134087,362,21,384,66,373,43,134017
466,134088,434,47,457,74,445,60,134018
466,134089,208,316,231,345,219,330,134019
466,134090,398,274,421,298,409,286,134020
466,134091,300,52,321,85,310,68,134021
466,134092,245,52,267,78,256,65,134022
466,134093,609,0,637,21,623,10,134023
466,134094,278,290,302,312,290,301,134024
466,134095,271,75,292,105,281,90,134025
466,134096,506,25,525,49,515,37,134026
466,134097,573,69,608,98,590,83,134027
466,134098,261,178,281,210,271,194,134028
466,134099,428,15,454,30,441,22,134029
466,134100,397,12,417,33,407,22,134030
466,134101,611,49,633,75,622,62,134031
466,134102,294,229,314,257,304,243,134032
466,134103,119,89,137,114,128,101,134033
466,134104,406,30,429,51,417,40,134034
466,134105,233,84,256,106,244,95,134035
466,134106,36,120,54,141,45,130,134036
466,134107,72,129,88,156,80,142,134037
466,134108,57,98,80,123,68,110,134038
466,134109,229,50,250,74,239,62,134039
466,134110,200,13,220,34,210,23,134040
466,134111,213,24,236,45,224,34,134041
466,134112,37,158,55,177,46,167,134042
466,134113,40,88,56,114,48,101,134043
466,134114,486,254,512,277,499,265,134044
466,134115,281,16,301,39,291,27,134045
466,134116,322,2,339,21,330,11,134046
466,134117,126,0,188,22,157,11,134047
466,134118,52,19,66,53,59,36,134048
466,134119,163,0,180,4,171,2,134049
466,134120,328,244,350,266,339,255,134050
466,134121,217,0,228,8,222,4,134051
466,134122,186,81,208,104,197,92,134052
466,134123,195,56,212,83,203,69,134053
466,134124,313,128,336,153,324,140,134054
466,134125,307,98,334,120,320,109,134055
466,134126,536,0,568,12,552,6,134056
466,134127,539,159,565,182,552,170,134057
466,134128,348,62,375,85,361,73,134058
466,134129,603,68,629,98,616,83,134059
466,134130,29,244,43,263,36,253,134060
466,134131,41,228,58,250,49,239,134061
466,134132,216,170,233,200,224,185,134062
466,134133,67,20,81,40,74,30,134063
466,134134,31,274,47,298,39,286,134064
466,134135,618,344,639,359,628,351,134065
466,134136,593,328,614,355,603,341,134066
466,134137,582,10,607,21,594,15,134067
466,134138,384,9,398,28,391,18,134068
466,134139,201,275,222,295,211,285,134069
466,134140,379,279,398,297,388,288,134070
466,134141,129,0,149,13,139,6,134071
466,134142,356,271,377,289,366,280,134072
466,134143,109,207,125,226,117,216,134073
466,134144,565,351,594,358,579,354,134074
467,134145,444,0,533,73,488,36,134075
467,134146,539,247,571,273,555,260,134076
467,134147,596,234,621,263,608,248,134077
467,134148,468,183,490,227,479,205,134078
467,134149,597,127,623,164,610,145,134079
467,134150,266,0,345,50,305,25,134080
467,134151,382,121,403,156,392,138,134081
467,134152,528,70,558,96,543,83,134082
467,134153,417,112,441,145,429,128,134083
467,134154,60,164,80,186,70,175,134084
467,134155,543,206,578,231,560,218,134085
467,134156,99,165,116,200,107,182,134086
467,134157,363,21,384,66,373,43,134087
467,134158,434,47,456,74,445,60,134088
467,134159,208,316,231,345,219,330,134089
467,134160,398,274,421,298,409,286,134090
467,134161,300,52,321,85,310,68,134091
467,134162,245,52,267,78,256,65,134092
467,134163,610,0,637,21,623,10,134093
467,134164,278,290,302,312,290,301,134094
467,134165,271,75,292,105,281,90,134095
467,134166,506,25,525,49,515,37,134096
467,134167,574,69,607,98,590,83,134097
467,134168,261,178,281,210,271,194,134098
467,134169,428,15,453,30,440,22,134099
467,134170,397,12,417,33,407,22,134100
467,134171,611,49,633,75,622,62,134101
467,134172,294,229,314,258,304,243,134102
467,134173,119,89,137,114,128,101,134103
467,134174,406,30,429,51,417,40,134104
467,134175,233,84,256,106,244,95,134105
467,134176,36,120,54,141,45,130,134106
467,134177,72,129,88,156,80,142,134107
467,134178,57,97,80,123,68,110,134108
467,134179,229,50,250,74,239,62,134109
467,134180,200,13,220,34,210,23,134110
467,134181,213,24,236,45,224,34,134111
467,134182,37,158,55,177,46,167,134112
467,134183,40,88,56,114,48,101,134113
467,134184,486,254,512,277,499,265,134114
467,134185,281,16,301,39,291,27,134115
467,134186,322,2,339,21,330,11,134116
467,134187,126,0,188,23,157,11,134117
467,134188,52,19,67,53,59,36,134118
467,134189,163,0,180,5,171,2,134119
467,134190,328,244,350,266,339,255,134120
467,134191,217,0,228,8,222,4,134121
467,134192,186,81,208,103,197,92,134122
467,134193,196,56,212,83,204,69,134123
467,134194,313,128,336,153,324,140,134124
467,134195,307,98,334,120,320,109,134125
467,134196,536,0,568,12,552,6,134126
467,134197,539,159,565,182,552,170,134127
467,134198,348,62,375,85,361,73,134128
467,134199,602,67,628,97,615,82,134129
467,134200,29,244,43,263,36,253,134130
467,134201,41,228,58,251,49,239,134131
467,134202,216,171,233,200,224,185,134132
467,134203,66,20,81,40,73,30,134133
467,134204,31,274,47,298,39,286,134134
467,134205,619,344,639,359,629,351,134135
467,134206,593,327,614,354,603,340,134136
467,134207,582,10,607,21,594,15,134137
467,134208,384,9,398,28,391,18,134138
467,134209,201,275,222,295,211,285,134139
467,134210,379,279,398,297,388,288,134140
467,134211,129,0,149,13,139,6,134141
467,134212,357,270,377,289,367,279,134142
467,134213,109,207,125,226,117,216,134143
467,134214,565,351,594,358,579,354,134144
468,134215,444,0,533,73,488,36,134145
468,134216,539,247,571,273,555,260,134146
468,134217,596,234,621,263,608,248,134147
468,134218,468,183,490,228,479,205,134148
468,134219,597,127,623,164,610,145,134149
468,134220,266,0,345,50,305,25,134150
468,134221,382,121,403,156,392,138,134151
468,134222,528,70,558,96,543,83,134152
468,134223,417,112,441,145,429,128,134153
468,134224,60,164,80,186,70,175,134154
468,134225,543,206,578,231,560,218,134155
468,134226,99,165,116,200,107,182,134156
468,134227,363,21,384,66,373,43,134157
468,134228,434,47,456,73,445,60,134158
468,134229,208,316,231,345,219,330,134159
468,134230,398,274,421,298,409,286,134160
468,134231,300,52,321,84,310,68,134161
468,134232,245,52,267,78,256,65,134162
468,134233,609,0,636,21,622,10,134163
468,134234,278,290,302,312,290,301,134164
468,134235,271,75,292,105,281,90,134165
468,134236,506,25,525,49,515,37,134166
468,134237,574,69,607,98,590,83,134167
468,134238,261,178,281,210,271,194,134168
468,134239,428,15,453,30,440,22,134169
468,134240,397,12,417,33,407,22,134170
468,134241,611,49,634,75,622,62,134171
468,134242,294,229,314,258,304,243,134172
468,134243,119,89,137,114,128,101,134173
468,134244,406,30,429,51,417,40,134174
468,134245,233,84,256,106,244,95,134175
468,134246,36,120,54,141,45,130,134176
468,134247,72,129,88,156,80,142,134177
468,134248,57,97,80,123,68,110,134178
468,134249,229,50,250,74,239,62,134179
468,134250,200,13,220,34,210,23,134180
468,134251,213,24,236,45,224,34,134181
468,134252,37,158,55,177,46,167,134182
468,134253,40,88,56,114,48,101,134183
468,134254,486,254,512,277,499,265,134184
468,134255,281,16,301,39,291,27,134185
468,134256,322,2,339,21,330,11,134186
468,134257,126,0,188,23,157,11,134187
468,134258,52,19,67,52,59,35,134188
468,134259,163,0,180,5,171,2,134189
468,134260,328,244,350,266,339,255,134190
468,134261,217,0,228,8,222,4,134191
468,134262,186,81,209,103,197,92,134192
468,134263,196,56,212,83,204,69,134193
468,134264,313,128,336,153,324,140,134194
468,134265,307,98,334,120,320,109,134195
468,134266,536,0,568,12,552,6,134196
468,134267,539,159,565,182,552,170,134197
468,134268,348,62,375,85,361,73,134198
468,134269,600,67,626,96,613,81,134199
468,134270,29,244,43,263,36,253,134200
468,134271,41,228,58,251,49,239,134201
468,134272,216,172,233,201,224,186,134202
468,134273,66,20,81,40,73,30,134203
468,134274,31,274,47,298,39,286,134204
468,134275,618,343,639,358,628,350,134205
468,134276,594,326,615,354,604,340,134206
468,134277,582,10,607,21,594,15,134207
468,134278,384,9,398,28,391,18,134208
468,134279,201,275,222,295,211,285,134209
468,134280,379,279,399,297,389,288,134210
468,134281,129,0,149,13,139,6,134211
468,134282,358,270,378,288,368,279,134212
468,134283,110,208,125,227,117,217,134213
468,134284,565,351,595,358,580,354,134214
469,134285,444,0,533,73,488,36,134215
469,134286,539,247,571,273,555,260,134216
469,134287,596,234,621,263,608,248,134217
469,134288,468,183,490,228,479,205,134218
469,134289,597,127,623,164,610,145,134219
469,134290,266,0,346,50,306,25,134220
469,134291,382,121,403,156,392,138,134221
469,134292,528,70,558,96,543,83,134222
469,134293,417,112,441,145,429,128,134223
469,134294,60,164,80,186,70,175,134224
469,134295,543,206,578,231,560,218,134225
469,134296,99,165,116,200,107,182,134226
469,134297,363,21,384,66,373,43,134227
469,134298,434,46,456,73,445,59,134228
469,134299,208,317,231,345,219,331,134229
469,134300,398,274,421,298,409,286,134230
469,134301,300,52,321,84,310,68,134231
469,134302,245,52,267,78,256,65,134232
469,134303,609,0,636,21,622,10,134233
469,134304,278,290,302,312,290,301,134234
469,134305,271,75,292,105,281,90,134235
469,134306,506,25,525,49,515,37,134236
469,134307,573,68,607,97,590,82,134237
469,134308,261,178,281,210,271,194,134238
469,134309,429,15,453,30,441,22,134239
469,134310,397,12,417,33,407,22,134240
469,134311,610,49,634,75,622,62,134241
469,134312,294,229,313,258,303,243,134242
469,134313,119,89,137,114,128,101,134243
469,134314,406,30,429,51,417,40,134244
469,134315,233,84,256,106,244,95,134245
469,134316,36,120,54,141,45,130,134246
469,134317,72,129,88,156,80,142,134247
469,134318,57,97,80,123,68,110,134248
469,134319,229,50,250,74,239,62,134249
469,134320,200,13,220,34,210,23,134250
469,134321,212,24,236,45,224,34,134251
469,134322,37,158,55,177,46,167,134252
469,134323,40,88,56,114,48,101,134253
469,134324,486,254,512,277,499,265,134254
469,134325,281,16,301,39,291,27,134255
469,134326,322,2,339,21,330,11,134256
469,134327,126,0,188,23,157,11,134257
469,134328,52,19,67,52,59,35,134258
469,134329,163,0,180,5,171,2,134259
469,134330,328,244,350,266,339,255,134260
469,134331,217,0,228,8,222,4,134261
469,134332,186,81,209,103,197,92,134262
469,134333,196,56,212,83,204,69,134263
469,134334,313,128,336,153,324,140,134264
469,134335,307,98,334,120,320,109,134265
469,134336,536,0,568,12,552,6,134266
469,134337,539,159,565,182,552,170,134267
469,134338,348,62,375,85,361,73,134268
469,134339,598,66,624,94,611,80,134269
469,134340,29,244,43,263,36,253,134270
469,134341,41,228,58,251,49,239,134271
469,134342,216,175,233,201,224,188,134272
469,134343,66,20,81,40,73,30,134273
469,134344,31,274,47,298,39,286,134274
469,134345,618,334,639,358,628,346,134275
469,134346,594,326,615,353,604,339,134276
469,134347,582,10,607,21,594,15,134277
469,134348,384,9,398,28,391,18,134278
469,134349,201,275,222,295,211,285,134279
469,134350,379,279,399,297,389,288,134280
469,134351,129,0,149,13,139,6,134281
469,134352,360,269,380,287,370,278,134282
469,134353,109,208,124,227,116,217,134283
469,134354,565,351,594,358,579,354,134284
470,134355,444,0,533,73,488,36,134285
470,134356,539,247,571,273,555,260,134286
470,134357,596,234,621,263,608,248,134287
470,134358,468,183,490,228,479,205,134288
470,134359,597,127,623,164,610,145,134289
470,134360,266,0,346,50,306,25,134290
470,134361,382,121,403,156,392,138,134291
470,134362,528,70,558,96,543,83,134292
470,134363,417,112,441,145,429,128,134293
470,134364,60,164,80,186,70,175,134294
470,134365,543,206,578,231,560,218,134295
470,134366,99,165,116,200,107,182,134296
470,134367,363,21,384,66,373,43,134297
470,134368,434,46,456,73,445,59,134298
470,134369,208,317,231,345,219,331,134299
470,134370,398,274,421,298,409,286,134300
470,134371,300,52,321,84,310,68,134301
470,134372,245,52,267,78,256,65,134302
470,134373,609,0,636,21,622,10,134303
470,134374,278,290,302,312,290,301,134304
470,134375,271,75,292,105,281,90,134305
470,134376,506,26,525,49,515,37,134306
470,134377,574,67,617,95,595,81,134307
470,134378,261,178,281,210,271,194,134308
470,134379,429,15,453,30,441,22,134309
470,134380,397,12,417,33,407,22,134310
470,134381,610,50,634,75,622,62,134311
470,134382,294,229,313,257,303,243,134312
470,134383,119,89,137,114,128,101,134313
470,134384,406,30,429,51,417,40,134314
470,134385,233,84,256,106,244,95,134315
470,134386,36,120,54,141,45,130,134316
470,134387,72,129,88,156,80,142,134317
470,134388,57,97,80,123,68,110,134318
470,134389,229,50,250,74,239,62,134319
470,134390,200,13,220,34,210,23,134320
470,134391,213,24,236,45,224,34,134321
470,134392,37,158,55,177,46,167,134322
470,134393,40,88,56,114,48,101,134323
470,134394,486,254,512,277,499,265,134324
470,134395,281,16,301,39,291,27,134325
470,134396,322,2,339,21,330,11,134326
470,134397,126,0,188,23,157,11,134327
470,134398,52,19,67,52,59,35,134328
470,134399,163,0,180,5,171,2,134329
470,134400,328,244,350,266,339,255,134330
470,134401,217,0,228,7,222,3,134331
470,134402,186,81,209,103,197,92,134332
470,134403,196,56,212,83,204,69,134333
470,134404,313,128,336,153,324,140,134334
470,134405,307,98,334,120,320,109,134335
470,134406,536,0,568,12,552,6,134336
470,134407,539,159,565,182,552,170,134337
470,134408,348,62,375,85,361,73,134338
470,134409,29,244,43,263,36,253,134340
470,134410,41,228,58,251,49,239,134341
470,134411,217,177,234,203,225,190,134342
470,134412,66,20,81,40,73,30,134343
470,134413,31,274,47,298,39,286,134344
470,134414,618,330,639,357,628,343,134345
470,134415,593,325,616,352,604,338,134346
470,134416,582,10,607,21,594,15,134347
470,134417,384,9,398,28,391,18,134348
470,134418,201,275,222,295,211,285,134349
470,134419,379,280,399,297,389,288,134350
470,134420,129,0,149,13,139,6,134351
470,134421,362,268,382,286,372,277,134352
470,134422,109,208,124,227,116,217,134353
470,134423,565,351,594,358,579,354,134354
471,134424,444,0,533,73,488,36,134355
471,134425,539,247,571,273,555,260,134356
471,134426,596,234,621,263,608,248,134357
471,134427,468,183,490,228,479,205,134358
471,134428,597,127,623,164,610,145,134359
471,134429,266,0,346,50,306,25,134360
471,134430,382,121,403,156,392,138,134361
471,134431,528,70,558,96,543,83,134362
471,134432,417,112,441,145,429,128,134363
471,134433,60,164,80,186,70,175,134364
471,134434,543,206,578,231,560,218,134365
471,134435,99,165,116,200,107,182,134366
471,134436,363,21,384,66,373,43,134367
471,134437,434,45,455,73,444,59,134368
471,134438,208,317,231,345,219,331,134369
471,134439,398,273,421,297,409,285,134370
471,134440,300,52,321,84,310,68,134371
471,134441,245,52,267,78,256,65,134372
471,134442,609,0,636,21,622,10,134373
471,134443,278,290,302,312,290,301,134374
471,134444,271,75,292,105,281,90,134375
471,134445,506,26,525,49,515,37,134376
471,134446,574,65,620,95,597,80,134377
471,134447,261,178,281,210,271,194,134378
471,134448,428,15,453,30,440,22,134379
471,134449,397,12,417,33,407,22,134380
471,134450,610,50,634,75,622,62,134381
471,134451,294,229,314,257,304,243,134382
471,134452,119,89,137,114,128,101,134383
471,134453,406,30,429,51,417,40,134384
471,134454,233,84,256,106,244,95,134385
471,134455,36,120,54,141,45,130,134386
471,134456,72,129,88,156,80,142,134387
471,134457,57,97,80,123,68,110,134388
471,134458,229,50,250,74,239,62,134389
471,134459,200,13,220,34,210,23,134390
471,134460,212,24,236,45,224,34,134391
471,134461,37,158,55,177,46,167,134392
471,134462,40,88,56,114,48,101,134393
471,134463,486,254,512,277,499,265,134394
471,134464,281,16,301,39,291,27,134395
471,134465,322,2,339,21,330,11,134396
471,134466,126,0,188,23,157,11,134397
471,134467,52,19,67,52,59,35,134398
471,134468,163,0,180,5,171,2,134399
471,134469,328,244,350,267,339,255,134400
471,134470,217,0,228,7,222,3,134401
471,134471,186,81,209,103,197,92,134402
471,134472,196,56,212,83,204,69,134403
471,134473,313,128,336,153,324,140,134404
471,134474,307,98,334,120,320,109,134405
471,134475,536,0,568,12,552,6,134406
471,134476,539,159,565,182,552,170,134407
471,134477,348,62,375,85,361,73,134408
471,134478,29,244,43,263,36,253,134409
471,134479,41,229,58,251,49,240,134410
471,134480,217,179,234,207,225,193,134411
471,134481,66,20,81,40,73,30,134412
471,134482,31,274,47,298,39,286,134413
471,134483,618,328,638,356,628,342,134414
471,134484,593,325,616,351,604,338,134415
471,134485,582,10,607,21,594,15,134416
471,134486,384,9,398,28,391,18,134417
471,134487,201,275,222,295,211,285,134418
471,134488,379,282,399,298,389,290,134419
471,134489,130,0,149,13,139,6,134420
471,134490,363,266,384,284,373,275,134421
471,134491,110,208,125,227,117,217,134422
471,134492,565,351,594,358,579,354,134423
472,134493,444,0,533,73,488,36,134424
472,134494,539,247,571,273,555,260,134425
472,134495,596,234,621,263,608,248,134426
472,134496,468,183,490,227,479,205,134427
472,134497,597,127,623,164,610,145,134428
472,134498,266,0,346,50,306,25,134429
472,134499,382,121,403,156,392,138,134430
472,134500,528,70,558,96,543,83,134431
472,134501,417,112,441,145,429,128,134432
472,134502,60,164,80,186,70,175,134433
472,134503,543,206,578,231,560,218,134434
472,134504,99,165,116,200,107,182,134435
472,134505,362,21,384,66,373,43,134436
472,134506,434,45,455,73,444,59,134437
472,134507,208,317,231,345,219,331,134438
472,134508,398,273,421,296,409,284,134439
472,134509,300,52,321,84,310,68,134440
472,134510,245,52,267,78,256,65,134441
472,134511,609,0,637,21,623,10,134442
472,134512,278,290,302,312,290,301,134443
472,134513,271,75,292,105,281,90,134444
472,134514,506,26,524,49,515,37,134445
472,134515,574,63,621,95,597,79,134446
472,134516,261,178,281,210,271,194,134447
472,134517,428,15,453,30,440,22,134448
472,134518,397,12,417,32,407,22,134449
472,134519,611,52,634,75,622,63,134450
472,134520,294,229,313,257,303,243,134451
472,134521,119,89,137,114,128,101,134452
472,134522,406,30,429,51,417,40,134453
472,134523,233,84,256,106,244,95,134454
472,134524,36,120,54,141,45,130,134455
472,134525,72,129,88,156,80,142,134456
472,134526,57,97,80,123,68,110,134457
472,134527,229,50,250,74,239,62,134458
472,134528,200,13,220,34,210,23,134459
472,134529,212,24,236,45,224,34,134460
472,134530,37,158,55,177,46,167,134461
472,134531,40,88,56,114,48,101,134462
472,134532,486,254,512,277,499,265,134463
472,134533,281,16,302,39,291,27,134464
472,134534,322,2,339,21,330,11,134465
472,134535,126,0,188,23,157,11,134466
472,134536,52,19,67,52,59,35,134467
472,134537,163,0,180,5,171,2,134468
472,134538,328,244,350,266,339,255,134469
472,134539,217,0,228,7,222,3,134470
472,134540,186,81,209,103,197,92,134471
472,134541,196,56,212,83,204,69,134472
472,134542,313,128,336,153,324,140,134473
472,134543,307,98,334,120,320,109,134474
472,134544,536,0,568,12,552,6,134475
472,134545,539,159,565,182,552,170,134476
472,134546,348,62,375,85,361,73,134477
472,134547,29,244,43,262,36,253,134478
472,134548,41,229,58,251,49,240,134479
472,134549,217,181,234,211,225,196,134480
472,134550,66,20,81,40,73,30,134481
472,134551,31,274,47,298,39,286,134482
472,134552,619,327,639,355,629,341,134483
472,134553,593,324,616,350,604,337,134484
472,134554,582,10,607,21,594,15,134485
472,134555,384,9,398,27,391,18,134486
472,134556,201,275,222,295,211,285,134487
472,134557,379,284,399,298,389,291,134488
472,134558,130,0,149,13,139,6,134489
472,134559,365,264,386,282,375,273,134490
472,134560,110,208,125,227,117,217,134491
472,134561,565,351,594,358,579,354,134492
473,134562,444,0,533,73,488,36,134493
473,134563,539,247,571,273,555,260,134494
473,134564,596,234,621,263,608,248,134495
473,134565,468,183,490,226,479,204,134496
473,134566,597,127,623,164,610,145,134497
473,134567,266,0,346,50,306,25,134498
473,134568,382,121,403,156,392,138,134499
473,134569,528,70,558,96,543,83,134500
473,134570,417,112,441,145,429,128,134501
473,134571,60,164,80,186,70,175,134502
473,134572,543,206,578,231,560,218,134503
473,134573,99,165,116,200,107,182,134504
473,134574,362,21,384,66,373,43,134505
473,134575,434,45,455,73,444,59,134506
473,134576,208,317,231,345,219,331,134507
473,134577,398,273,421,295,409,284,134508
473,134578,300,52,321,84,310,68,134509
473,134579,245,52,267,78,256,65,134510
473,134580,610,0,637,21,623,10,134511
473,134581,278,290,302,312,290,301,134512
473,134582,271,75,292,105,281,90,134513
473,134583,506,26,524,49,515,37,134514
473,134584,574,66,617,96,595,81,134515
473,134585,261,178,281,210,271,194,134516
473,134586,428,15,453,30,440,22,134517
473,134587,397,12,417,32,407,22,134518
473,134588,612,57,634,74,623,65,134519
473,134589,294,229,314,257,304,243,134520
473,134590,119,89,137,114,128,101,134521
473,134591,406,30,429,51,417,40,134522
473,134592,233,84,256,106,244,95,134523
473,134593,36,120,54,142,45,131,134524
473,134594,72,129,88,156,80,142,134525
473,134595,57,97,80,123,68,110,134526
473,134596,229,50,250,74,239,62,134527
473,134597,200,13,220,34,210,23,134528
473,134598,212,24,236,45,224,34,134529
473,134599,37,158,55,177,46,167,134530
473,134600,40,88,56,114,48,101,134531
473,134601,486,254,512,277,499,265,134532
473,134602,281,16,303,39,292,27,134533
473,134603,322,2,339,21,330,11,134534
473,134604,127,0,188,23,157,11,134535
473,134605,52,19,67,52,59,35,134536
473,134606,163,0,180,5,171,2,134537
473,134607,328,244,350,266,339,255,134538
473,134608,217,0,228,8,222,4,134539
473,134609,186,81,209,103,197,92,134540
473,134610,196,56,212,83,204,69,134541
473,134611,313,128,336,153,324,140,134542
473,134612,307,98,334,120,320,109,134543
473,134613,537,0,568,12,552,6,134544
473,134614,539,159,565,182,552,170,134545
473,134615,348,62,375,85,361,73,134546
473,134616,29,244,43,262,36,253,134547
473,134617,41,229,58,251,49,240,134548
473,134618,217,183,234,214,225,198,134549
473,134619,66,20,81,40,73,30,134550
473,134620,31,274,47,298,39,286,134551
473,134621,620,326,639,354,629,340,134552
473,134622,592,324,616,349,604,336,134553
473,134623,582,10,607,21,594,15,134554
473,134624,384,9,398,27,391,18,134555
473,134625,201,275,222,295,211,285,134556
473,134626,379,285,398,298,388,291,134557
473,134627,131,0,149,13,140,6,134558
473,134628,367,263,388,282,377,272,134559
473,134629,110,208,125,227,117,217,134560
473,134630,565,351,594,358,579,354,134561
473,134631,587,59,619,86,603,72,
474,134632,444,0,533,73,488,36,134562
474,134633,539,247,571,273,555,260,134563
474,134634,596,234,621,263,608,248,134564
474,134635,468,183,490,226,479,204,134565
474,134636,597,127,623,164,610,145,134566
474,134637,266,0,346,50,306,25,134567
474,134638,382,121,403,156,392,138,134568
474,134639,528,70,558,96,543,83,134569
474,134640,417,112,441,145,429,128,134570
474,134641,60,164,80,186,70,175,134571
474,134642,543,206,578,231,560,218,134572
474,134643,99,165,116,200,107,182,134573
474,134644,362,20,384,66,373,43,134574
474,134645,434,45,455,73,444,59,134575
474,134646,208,317,231,345,219,331,134576
474,134647,398,273,421,294,409,283,134577
474,134648,300,52,321,84,310,68,134578
474,134649,245,52,267,78,256,65,134579
474,134650,610,0,637,21,623,10,134580
474,134651,278,290,302,312,290,301,134581
474,134652,271,75,292,105,281,90,134582
474,134653,506,26,524,49,515,37,134583
474,134654,574,68,616,96,595,82,134584
474,134655,261,178,281,210,271,194,134585
474,134656,428,15,453,30,440,22,134586
474,134657,397,12,417,32,407,22,134587
474,134658,612,58,634,74,623,66,134588
474,134659,294,229,313,257,303,243,134589
474,134660,119,89,137,114,128,101,134590
474,134661,406,30,429,51,417,40,134591
474,134662,233,84,256,106,244,95,134592
474,134663,36,120,54,142,45,131,134593
474,134664,72,129,88,156,80,142,134594
474,134665,57,97,80,123,68,110,134595
474,134666,229,50,250,74,239,62,134596
474,134667,200,13,220,34,210,23,134597
474,134668,212,24,236,45,224,34,134598
474,134669,37,158,55,177,46,167,134599
474,134670,40,88,56,114,48,101,134600
474,134671,486,254,512,277,499,265,134601
474,134672,281,16,303,40,292,28,134602
474,134673,322,2,339,21,330,11,134603
474,134674,127,0,188,23,157,11,134604
474,134675,52,19,67,52,59,35,134605
474,134676,163,0,180,5,171,2,134606
474,134677,328,244,350,266,339,255,134607
474,134678,217,0,228,8,222,4,134608
474,134679,186,81,209,103,197,92,134609
474,134680,196,56,212,83,204,69,134610
474,134681,313,128,336,153,324,140,134611
474,134682,307,98,334,120,320,109,134612
474,134683,537,0,568,12,552,6,134613
474,134684,539,159,565,182,552,170,134614
474,134685,348,62,375,85,361,73,134615
474,134686,29,244,43,262,36,253,134616
474,134687,41,229,58,251,49,240,134617
474,134688,217,184,234,215,225,199,134618
474,134689,66,20,81,40,73,30,134619
474,134690,31,274,47,298,39,286,134620
474,134691,620,326,639,354,629,340,134621
474,134692,592,324,616,349,604,336,134622
474,134693,582,10,607,21,594,15,134623
474,134694,384,9,398,27,391,18,134624
474,134695,201,275,222,295,211,285,134625
474,134696,379,286,398,298,388,292,134626
474,134697,131,0,149,13,140,6,134627
474,134698,368,263,389,282,378,272,134628
474,134699,110,208,125,227,117,217,134629
474,134700,565,351,594,359,579,355,134630
474,134701,611,50,631,61,621,55,
474,134702,586,58,618,85,602,71,134631
475,134703,444,0,533,73,488,36,134632
475,134704,539,247,571,273,555,260,134633
475,134705,596,234,621,263,608,248,134634
475,134706,468,183,490,225,479,204,134635
475,134707,597,127,623,164,610,145,134636
475,134708,266,0,346,50,306,25,134637
475,134709,382,121,403,156,392,138,134638
475,134710,528,70,558,96,543,83,134639
475,134711,417,112,441,145,429,128,134640
475,134712,60,164,80,186,70,175,134641
475,134713,543,206,578,231,560,218,134642
475,134714,99,165,116,200,107,182,134643
475,134715,362,21,384,66,373,43,134644
475,134716,434,45,455,73,444,59,134645
475,134717,208,317,231,345,219,331,134646
475,134718,398,273,421,294,409,283,134647
475,134719,300,52,321,84,310,68,134648
475,134720,245,52,267,78,256,65,134649
475,134721,610,0,637,21,623,10,134650
475,134722,278,291,302,312,290,301,134651
475,134723,271,75,292,105,281,90,134652
475,134724,506,26,524,49,515,37,134653
475,134725,574,69,612,96,593,82,134654
475,134726,261,178,281,210,271,194,134655
475,134727,429,15,453,30,441,22,134656
475,134728,397,12,417,32,407,22,134657
475,134729,612,58,634,75,623,66,134658
475,134730,294,229,314,257,304,243,134659
475,134731,119,89,137,114,128,101,134660
475,134732,406,30,429,51,417,40,134661
475,134733,233,84,256,106,244,95,134662
475,134734,36,120,54,142,45,131,134663
475,134735,72,129,88,156,80,142,134664
475,134736,57,97,80,123,68,110,134665
475,134737,229,50,250,74,239,62,134666
475,134738,200,13,220,34,210,23,134667
475,134739,212,24,236,45,224,34,134668
475,134740,37,158,55,177,46,167,134669
475,134741,40,88,56,114,48,101,134670
475,134742,486,254,512,277,499,265,134671
475,134743,281,16,303,39,292,27,134672
475,134744,322,2,339,21,330,11,134673
475,134745,127,0,188,23,157,11,134674
475,134746,52,19,67,52,59,35,134675
475,134747,163,0,180,5,171,2,134676
475,134748,328,244,350,266,339,255,134677
475,134749,217,0,228,8,222,4,134678
475,134750,186,81,209,103,197,92,134679
475,134751,196,56,212,83,204,69,134680
475,134752,313,128,336,153,324,140,134681
475,134753,307,98,334,120,320,109,134682
475,134754,537,0,568,12,552,6,134683
475,134755,539,159,565,182,552,170,134684
475,134756,348,62,375,85,361,73,134685
475,134757,29,244,43,262,36,253,134686
475,134758,41,229,58,251,49,240,134687
475,134759,217,185,234,216,225,200,134688
475,134760,66,20,81,40,73,30,134689
475,134761,31,274,47,298,39,286,134690
475,134762,620,325,639,354,629,339,134691
475,134763,592,324,615,349,603,336,134692
475,134764,582,10,607,21,594,15,134693
475,134765,384,9,398,27,391,18,134694
475,134766,201,275,222,295,211,285,134695
475,134767,380,286,398,308,389,297,
475,134768,131,0,149,13,140,6,134697
475,134769,369,262,391,282,380,272,134698
475,134770,110,208,125,227,117,217,134699
475,134771,565,351,594,359,579,355,134700
475,134772,611,50,631,64,621,57,134701
475,134773,584,55,617,83,600,69,134702
476,134774,444,0,533,73,488,36,134703
476,134775,539,247,571,273,555,260,134704
476,134776,596,234,621,263,608,248,134705
476,134777,468,183,490,225,479,204,134706
476,134778,597,127,623,164,610,145,134707
476,134779,266,0,346,50,306,25,134708
476,134780,382,121,403,156,392,138,134709
476,134781,528,70,558,96,543,83,134710
476,134782,417,112,441,145,429,128,134711
476,134783,60,164,80,186,70,175,134712
476,134784,543,206,578,231,560,218,134713
476,134785,99,165,116,200,107,182,134714
476,134786,362,21,384,66,373,43,134715
476,134787,434,45,455,73,444,59,134716
476,134788,208,317,231,345,219,331,134717
476,134789,398,273,421,295,409,284,134718
476,134790,300,52,321,84,310,68,134719
476,134791,245,52,267,78,256,65,134720
476,134792,609,0,637,21,623,10,134721
476,134793,278,291,302,312,290,301,134722
476,134794,271,75,291,105,281,90,134723
476,134795,506,26,524,49,515,37,134724
476,134796,574,69,610,97,592,83,134725
476,134797,261,178,281,210,271,194,134726
476,134798,429,15,454,30,441,22,134727
476,134799,397,12,417,32,407,22,134728
476,134800,612,54,635,75,623,64,134729
476,134801,294,229,314,257,304,243,134730
476,134802,119,89,137,114,128,101,134731
476,134803,406,30,429,51,417,40,134732
476,134804,233,84,256,106,244,95,134733
476,134805,36,120,54,142,45,131,134734
476,134806,72,129,88,156,80,142,134735
476,134807,57,97,80,123,68,110,134736
476,134808,229,50,250,74,239,62,134737
476,134809,200,13,220,34,210,23,134738
476,134810,212,24,237,45,224,34,134739
476,134811,37,158,55,177,46,167,134740
476,134812,40,88,56,114,48,101,134741
476,134813,486,254,512,277,499,265,134742
476,134814,281,16,303,39,292,27,134743
476,134815,322,2,339,21,330,11,134744
476,134816,127,0,188,23,157,11,134745
476,134817,53,19,67,52,60,35,134746
476,134818,163,0,179,5,171,2,134747
476,134819,328,244,350,267,339,255,134748
476,134820,217,0,228,8,222,4,134749
476,134821,186,81,209,103,197,92,134750
476,134822,196,56,212,83,204,69,134751
476,134823,313,128,336,153,324,140,134752
476,134824,307,98,334,120,320,109,134753
476,134825,537,0,568,12,552,6,134754
476,134826,539,159,565,182,552,170,134755
476,134827,348,62,375,85,361,73,134756
476,134828,29,244,43,262,36,253,134757
476,134829,41,229,58,251,49,240,134758
476,134830,217,186,235,216,226,201,134759
476,134831,66,20,81,40,73,30,134760
476,134832,31,274,47,298,39,286,134761
476,134833,621,324,639,344,630,334,134762
476,134834,592,324,615,348,603,336,134763
476,134835,582,10,607,21,594,15,134764
476,134836,384,9,398,27,391,18,134765
476,134837,201,275,222,295,211,285,134766
476,134838,380,287,398,312,389,299,134767
476,134839,131,0,149,13,140,6,134768
476,134840,371,262,392,282,381,272,134769
476,134841,110,208,125,227,117,217,134770
476,134842,565,351,593,359,579,355,134771
476,134843,611,50,631,66,621,58,134772
476,134844,583,54,616,80,599,67,134773
477,134845,444,0,533,73,488,36,134774
477,134846,539,247,571,273,555,260,134775
477,134847,596,234,621,263,608,248,134776
477,134848,468,183,490,225,479,204,134777
477,134849,597,127,623,164,610,145,134778
477,134850,266,0,346,50,306,25,134779
477,134851,382,121,403,156,392,138,134780
477,134852,528,70,558,96,543,83,134781
477,134853,417,112,441,145,429,128,134782
477,134854,60,164,80,186,70,175,134783
477,134855,543,206,578,231,560,218,134784
477,134856,99,165,116,200,107,182,134785
477,134857,362,21,384,66,373,43,134786
477,134858,434,45,455,73,444,59,134787
477,134859,208,316,231,345,219,330,134788
477,134860,398,274,421,296,409,285,134789
477,134861,300,52,321,85,310,68,134790
477,134862,245,52,267,78,256,65,134791
477,134863,609,0,637,21,623,10,134792
477,134864,278,291,302,312,290,301,134793
477,134865,271,75,291,105,281,90,134794
477,134866,506,26,524,49,515,37,134795
477,134867,574,70,609,96,591,83,134796
477,134868,261,178,281,210,271,194,134797
477,134869,428,15,453,30,440,22,134798
477,134870,397,12,417,32,407,22,134799
477,134871,612,51,635,75,623,63,134800
477,134872,294,229,314,257,304,243,134801
477,134873,119,89,137,114,128,101,134802
477,134874,406,30,429,51,417,40,134803
477,134875,233,84,256,106,244,95,134804
477,134876,36,120,54,142,45,131,134805
477,134877,72,129,88,156,80,142,134806
477,134878,57,97,80,123,68,110,134807
477,134879,229,50,250,74,239,62,134808
477,134880,200,13,220,34,210,23,134809
477,134881,211,24,237,45,224,34,134810
477,134882,37,158,55,177,46,167,134811
477,134883,40,88,56,114,48,101,134812
477,134884,486,254,512,277,499,265,134813
477,134885,281,16,302,39,291,27,134814
477,134886,322,2,339,21,330,11,134815
477,134887,127,0,188,23,157,11,134816
477,134888,53,19,67,52,60,35,134817
477,134889,163,0,179,4,171,2,134818
477,134890,328,244,350,267,339,255,134819
477,134891,217,0,228,8,222,4,134820
477,134892,186,81,209,103,197,92,134821
477,134893,196,56,212,83,204,69,134822
477,134894,313,128,336,153,324,140,134823
477,134895,307,98,334,120,320,109,134824
477,134896,537,0,568,12,552,6,134825
477,134897,539,159,565,182,552,170,134826
477,134898,348,62,375,85,361,73,134827
477,134899,29,244,43,262,36,253,134828
477,134900,41,229,58,251,49,240,134829
477,134901,218,189,235,216,226,202,134830
477,134902,66,20,81,40,73,30,134831
477,134903,31,274,47,298,39,286,134832
477,134904,620,321,639,340,629,330,134833
477,134905,590,324,615,348,602,336,134834
477,134906,582,10,607,22,594,16,134835
477,134907,384,9,398,27,391,18,134836
477,134908,201,275,222,295,211,285,134837
477,134909,380,287,398,314,389,300,134838
477,134910,131,0,149,13,140,6,134839
477,134911,373,263,394,283,383,273,134840
477,134912,110,208,125,227,117,217,134841
477,134913,565,351,593,359,579,355,134842
477,134914,583,54,614,78,598,66,134844
478,134915,444,0,533,73,488,36,134845
478,134916,539,247,570,273,554,260,134846
478,134917,596,234,621,263,608,248,134847
478,134918,468,183,490,224,479,203,134848
478,134919,597,127,623,164,610,145,134849
478,134920,266,0,346,50,306,25,134850
478,134921,382,121,403,156,392,138,134851
478,134922,528,70,558,96,543,83,134852
478,134923,417,112,441,145,429,128,134853
478,134924,60,164,80,186,70,175,134854
478,134925,543,206,578,231,560,218,134855
478,134926,99,165,116,200,107,182,134856
478,134927,362,21,384,66,373,43,134857
478,134928,434,45,455,73,444,59,134858
478,134929,208,317,231,345,219,331,134859
478,134930,398,274,421,296,409,285,134860
478,134931,300,52,321,85,310,68,134861
478,134932,245,52,267,78,256,65,134862
478,134933,609,0,637,21,623,10,134863
478,134934,278,291,302,312,290,301,134864
478,134935,271,75,291,105,281,90,134865
478,134936,506,26,524,49,515,37,134866
478,134937,574,70,609,96,591,83,134867
478,134938,261,178,281,210,271,194,134868
478,134939,428,15,454,30,441,22,134869
478,134940,397,12,417,32,407,22,134870
478,134941,611,50,634,76,622,63,134871
478,134942,294,229,314,257,304,243,134872
478,134943,119,89,137,114,128,101,134873
478,134944,406,30,429,51,417,40,134874
478,134945,233,84,256,106,244,95,134875
478,134946,36,120,54,142,45,131,134876
478,134947,72,129,88,156,80,142,134877
478,134948,57,97,80,123,68,110,134878
478,134949,229,50,250,74,239,62,134879
478,134950,200,13,220,34,210,23,134880
478,134951,211,24,236,45,223,34,134881
478,134952,37,158,55,177,46,167,134882
478,134953,40,88,56,114,48,101,134883
478,134954,486,254,512,277,499,265,134884
478,134955,281,16,302,39,291,27,134885
478,134956,322,2,339,21,330,11,134886
478,134957,127,0,188,23,157,11,134887
478,134958,52,19,67,52,59,35,134888
478,134959,163,0,179,4,171,2,134889
478,134960,328,245,350,267,339,256,134890
478,134961,217,0,228,8,222,4,134891
478,134962,186,81,209,103,197,92,134892
478,134963,196,56,212,83,204,69,134893
478,134964,313,128,336,153,324,140,134894
478,134965,307,98,334,120,320,109,134895
478,134966,537,0,568,12,552,6,134896
478,134967,539,159,565,182,552,170,134897
478,134968,348,62,375,85,361,73,134898
478,134969,29,244,43,263,36,253,134899
478,134970,41,230,58,251,49,240,134900
478,134971,219,192,237,218,228,205,134901
478,134972,67,20,81,40,74,30,134902
478,134973,31,274,47,299,39,286,134903
478,134974,620,320,639,339,629,329,134904
478,134975,588,323,614,348,601,335,134905
478,134976,582,10,607,22,594,16,134906
478,134977,384,9,398,27,391,18,134907
478,134978,201,275,222,295,211,285,134908
478,134979,381,288,398,315,389,301,134909
478,134980,131,0,149,13,140,6,134910
478,134981,375,264,396,285,385,274,134911
478,134982,110,208,125,227,117,217,134912
478,134983,566,351,593,359,579,355,134913
478,134984,581,52,613,76,597,64,134914
479,134985,444,0,533,73,488,36,134915
479,134986,539,247,570,273,554,260,134916
479,134987,596,234,621,263,608,248,134917
479,134988,468,183,490,225,479,204,134918
479,134989,597,127,623,164,610,145,134919
479,134990,266,0,346,50,306,25,134920
479,134991,382,121,403,156,392,138,134921
479,134992,529,70,557,96,543,83,134922
479,134993,417,112,441,145,429,128,134923
479,134994,60,164,80,186,70,175,134924
479,134995,543,206,578,231,560,218,134925
479,134996,99,165,116,200,107,182,134926
479,134997,362,21,384,66,373,43,134927
479,134998,434,45,455,73,444,59,134928
479,134999,208,316,231,345,219,330,134929
479,135000,398,274,421,297,409,285,134930
479,135001,300,52,321,85,310,68,134931
479,135002,245,52,267,78,256,65,134932
479,135003,609,0,637,21,623,10,134933
479,135004,278,291,302,312,290,301,134934
479,135005,271,75,291,105,281,90,134935
479,135006,506,26,524,49,515,37,134936
479,135007,574,70,609,96,591,83,134937
479,135008,261,178,281,210,271,194,134938
479,135009,428,15,454,30,441,22,134939
479,135010,397,12,417,32,407,22,134940
479,135011,610,50,634,75,622,62,134941
479,135012,294,229,314,257,304,243,134942
479,135013,119,89,137,114,128,101,134943
479,135014,406,30,429,51,417,40,134944
479,135015,233,84,256,106,244,95,134945
479,135016,36,120,54,142,45,131,134946
479,135017,72,129,88,156,80,142,134947
479,135018,57,97,80,123,68,110,134948
479,135019,229,50,250,74,239,62,134949
479,135020,200,13,220,34,210,23,134950
479,135021,211,24,237,45,224,34,134951
479,135022,37,158,55,177,46,167,134952
479,135023,40,88,56,114,48,101,134953
479,135024,486,254,512,277,499,265,134954
479,135025,281,16,302,39,291,27,134955
479,135026,322,2,339,21,330,11,134956
479,135027,127,0,188,23,157,11,134957
479,135028,52,19,67,52,59,35,134958
479,135029,163,0,179,4,171,2,134959
479,135030,328,244,350,267,339,255,134960
479,135031,217,0,228,8,222,4,134961
479,135032,186,81,209,103,197,92,134962
479,135033,196,56,212,83,204,69,134963
479,135034,313,128,336,153,324,140,134964
479,135035,307,98,334,120,320,109,134965
479,135036,537,0,568,12,552,6,134966
479,135037,539,159,565,182,552,170,134967
479,135038,348,62,376,85,362,73,134968
479,135039,29,244,43,262,36,253,134969
479,135040,41,230,58,251,49,240,134970
479,135041,220,194,238,223,229,208,134971
479,135042,66,20,81,40,73,30,134972
479,135043,31,274,47,299,39,286,134973
479,135044,620,319,639,338,629,328,134974
479,135045,584,323,612,348,598,335,134975
479,135046,582,10,607,22,594,16,134976
479,135047,384,9,398,27,391,18,134977
479,135048,201,275,222,295,211,285,134978
479,135049,382,289,398,316,390,302,134979
479,135050,131,0,149,13,140,6,134980
479,135051,376,265,397,288,386,276,134981
479,135052,110,208,125,227,117,217,134982
479,135053,566,351,593,359,579,355,134983
479,135054,577,50,610,74,593,62,134984
480,135055,444,0,533,73,488,36,134985
480,135056,539,247,570,273,554,260,134986
480,135057,596,234,621,263,608,248,134987
480,135058,468,183,490,225,479,204,134988
480,135059,597,127,623,164,610,145,134989
480,135060,266,0,346,50,306,25,134990
480,135061,382,121,402,156,392,138,134991
480,135062,529,70,557,96,543,83,134992
480,135063,417,112,441,145,429,128,134993
480,135064,60,164,80,186,70,175,134994
480,135065,543,206,578,231,560,218,134995
480,135066,99,165,116,200,107,182,134996
480,135067,362,21,384,66,373,43,134997
480,135068,434,45,455,73,444,59,134998
480,135069,208,316,231,345,219,330,134999
480,135070,398,274,421,297,409,285,135000
480,135071,300,52,321,85,310,68,135001
480,135072,245,52,267,79,256,65,135002
480,135073,610,0,637,21,623,10,135003
480,135074,278,291,302,312,290,301,135004
480,135075,271,75,291,105,281,90,135005
480,135076,506,26,524,49,515,37,135006
480,135077,574,70,609,96,591,83,135007
480,135078,261,178,281,210,271,194,135008
480,135079,428,15,454,30,441,22,135009
480,135080,397,12,417,32,407,22,135010
480,135081,610,49,634,75,622,62,135011
480,135082,294,229,314,257,304,243,135012
480,135083,119,89,137,114,128,101,135013
480,135084,406,30,429,51,417,40,135014
480,135085,233,84,256,106,244,95,135015
480,135086,36,120,54,142,45,131,135016
480,135087,72,129,88,156,80,142,135017
480,135088,57,97,80,123,68,110,135018
480,135089,229,50,250,74,239,62,135019
480,135090,200,13,220,33,210,23,135020
480,135091,211,24,237,45,224,34,135021
480,135092,37,158,55,177,46,167,135022
480,135093,40,88,56,114,48,101,135023
480,135094,486,254,512,277,499,265,135024
480,135095,281,16,302,39,291,27,135025
480,135096,322,2,339,21,330,11,135026
480,135097,127,0,188,23,157,11,135027
480,135098,52,19,67,52,59,35,135028
480,135099,163,0,179,4,171,2,135029
480,135100,328,244,350,267,339,255,135030
480,135101,217,0,228,7,222,3,135031
480,135102,186,81,209,103,197,92,135032
480,135103,196,56,212,83,204,69,135033
480,135104,313,128,336,153,324,140,135034
480,135105,307,98,334,120,320,109,135035
480,135106,537,0,568,12,552,6,135036
480,135107,539,159,565,182,552,170,135037
480,135108,348,62,376,85,362,73,135038
480,135109,29,244,43,262,36,253,135039
480,135110,41,230,58,251,49,240,135040
480,135111,221,195,239,224,230,209,135041
480,135112,66,20,81,40,73,30,135042
480,135113,31,274,47,299,39,286,135043
480,135114,620,319,639,338,629,328,135044
480,135115,583,323,611,348,597,335,135045
480,135116,582,10,607,21,594,15,135046
480,135117,384,9,398,27,391,18,135047
480,135118,201,275,222,295,211,285,135048
480,135119,382,289,398,316,390,302,135049
480,135120,131,0,149,13,140,6,135050
480,135121,377,265,397,289,387,277,135051
480,135122,110,208,125,226,117,217,135052
480,135123,566,351,593,359,579,355,135053
480,135124,576,49,609,73,592,61,135054
481,135125,444,0,533,73,488,36,135055
481,135126,539,247,571,273,555,260,135056
481,135127,596,234,621,263,608,248,135057
481,135128,468,183,490,227,479,205,135058
481,135129,596,127,623,164,609,145,135059
481,135130,266,0,346,50,306,25,135060
481,135131,382,121,402,156,392,138,135061
481,135132,529,70,557,96,543,83,135062
481,135133,417,112,441,145,429,128,135063
481,135134,60,164,80,186,70,175,135064
481,135135,543,206,578,231,560,218,135065
481,135136,99,165,116,199,107,182,135066
481,135137,362,21,384,66,373,43,135067
481,135138,434,44,455,73,444,58,135068
481,135139,208,316,231,345,219,330,135069
481,135140,398,274,421,297,409,285,135070
481,135141,300,52,321,85,310,68,135071
481,135142,245,52,267,79,256,65,135072
481,135143,610,0,637,21,623,10,135073
481,135144,278,291,302,312,290,301,135074
481,135145,271,75,291,105,281,90,135075
481,135146,506,26,524,49,515,37,135076
481,135147,574,70,609,96,591,83,135077
481,135148,261,178,281,210,271,194,135078
481,135149,428,15,454,30,441,22,135079
481,135150,397,12,417,32,407,22,135080
481,135151,610,49,634,75,622,62,135081
481,135152,294,229,314,257,304,243,135082
481,135153,119,89,137,114,128,101,135083
481,135154,406,30,429,51,417,40,135084
481,135155,233,84,256,106,244,95,135085
481,135156,36,120,54,141,45,130,135086
481,135157,72,129,88,156,80,142,135087
481,135158,57,97,80,123,68,110,135088
481,135159,229,50,250,74,239,62,135089
481,135160,200,13,220,33,210,23,135090
481,135161,211,24,237,45,224,34,135091
481,135162,37,158,55,177,46,167,135092
481,135163,40,88,56,114,48,101,135093
481,135164,486,254,512,277,499,265,135094
481,135165,281,16,302,39,291,27,135095
481,135166,322,2,339,21,330,11,135096
481,135167,127,0,188,22,157,11,135097
481,135168,52,19,67,52,59,35,135098
481,135169,163,0,179,4,171,2,135099
481,135170,328,245,350,267,339,256,135100
481,135171,217,0,228,7,222,3,135101
481,135172,186,81,209,103,197,92,135102
481,135173,196,56,212,82,204,69,135103
481,135174,313,128,336,153,324,140,135104
481,135175,307,98,334,120,320,109,135105
481,135176,537,0,568,12,552,6,135106
481,135177,539,159,565,182,552,170,135107
481,135178,348,62,376,85,362,73,135108
481,135179,29,244,43,262,36,253,135109
481,135180,41,230,58,251,49,240,135110
481,135181,221,199,240,228,230,213,135111
481,135182,66,20,81,40,73,30,135112
481,135183,31,274,47,299,39,286,135113
481,135184,620,319,639,337,629,328,135114
481,135185,581,322,609,348,595,335,135115
481,135186,582,10,607,21,594,15,135116
481,135187,384,9,398,27,391,18,135117
481,135188,201,276,222,295,211,285,135118
481,135189,130,0,149,13,139,6,135120
481,135190,378,267,397,291,387,279,135121
481,135191,110,208,125,226,117,217,135122
481,135192,566,351,593,359,579,355,135123
481,135193,574,47,607,72,590,59,135124
482,135194,444,0,533,73,488,36,135125
482,135195,539,247,571,273,555,260,135126
482,135196,596,234,621,263,608,248,135127
482,135197,468,183,490,228,479,205,135128
482,135198,596,127,623,164,609,145,135129
482,135199,266,0,345,50,305,25,135130
482,135200,382,121,402,156,392,138,135131
482,135201,529,70,557,95,543,82,135132
482,135202,417,112,441,145,429,128,135133
482,135203,60,164,80,186,70,175,135134
482,135204,543,206,578,231,560,218,135135
482,135205,99,165,116,199,107,182,135136
482,135206,362,21,384,66,373,43,135137
482,135207,434,44,455,73,444,58,135138
482,135208,208,316,231,345,219,330,135139
482,135209,398,274,421,297,409,285,135140
482,135210,300,52,321,84,310,68,135141
482,135211,245,52,267,79,256,65,135142
482,135212,609,0,637,21,623,10,135143
482,135213,278,291,302,312,290,301,135144
482,135214,271,75,291,105,281,90,135145
482,135215,506,26,524,49,515,37,135146
482,135216,574,70,609,95,591,82,135147
482,135217,261,178,281,210,271,194,135148
482,135218,428,15,454,30,441,22,135149
482,135219,397,12,417,32,407,22,135150
482,135220,610,49,633,75,621,62,135151
482,135221,294,228,314,257,304,242,135152
482,135222,119,89,137,114,128,101,135153
482,135223,406,30,429,51,417,40,135154
482,135224,233,84,256,106,244,95,135155
482,135225,36,120,54,141,45,130,135156
482,135226,72,129,88,156,80,142,135157
482,135227,57,97,80,123,68,110,135158
482,135228,229,50,250,74,239,62,135159
482,135229,200,13,220,33,210,23,135160
482,135230,212,24,237,45,224,34,135161
482,135231,37,158,55,177,46,167,135162
482,135232,40,88,56,114,48,101,135163
482,135233,486,254,512,277,499,265,135164
482,135234,281,16,302,39,291,27,135165
482,135235,322,2,339,21,330,11,135166
482,135236,127,0,188,22,157,11,135167
482,135237,52,19,66,52,59,35,135168
482,135238,163,0,179,4,171,2,135169
482,135239,328,245,351,267,339,256,135170
482,135240,217,0,228,7,222,3,135171
482,135241,186,81,209,103,197,92,135172
482,135242,196,56,212,82,204,69,135173
482,135243,313,128,336,153,324,140,135174
482,135244,307,98,334,120,320,109,135175
482,135245,537,0,568,11,552,5,135176
482,135246,539,159,565,182,552,170,135177
482,135247,348,62,376,85,362,73,135178
482,135248,29,244,43,262,36,253,135179
482,135249,42,230,58,251,50,240,135180
482,135250,222,202,240,231,231,216,135181
482,135251,66,20,81,40,73,30,135182
482,135252,31,274,47,299,39,286,135183
482,135253,621,318,639,337,630,327,135184
482,135254,578,322,608,347,593,334,135185
482,135255,582,10,607,22,594,16,135186
482,135256,384,9,398,27,391,18,135187
482,135257,201,276,222,295,211,285,135188
482,135258,130,0,149,13,139,6,135189
482,135259,379,267,398,293,388,280,135190
482,135260,110,208,124,226,117,217,135191
482,135261,566,351,592,359,579,355,135192
482,135262,572,46,605,72,588,59,135193
482,135263,210,26,227,44,218,35,135161
483,135264,444,0,533,73,488,36,135194
483,135265,539,247,571,273,555,260,135195
483,135266,596,234,621,263,608,248,135196
483,135267,468,183,490,228,479,205,135197
483,135268,596,127,623,164,609,145,135198
483,135269,266,0,345,50,305,25,135199
483,135270,382,121,402,156,392,138,135200
483,135271,529,70,557,95,543,82,135201
483,135272,417,112,441,145,429,128,135202
483,135273,60,164,79,186,69,175,135203
483,135274,543,206,578,231,560,218,135204
483,135275,99,165,116,199,107,182,135205
483,135276,363,21,384,66,373,43,135206
483,135277,434,44,455,73,444,58,135207
483,135278,208,316,231,345,219,330,135208
483,135279,398,274,421,297,409,285,135209
483,135280,300,52,321,84,310,68,135210
483,135281,245,52,267,78,256,65,135211
483,135282,609,0,637,21,623,10,135212
483,135283,278,291,302,312,290,301,135213
483,135284,271,75,291,105,281,90,135214
483,135285,506,26,524,49,515,37,135215
483,135286,574,70,609,95,591,82,135216
483,135287,261,178,281,210,271,194,135217
483,135288,428,15,454,30,441,22,135218
483,135289,397,12,417,32,407,22,135219
483,135290,610,49,633,75,621,62,135220
483,135291,294,228,314,257,304,242,135221
483,135292,119,89,137,114,128,101,135222
483,135293,406,30,429,51,417,40,135223
483,135294,233,84,256,106,244,95,135224
483,135295,36,120,54,141,45,130,135225
483,135296,72,129,88,156,80,142,135226
483,135297,57,97,80,123,68,110,135227
483,135298,229,50,250,74,239,62,135228
483,135299,200,13,220,33,210,23,135229
483,135300,212,24,237,45,224,34,135230
483,135301,37,158,55,177,46,167,135231
483,135302,40,88,56,114,48,101,135232
483,135303,486,254,512,277,499,265,135233
483,135304,281,16,302,38,291,27,135234
483,135305,322,2,339,21,330,11,135235
483,135306,127,0,188,22,157,11,135236
483,135307,52,19,66,52,59,35,135237
483,135308,163,0,179,4,171,2,135238
483,135309,328,245,351,267,339,256,135239
483,135310,217,0,228,7,222,3,135240
483,135311,186,81,209,103,197,92,135241
483,135312,196,56,212,82,204,69,135242
483,135313,313,128,337,153,325,140,135243
483,135314,307,98,334,120,320,109,135244
483,135315,536,0,568,11,552,5,135245
483,135316,539,159,565,182,552,170,135246
483,135317,348,62,376,85,362,73,135247
483,135318,29,244,43,262,36,253,135248
483,135319,42,230,58,251,50,240,135249
483,135320,223,205,240,233,231,219,135250
483,135321,66,20,81,40,73,30,135251
483,135322,31,274,47,299,39,286,135252
483,135323,623,318,639,337,631,327,135253
483,135324,576,322,607,346,591,334,135254
483,135325,582,10,607,21,594,15,135255
483,135326,384,9,398,27,391,18,135256
483,135327,201,276,222,295,211,285,135257
483,135328,130,0,149,13,139,6,135258
483,135329,380,269,399,294,389,281,135259
483,135330,110,208,124,226,117,217,135260
483,135331,566,351,591,359,578,355,135261
483,135332,570,45,601,71,585,58,135262
483,135333,210,26,227,44,218,35,135230
484,135334,444,0,533,73,488,36,135264
484,135335,539,247,571,273,555,260,135265
484,135336,596,234,621,263,608,248,135266
484,135337,468,183,490,228,479,205,135267
484,135338,596,127,623,164,609,145,135268
484,135339,266,0,345,50,305,25,135269
484,135340,382,121,403,156,392,138,135270
484,135341,528,70,557,95,542,82,135271
484,135342,417,112,441,145,429,128,135272
484,135343,60,164,79,186,69,175,135273
484,135344,543,206,578,231,560,218,135274
484,135345,99,165,116,199,107,182,135275
484,135346,363,21,384,66,373,43,135276
484,135347,434,44,455,73,444,58,135277
484,135348,208,316,231,345,219,330,135278
484,135349,398,274,421,297,409,285,135279
484,135350,300,52,321,84,310,68,135280
484,135351,245,52,267,78,256,65,135281
484,135352,609,0,637,21,623,10,135282
484,135353,278,291,302,312,290,301,135283
484,135354,271,75,291,105,281,90,135284
484,135355,506,26,524,49,515,37,135285
484,135356,574,70,610,96,592,83,135286
484,135357,261,178,281,210,271,194,135287
484,135358,428,15,454,30,441,22,135288
484,135359,397,12,417,32,407,22,135289
484,135360,610,49,633,75,621,62,135290
484,135361,294,228,314,257,304,242,135291
484,135362,119,89,137,114,128,101,135292
484,135363,407,30,429,51,418,40,135293
484,135364,233,84,256,106,244,95,135294
484,135365,36,120,54,141,45,130,135295
484,135366,72,129,88,156,80,142,135296
484,135367,57,97,80,123,68,110,135297
484,135368,229,50,250,74,239,62,135298
484,135369,200,13,220,33,210,23,135299
484,135370,212,24,237,45,224,34,135300
484,135371,37,158,55,177,46,167,135301
484,135372,40,88,56,114,48,101,135302
484,135373,486,254,512,277,499,265,135303
484,135374,281,16,302,38,291,27,135304
484,135375,322,2,339,21,330,11,135305
484,135376,127,0,188,22,157,11,135306
484,135377,52,19,66,52,59,35,135307
484,135378,163,0,179,4,171,2,135308
484,135379,328,245,351,267,339,256,135309
484,135380,217,0,228,7,222,3,135310
484,135381,186,81,209,103,197,92,135311
484,135382,196,56,212,82,204,69,135312
484,135383,313,128,337,153,325,140,135313
484,135384,307,98,334,121,320,109,135314
484,135385,536,0,568,11,552,5,135315
484,135386,539,159,565,182,552,170,135316
484,135387,348,62,376,85,362,73,135317
484,135388,29,244,43,262,36,253,135318
484,135389,42,230,58,251,50,240,135319
484,135390,224,209,240,237,232,223,135320
484,135391,66,20,81,40,73,30,135321
484,135392,31,274,47,299,39,286,135322
484,135393,626,317,639,337,632,327,135323
484,135394,582,10,607,21,594,15,135325
484,135395,384,9,398,27,391,18,135326
484,135396,201,276,222,295,211,285,135327
484,135397,130,0,149,13,139,6,135328
484,135398,381,270,400,294,390,282,135329
484,135399,566,351,590,359,578,355,135331
484,135400,567,43,598,70,582,56,135332
484,135401,210,26,227,44,218,35,135300
484,135402,299,268,327,284,313,276,
485,135403,444,0,533,73,488,36,135334
485,135404,539,247,571,273,555,260,135335
485,135405,596,234,621,263,608,248,135336
485,135406,468,183,490,228,479,205,135337
485,135407,597,127,623,164,610,145,135338
485,135408,266,0,345,50,305,25,135339
485,135409,382,121,403,156,392,138,135340
485,135410,528,70,557,95,542,82,135341
485,135411,417,112,441,145,429,128,135342
485,135412,60,164,79,186,69,175,135343
485,135413,543,206,578,231,560,218,135344
485,135414,99,165,116,199,107,182,135345
485,135415,363,21,384,66,373,43,135346
485,135416,434,44,454,73,444,58,135347
485,135417,208,316,231,345,219,330,135348
485,135418,398,274,421,297,409,285,135349
485,135419,300,52,321,84,310,68,135350
485,135420,245,52,267,79,256,65,135351
485,135421,610,0,637,21,623,10,135352
485,135422,278,291,302,312,290,301,135353
485,135423,271,75,291,105,281,90,135354
485,135424,506,26,524,49,515,37,135355
485,135425,574,70,610,96,592,83,135356
485,135426,261,178,281,210,271,194,135357
485,135427,428,15,454,30,441,22,135358
485,135428,397,12,417,32,407,22,135359
485,135429,610,49,633,75,621,62,135360
485,135430,294,228,314,257,304,242,135361
485,135431,119,89,137,114,128,101,135362
485,135432,407,29,429,51,418,40,135363
485,135433,233,84,256,106,244,95,135364
485,135434,36,120,54,141,45,130,135365
485,135435,72,129,88,156,80,142,135366
485,135436,57,97,80,123,68,110,135367
485,135437,229,50,250,74,239,62,135368
485,135438,200,13,220,33,210,23,135369
485,135439,212,24,237,45,224,34,135370
485,135440,37,158,55,177,46,167,135371
485,135441,40,88,56,114,48,101,135372
485,135442,486,254,512,277,499,265,135373
485,135443,281,16,302,38,291,27,135374
485,135444,322,2,339,21,330,11,135375
485,135445,127,0,188,22,157,11,135376
485,135446,52,19,66,52,59,35,135377
485,135447,163,0,179,4,171,2,135378
485,135448,328,245,351,267,339,256,135379
485,135449,217,0,228,7,222,3,135380
485,135450,186,81,209,103,197,92,135381
485,135451,196,56,212,82,204,69,135382
485,135452,313,128,337,153,325,140,135383
485,135453,307,98,334,121,320,109,135384
485,135454,536,0,568,11,552,5,135385
485,135455,540,159,565,182,552,170,135386
485,135456,348,62,376,85,362,73,135387
485,135457,29,244,43,262,36,253,135388
485,135458,42,229,58,251,50,240,135389
485,135459,225,212,241,241,233,226,135390
485,135460,66,20,81,40,73,30,135391
485,135461,31,274,47,299,39,286,135392
485,135462,628,317,639,337,633,327,135393
485,135463,582,10,607,21,594,15,135394
485,135464,384,9,398,27,391,18,135395
485,135465,201,275,222,295,211,285,135396
485,135466,130,0,149,13,139,6,135397
485,135467,383,271,401,295,392,283,135398
485,135468,566,351,588,359,577,355,135399
485,135469,565,42,596,68,580,55,135400
485,135470,210,26,227,44,218,35,135370
486,135471,444,0,533,73,488,36,135403
486,135472,539,247,571,273,555,260,135404
486,135473,596,234,621,263,608,248,135405
486,135474,468,183,490,228,479,205,135406
486,135475,597,127,623,164,610,145,135407
486,135476,266,0,345,50,305,25,135408
486,135477,382,121,402,156,392,138,135409
486,135478,528,70,557,95,542,82,135410
486,135479,417,112,441,145,429,128,135411
486,135480,60,164,79,186,69,175,135412
486,135481,543,206,578,231,560,218,135413
486,135482,99,165,116,199,107,182,135414
486,135483,363,21,384,66,373,43,135415
486,135484,434,44,454,73,444,58,135416
486,135485,208,316,231,345,219,330,135417
486,135486,398,274,421,297,409,285,135418
486,135487,300,52,321,84,310,68,135419
486,135488,245,52,267,79,256,65,135420
486,135489,610,0,637,21,623,10,135421
486,135490,278,291,302,312,290,301,135422
486,135491,271,75,291,105,281,90,135423
486,135492,506,26,525,49,515,37,135424
486,135493,574,69,610,96,592,82,135425
486,135494,261,178,281,210,271,194,135426
486,135495,428,15,454,30,441,22,135427
486,135496,397,12,417,32,407,22,135428
486,135497,610,49,633,75,621,62,135429
486,135498,294,228,314,257,304,242,135430
486,135499,119,89,137,114,128,101,135431
486,135500,407,29,429,51,418,40,135432
486,135501,233,84,256,106,244,95,135433
486,135502,36,120,54,141,45,130,135434
486,135503,72,129,88,156,80,142,135435
486,135504,57,97,80,123,68,110,135436
486,135505,229,50,250,74,239,62,135437
486,135506,200,13,220,34,210,23,135438
486,135507,212,24,237,45,224,34,135439
486,135508,37,158,55,177,46,167,135440
486,135509,40,88,56,114,48,101,135441
486,135510,486,254,512,277,499,265,135442
486,135511,281,16,302,38,291,27,135443
486,135512,322,2,339,21,330,11,135444
486,135513,127,0,188,22,157,11,135445
486,135514,52,19,66,52,59,35,135446
486,135515,163,0,179,4,171,2,135447
486,135516,328,245,351,267,339,256,135448
486,135517,217,0,228,7,222,3,135449
486,135518,186,81,209,103,197,92,135450
486,135519,196,56,212,82,204,69,135451
486,135520,313,128,337,153,325,140,135452
486,135521,307,98,334,120,320,109,135453
486,135522,536,0,568,11,552,5,135454
486,135523,540,159,565,182,552,170,135455
486,135524,348,62,376,85,362,73,135456
486,135525,29,244,43,262,36,253,135457
486,135526,42,229,58,251,50,240,135458
486,135527,225,214,241,243,233,228,135459
486,135528,66,20,81,40,73,30,135460
486,135529,31,274,47,299,39,286,135461
486,135530,629,317,639,337,634,327,135462
486,135531,582,10,607,21,594,15,135463
486,135532,384,9,398,27,391,18,135464
486,135533,201,275,222,295,211,285,135465
486,135534,130,0,149,12,139,6,135466
486,135535,384,271,401,295,392,283,135467
486,135536,566,351,587,359,576,355,135468
486,135537,564,41,595,68,579,54,135469
486,135538,210,26,227,44,218,35,135439
486,135539,511,7,529,33,520,20,
487,135540,444,0,533,73,488,36,135471
487,135541,539,247,571,273,555,260,135472
487,135542,596,234,621,263,608,248,135473
487,135543,468,183,490,228,479,205,135474
487,135544,597,127,623,164,610,145,135475
487,135545,266,0,345,50,305,25,135476
487,135546,382,121,402,156,392,138,135477
487,135547,528,70,557,95,542,82,135478
487,135548,417,112,441,145,429,128,135479
487,135549,60,164,79,186,69,175,135480
487,135550,543,206,578,231,560,218,135481
487,135551,99,165,116,199,107,182,135482
487,135552,363,21,384,66,373,43,135483
487,135553,434,43,454,73,444,58,135484
487,135554,208,316,231,345,219,330,135485
487,135555,399,274,421,296,410,285,135486
487,135556,300,52,321,84,310,68,135487
487,135557,245,52,267,79,256,65,135488
487,135558,610,0,637,21,623,10,135489
487,135559,278,291,302,312,290,301,135490
487,135560,271,75,291,105,281,90,135491
487,135561,506,26,524,49,515,37,135492
487,135562,574,69,610,96,592,82,135493
487,135563,261,178,281,210,271,194,135494
487,135564,428,15,454,30,441,22,135495
487,135565,397,12,417,32,407,22,135496
487,135566,610,49,633,75,621,62,135497
487,135567,294,228,314,257,304,242,135498
487,135568,119,89,137,114,128,101,135499
487,135569,407,29,429,51,418,40,135500
487,135570,233,84,256,106,244,95,135501
487,135571,36,120,54,141,45,130,135502
487,135572,72,129,88,156,80,142,135503
487,135573,57,97,80,123,68,110,135504
487,135574,229,50,250,74,239,62,135505
487,135575,200,13,220,34,210,23,135506
487,135576,213,24,237,45,225,34,135507
487,135577,37,158,55,177,46,167,135508
487,135578,40,88,56,114,48,101,135509
487,135579,486,254,512,277,499,265,135510
487,135580,281,16,302,38,291,27,135511
487,135581,322,2,339,21,330,11,135512
487,135582,127,0,188,22,157,11,135513
487,135583,52,19,66,52,59,35,135514
487,135584,163,0,179,4,171,2,135515
487,135585,328,245,351,266,339,255,135516
487,135586,217,0,228,7,222,3,135517
487,135587,185,81,209,103,197,92,135518
487,135588,196,56,212,82,204,69,135519
487,135589,313,128,337,153,325,140,135520
487,135590,307,98,334,120,320,109,135521
487,135591,536,0,568,11,552,5,135522
487,135592,540,159,565,182,552,170,135523
487,135593,348,62,376,85,362,73,135524
487,135594,29,244,43,262,36,253,135525
487,135595,42,229,58,251,50,240,135526
487,135596,225,216,241,245,233,230,135527
487,135597,66,20,81,40,73,30,135528
487,135598,31,274,47,299,39,286,135529
487,135599,630,318,639,337,634,327,135530
487,135600,582,10,607,21,594,15,135531
487,135601,384,9,398,27,391,18,135532
487,135602,201,276,222,294,211,285,135533
487,135603,130,0,149,12,139,6,135534
487,135604,385,272,401,295,393,283,135535
487,135605,566,351,586,359,576,355,135536
487,135606,562,41,594,67,578,54,135537
487,135607,210,26,227,44,218,35,135507
487,135608,511,7,529,33,520,20,135539
488,135609,444,0,533,73,488,36,135540
488,135610,539,247,571,273,555,260,135541
488,135611,596,234,621,263,608,248,135542
488,135612,468,183,490,228,479,205,135543
488,135613,597,127,623,164,610,145,135544
488,135614,266,0,346,50,306,25,135545
488,135615,382,121,402,156,392,138,135546
488,135616,528,70,557,95,542,82,135547
488,135617,417,112,441,145,429,128,135548
488,135618,60,164,79,186,69,175,135549
488,135619,543,206,578,231,560,218,135550
488,135620,99,165,116,199,107,182,135551
488,135621,363,21,384,66,373,43,135552
488,135622,434,42,454,73,444,57,135553
488,135623,208,316,231,345,219,330,135554
488,135624,399,274,421,295,410,284,135555
488,135625,300,52,321,84,310,68,135556
488,135626,245,52,267,79,256,65,135557
488,135627,610,0,637,21,623,10,135558
488,135628,278,291,302,312,290,301,135559
488,135629,271,75,291,105,281,90,135560
488,135630,506,26,524,49,515,37,135561
488,135631,574,69,610,95,592,82,135562
488,135632,261,178,281,210,271,194,135563
488,135633,428,15,454,30,441,22,135564
488,135634,397,12,417,32,407,22,135565
488,135635,610,49,633,75,621,62,135566
488,135636,294,228,314,257,304,242,135567
488,135637,119,89,137,114,128,101,135568
488,135638,406,29,429,51,417,40,135569
488,135639,233,84,256,106,244,95,135570
488,135640,36,120,54,141,45,130,135571
488,135641,72,129,88,156,80,142,135572
488,135642,57,97,80,123,68,110,135573
488,135643,229,50,250,74,239,62,135574
488,135644,200,13,220,34,210,23,135575
488,135645,213,24,237,45,225,34,135576
488,135646,37,158,55,177,46,167,135577
488,135647,40,88,56,114,48,101,135578
488,135648,486,254,512,277,499,265,135579
488,135649,281,16,302,38,291,27,135580
488,135650,322,2,339,21,330,11,135581
488,135651,127,0,188,22,157,11,135582
488,135652,52,19,66,52,59,35,135583
488,135653,163,0,179,4,171,2,135584
488,135654,328,245,351,266,339,255,135585
488,135655,217,0,228,7,222,3,135586
488,135656,185,81,209,103,197,92,135587
488,135657,196,56,212,82,204,69,135588
488,135658,313,128,337,153,325,140,135589
488,135659,307,98,334,120,320,109,135590
488,135660,536,0,568,11,552,5,135591
488,135661,539,159,565,182,552,170,135592
488,135662,348,62,376,85,362,73,135593
488,135663,29,244,43,262,36,253,135594
488,135664,42,229,58,252,50,240,135595
488,135665,225,218,241,246,233,232,135596
488,135666,66,20,81,40,73,30,135597
488,135667,31,274,47,299,39,286,135598
488,135668,631,317,639,337,635,327,135599
488,135669,582,10,607,21,594,15,135600
488,135670,384,9,398,27,391,18,135601
488,135671,201,276,222,294,211,285,135602
488,135672,130,0,149,12,139,6,135603
488,135673,386,273,401,293,393,283,135604
488,135674,566,351,584,359,575,355,135605
488,135675,561,40,594,66,577,53,135606
488,135676,210,26,227,44,218,35,135576
488,135677,511,7,529,33,520,20,135608
489,135678,444,0,533,73,488,36,135609
489,135679,539,247,571,273,555,260,135610
489,135680,596,234,621,263,608,248,135611
489,135681,468,183,490,229,479,206,135612
489,135682,597,127,623,164,610,145,135613
489,135683,266,0,346,50,306,25,135614
489,135684,382,121,402,156,392,138,135615
489,135685,528,70,557,95,542,82,135616
489,135686,417,112,441,145,429,128,135617
489,135687,60,164,80,186,70,175,135618
489,135688,543,206,578,231,560,218,135619
489,135689,99,165,116,199,107,182,135620
489,135690,362,21,384,66,373,43,135621
489,135691,434,41,454,73,444,57,135622
489,135692,208,316,231,345,219,330,135623
489,135693,399,274,421,295,410,284,135624
489,135694,300,52,321,85,310,68,135625
489,135695,245,52,267,78,256,65,135626
489,135696,609,0,637,21,623,10,135627
489,135697,278,291,302,312,290,301,135628
489,135698,271,75,291,105,281,90,135629
489,135699,506,26,525,50,515,38,135630
489,135700,574,69,609,95,591,82,135631
489,135701,261,178,281,210,271,194,135632
489,135702,428,15,454,30,441,22,135633
489,135703,397,12,417,32,407,22,135634
489,135704,610,49,633,75,621,62,135635
489,135705,294,228,313,257,303,242,135636
489,135706,119,89,137,114,128,101,135637
489,135707,407,29,429,51,418,40,135638
489,135708,233,84,256,106,244,95,135639
489,135709,36,120,54,141,45,130,135640
489,135710,72,129,88,156,80,142,135641
489,135711,57,97,80,123,68,110,135642
489,135712,229,50,250,74,239,62,135643
489,135713,200,13,220,34,210,23,135644
489,135714,213,24,237,45,225,34,135645
489,135715,37,158,55,177,46,167,135646
489,135716,40,88,56,114,48,101,135647
489,135717,486,254,512,277,499,265,135648
489,135718,281,16,302,38,291,27,135649
489,135719,322,2,339,21,330,11,135650
489,135720,127,0,188,22,157,11,135651
489,135721,52,19,66,52,59,35,135652
489,135722,163,0,179,4,171,2,135653
489,135723,328,245,351,266,339,255,135654
489,135724,217,0,228,7,222,3,135655
489,135725,185,81,209,103,197,92,135656
489,135726,196,56,212,82,204,69,135657
489,135727,313,128,337,153,325,140,135658
489,135728,307,98,334,120,320,109,135659
489,135729,536,0,568,11,552,5,135660
489,135730,539,159,565,182,552,170,135661
489,135731,348,62,376,85,362,73,135662
489,135732,29,244,43,262,36,253,135663
489,135733,42,229,58,253,50,241,135664
489,135734,226,220,242,247,234,233,135665
489,135735,66,20,81,40,73,30,135666
489,135736,31,274,47,299,39,286,135667
489,135737,631,318,639,337,635,327,135668
489,135738,582,10,607,21,594,15,135669
489,135739,384,9,399,27,391,18,135670
489,135740,201,275,222,294,211,284,135671
489,135741,130,0,149,12,139,6,135672
489,135742,386,273,401,293,393,283,135673
489,135743,566,351,583,359,574,355,135674
489,135744,560,38,593,65,576,51,135675
489,135745,210,26,227,44,218,35,135676
489,135746,132,238,151,254,141,246,
489,135747,574,321,600,333,587,327,
489,135748,110,208,125,226,117,217,
490,135749,444,0,533,73,488,36,135678
490,135750,539,247,571,273,555,260,135679
490,135751,596,234,621,263,608,248,135680
490,135752,468,183,490,229,479,206,135681
490,135753,596,127,623,164,609,145,135682
490,135754,266,0,346,50,306,25,135683
490,135755,382,121,402,156,392,138,135684
490,135756,528,70,557,95,542,82,135685
490,135757,417,112,441,145,429,128,135686
490,135758,60,164,79,186,69,175,135687
490,135759,543,206,578,231,560,218,135688
490,135760,99,165,116,199,107,182,135689
490,135761,362,21,384,66,373,43,135690
490,135762,434,41,454,73,444,57,135691
490,135763,208,316,231,345,219,330,135692
490,135764,400,274,421,294,410,284,135693
490,135765,300,52,321,85,310,68,135694
490,135766,245,52,267,78,256,65,135695
490,135767,609,0,637,21,623,10,135696
490,135768,278,291,302,312,290,301,135697
490,135769,271,75,291,105,281,90,135698
490,135770,506,26,525,50,515,38,135699
490,135771,574,69,610,95,592,82,135700
490,135772,261,178,281,210,271,194,135701
490,135773,428,15,454,30,441,22,135702
490,135774,397,12,417,32,407,22,135703
490,135775,609,50,633,75,621,62,135704
490,135776,294,228,313,257,303,242,135705
490,135777,119,89,137,114,128,101,135706
490,135778,407,30,429,51,418,40,135707
490,135779,233,84,256,106,244,95,135708
490,135780,36,120,54,141,45,130,135709
490,135781,72,129,88,156,80,142,135710
490,135782,57,97,80,123,68,110,135711
490,135783,229,50,250,74,239,62,135712
490,135784,200,13,220,34,210,23,135713
490,135785,212,24,237,45,224,34,135714
490,135786,37,158,55,177,46,167,135715
490,135787,40,88,56,114,48,101,135716
490,135788,486,254,512,277,499,265,135717
490,135789,281,16,302,38,291,27,135718
490,135790,322,2,339,21,330,11,135719
490,135791,127,0,188,22,157,11,135720
490,135792,52,19,66,52,59,35,135721
490,135793,163,0,179,4,171,2,135722
490,135794,328,245,351,266,339,255,135723
490,135795,217,0,228,7,222,3,135724
490,135796,185,81,209,103,197,92,135725
490,135797,196,56,212,82,204,69,135726
490,135798,313,128,337,153,325,140,135727
490,135799,307,98,334,120,320,109,135728
490,135800,536,0,568,11,552,5,135729
490,135801,540,159,565,182,552,170,135730
490,135802,348,62,376,85,362,73,135731
490,135803,29,244,43,262,36,253,135732
490,135804,42,229,58,253,50,241,135733
490,135805,226,222,242,247,234,234,135734
490,135806,66,20,81,40,73,30,135735
490,135807,31,274,47,299,39,286,135736
490,135808,631,318,639,337,635,327,135737
490,135809,582,10,607,21,594,15,135738
490,135810,384,9,399,27,391,18,135739
490,135811,201,275,222,294,211,284,135740
490,135812,130,0,149,12,139,6,135741
490,135813,387,274,401,294,394,284,135742
490,135814,566,351,585,359,575,355,135743
490,135815,559,37,593,63,576,50,135744
490,135816,211,26,229,44,220,35,135714
490,135817,132,238,152,254,142,246,135746
490,135818,110,208,125,226,117,217,135748
491,135819,444,0,533,73,488,36,135749
491,135820,539,247,571,273,555,260,135750
491,135821,596,234,621,263,608,248,135751
491,135822,468,183,490,229,479,206,135752
491,135823,596,127,623,164,609,145,135753
491,135824,266,0,346,50,306,25,135754
491,135825,382,121,402,156,392,138,135755
491,135826,528,70,557,95,542,82,135756
491,135827,417,112,442,145,429,128,135757
491,135828,60,164,79,186,69,175,135758
491,135829,543,206,578,231,560,218,135759
491,135830,99,165,116,199,107,182,135760
491,135831,363,21,384,66,373,43,135761
491,135832,434,40,454,73,444,56,135762
491,135833,208,316,231,345,219,330,135763
491,135834,400,274,421,294,410,284,135764
491,135835,300,52,321,85,310,68,135765
491,135836,245,52,267,78,256,65,135766
491,135837,609,0,637,21,623,10,135767
491,135838,278,291,302,312,290,301,135768
491,135839,271,75,291,105,281,90,135769
491,135840,506,26,525,50,515,38,135770
491,135841,574,69,610,95,592,82,135771
491,135842,261,178,281,210,271,194,135772
491,135843,428,15,454,30,441,22,135773
491,135844,397,12,417,32,407,22,135774
491,135845,609,50,633,75,621,62,135775
491,135846,294,228,313,257,303,242,135776
491,135847,119,89,137,114,128,101,135777
491,135848,407,30,429,51,418,40,135778
491,135849,233,84,256,106,244,95,135779
491,135850,36,120,54,141,45,130,135780
491,135851,72,129,88,156,80,142,135781
491,135852,57,97,80,123,68,110,135782
491,135853,229,50,250,74,239,62,135783
491,135854,200,13,220,34,210,23,135784
491,135855,212,24,237,45,224,34,135785
491,135856,37,158,55,177,46,167,135786
491,135857,40,88,56,114,48,101,135787
491,135858,486,254,512,277,499,265,135788
491,135859,281,16,302,38,291,27,135789
491,135860,322,2,339,21,330,11,135790
491,135861,127,0,188,22,157,11,135791
491,135862,52,19,66,52,59,35,135792
491,135863,163,0,179,4,171,2,135793
491,135864,328,245,351,266,339,255,135794
491,135865,217,0,228,7,222,3,135795
491,135866,185,81,209,103,197,92,135796
491,135867,196,56,212,82,204,69,135797
491,135868,313,128,337,153,325,140,135798
491,135869,307,98,334,120,320,109,135799
491,135870,536,0,568,11,552,5,135800
491,135871,540,159,565,182,552,170,135801
491,135872,348,62,376,85,362,73,135802
491,135873,29,244,43,262,36,253,135803
491,135874,42,229,58,254,50,241,135804
491,135875,226,222,242,247,234,234,135805
491,135876,66,20,81,40,73,30,135806
491,135877,31,274,47,299,39,286,135807
491,135878,631,318,639,337,635,327,135808
491,135879,582,10,607,21,594,15,135809
491,135880,384,9,399,27,391,18,135810
491,135881,201,275,222,294,211,284,135811
491,135882,130,0,149,12,139,6,135812
491,135883,387,274,401,294,394,284,135813
491,135884,566,351,585,359,575,355,135814
491,135885,558,37,593,63,575,50,135815
491,135886,211,26,230,44,220,35,135785
491,135887,132,238,152,254,142,246,135817
491,135888,110,208,125,226,117,217,135818
491,135889,635,53,639,83,637,68,
492,135890,444,0,533,73,488,36,135819
492,135891,539,247,571,273,555,260,135820
492,135892,596,234,621,263,608,248,135821
492,135893,468,183,490,229,479,206,135822
492,135894,596,127,623,164,609,145,135823
492,135895,266,0,346,50,306,25,135824
492,135896,382,121,402,156,392,138,135825
492,135897,528,70,557,95,542,82,135826
492,135898,417,112,442,145,429,128,135827
492,135899,60,164,79,186,69,175,135828
492,135900,543,206,578,231,560,218,135829
492,135901,99,165,116,199,107,182,135830
492,135902,363,21,384,67,373,44,135831
492,135903,434,40,454,73,444,56,135832
492,135904,208,316,231,345,219,330,135833
492,135905,399,274,421,296,410,285,135834
492,135906,300,52,321,85,310,68,135835
492,135907,245,52,267,78,256,65,135836
492,135908,609,0,637,21,623,10,135837
492,135909,278,291,302,312,290,301,135838
492,135910,271,75,291,105,281,90,135839
492,135911,506,26,525,50,515,38,135840
492,135912,574,69,610,95,592,82,135841
492,135913,261,178,281,210,271,194,135842
492,135914,428,15,454,30,441,22,135843
492,135915,397,12,417,32,407,22,135844
492,135916,609,50,633,75,621,62,135845
492,135917,294,228,313,257,303,242,135846
492,135918,119,89,137,114,128,101,135847
492,135919,407,30,429,51,418,40,135848
492,135920,233,84,256,106,244,95,135849
492,135921,36,120,54,141,45,130,135850
492,135922,72,129,88,156,80,142,135851
492,135923,57,97,80,123,68,110,135852
492,135924,229,50,250,74,239,62,135853
492,135925,200,13,220,34,210,23,135854
492,135926,212,24,237,45,224,34,135855
492,135927,37,158,55,177,46,167,135856
492,135928,40,88,56,114,48,101,135857
492,135929,486,254,512,277,499,265,135858
492,135930,281,16,302,38,291,27,135859
492,135931,322,2,339,21,330,11,135860
492,135932,127,0,188,22,157,11,135861
492,135933,52,19,66,52,59,35,135862
492,135934,163,0,179,4,171,2,135863
492,135935,328,245,351,266,339,255,135864
492,135936,217,0,228,7,222,3,135865
492,135937,186,81,209,103,197,92,135866
492,135938,196,56,212,82,204,69,135867
492,135939,313,128,337,153,325,140,135868
492,135940,307,98,334,120,320,109,135869
492,135941,536,0,568,11,552,5,135870
492,135942,540,159,565,182,552,170,135871
492,135943,348,62,376,85,362,73,135872
492,135944,29,244,43,262,36,253,135873
492,135945,42,229,58,254,50,241,135874
492,135946,227,224,243,247,235,235,135875
492,135947,66,20,81,40,73,30,135876
492,135948,31,274,47,299,39,286,135877
492,135949,632,317,639,337,635,327,135878
492,135950,582,10,607,21,594,15,135879
492,135951,384,9,399,27,391,18,135880
492,135952,201,275,222,294,211,284,135881
492,135953,130,0,149,12,139,6,135882
492,135954,383,274,401,295,392,284,135883
492,135955,558,36,593,62,575,49,135885
492,135956,211,26,231,44,221,35,135855
492,135957,133,238,152,254,142,246,135887
492,135958,110,208,125,226,117,217,135888
492,135959,634,52,639,82,636,67,135889
492,135960,511,7,529,33,520,20,
492,135961,573,320,600,332,586,326,
493,135962,444,0,533,73,488,36,135890
493,135963,539,247,571,273,555,260,135891
493,135964,596,234,621,263,608,248,135892
493,135965,468,183,490,229,479,206,135893
493,135966,596,127,623,164,609,145,135894
493,135967,266,0,346,50,306,25,135895
493,135968,382,121,403,156,392,138,135896
493,135969,528,70,557,95,542,82,135897
493,135970,417,112,442,145,429,128,135898
493,135971,60,164,79,186,69,175,135899
493,135972,543,206,578,231,560,218,135900
493,135973,99,165,116,199,107,182,135901
493,135974,363,21,384,67,373,44,135902
493,135975,434,40,454,73,444,56,135903
493,135976,208,316,231,345,219,330,135904
493,135977,398,274,421,297,409,285,135905
493,135978,300,52,321,85,310,68,135906
493,135979,245,52,267,79,256,65,135907
493,135980,609,0,637,21,623,10,135908
493,135981,278,291,302,312,290,301,135909
493,135982,271,75,291,105,281,90,135910
493,135983,506,26,525,50,515,38,135911
493,135984,574,69,610,95,592,82,135912
493,135985,261,178,281,210,271,194,135913
493,135986,428,15,454,30,441,22,135914
493,135987,397,12,417,32,407,22,135915
493,135988,609,50,632,75,620,62,135916
493,135989,294,228,313,257,303,242,135917
493,135990,119,89,137,114,128,101,135918
493,135991,407,30,429,51,418,40,135919
493,135992,233,84,256,106,244,95,135920
493,135993,36,120,54,142,45,131,135921
493,135994,72,129,88,156,80,142,135922
493,135995,57,97,80,123,68,110,135923
493,135996,229,50,250,74,239,62,135924
493,135997,200,13,220,34,210,23,135925
493,135998,212,24,237,45,224,34,135926
493,135999,37,158,55,177,46,167,135927
493,136000,40,88,56,114,48,101,135928
493,136001,486,254,512,277,499,265,135929
493,136002,281,16,302,38,291,27,135930
493,136003,322,2,339,21,330,11,135931
493,136004,128,0,188,22,158,11,135932
493,136005,52,19,66,52,59,35,135933
493,136006,163,0,179,4,171,2,135934
493,136007,328,245,351,266,339,255,135935
493,136008,217,0,228,7,222,3,135936
493,136009,186,81,209,103,197,92,135937
493,136010,196,56,212,82,204,69,135938
493,136011,313,128,337,153,325,140,135939
493,136012,307,98,334,120,320,109,135940
493,136013,536,0,568,11,552,5,135941
493,136014,540,159,565,182,552,170,135942
493,136015,348,62,376,85,362,73,135943
493,136016,29,245,43,262,36,253,135944
493,136017,42,229,57,254,49,241,135945
493,136018,227,226,244,249,235,237,135946
493,136019,66,20,81,40,73,30,135947
493,136020,31,274,47,299,39,286,135948
493,136021,632,318,639,337,635,327,135949
493,136022,582,10,607,21,594,15,135950
493,136023,384,9,399,28,391,18,135951
493,136024,201,275,222,294,211,284,135952
493,136025,131,0,149,12,140,6,135953
493,136026,385,274,401,296,393,285,135954
493,136027,558,36,593,62,575,49,135955
493,136028,110,208,125,226,117,217,135958
493,136029,633,53,639,81,636,67,135959
493,136030,511,7,529,33,520,20,135960
493,136031,570,319,600,332,585,325,135961
493,136032,566,351,587,359,576,355,
494,136033,444,0,533,73,488,36,135962
494,136034,539,247,571,273,555,260,135963
494,136035,596,234,621,263,608,248,135964
494,136036,468,183,490,229,479,206,135965
494,136037,596,127,623,164,609,145,135966
494,136038,266,0,346,50,306,25,135967
494,136039,382,121,403,156,392,138,135968
494,136040,528,70,557,95,542,82,135969
494,136041,417,112,442,145,429,128,135970
494,136042,60,164,79,186,69,175,135971
494,136043,543,206,578,231,560,218,135972
494,136044,99,165,116,199,107,182,135973
494,136045,363,21,384,67,373,44,135974
494,136046,434,40,454,73,444,56,135975
494,136047,208,316,231,346,219,331,135976
494,136048,398,274,421,298,409,286,135977
494,136049,300,52,321,85,310,68,135978
494,136050,245,52,267,79,256,65,135979
494,136051,609,0,637,21,623,10,135980
494,136052,278,291,302,312,290,301,135981
494,136053,271,75,291,105,281,90,135982
494,136054,506,27,525,50,515,38,135983
494,136055,574,69,610,95,592,82,135984
494,136056,261,178,281,210,271,194,135985
494,136057,428,15,454,30,441,22,135986
494,136058,397,11,417,32,407,21,135987
494,136059,609,50,632,75,620,62,135988
494,136060,294,228,313,257,303,242,135989
494,136061,119,89,137,114,128,101,135990
494,136062,407,30,429,51,418,40,135991
494,136063,233,84,256,106,244,95,135992
494,136064,36,120,54,142,45,131,135993
494,136065,72,129,88,156,80,142,135994
494,136066,57,97,80,123,68,110,135995
494,136067,229,50,250,74,239,62,135996
494,136068,200,13,220,34,210,23,135997
494,136069,212,24,237,45,224,34,135998
494,136070,37,158,55,177,46,167,135999
494,136071,40,88,56,114,48,101,136000
494,136072,486,254,512,277,499,265,136001
494,136073,281,16,303,39,292,27,136002
494,136074,322,2,339,21,330,11,136003
494,136075,128,0,188,22,158,11,136004
494,136076,52,19,66,52,59,35,136005
494,136077,163,0,179,4,171,2,136006
494,136078,328,245,351,266,339,255,136007
494,136079,217,0,228,7,222,3,136008
494,136080,186,81,209,103,197,92,136009
494,136081,196,56,212,82,204,69,136010
494,136082,313,128,337,153,325,140,136011
494,136083,307,98,334,120,320,109,136012
494,136084,536,0,568,11,552,5,136013
494,136085,539,159,565,182,552,170,136014
494,136086,348,62,376,85,362,73,136015
494,136087,29,245,43,262,36,253,136016
494,136088,41,229,57,254,49,241,136017
494,136089,228,227,245,252,236,239,136018
494,136090,66,20,81,40,73,30,136019
494,136091,31,274,47,299,39,286,136020
494,136092,632,318,639,337,635,327,136021
494,136093,582,10,607,21,594,15,136022
494,136094,384,9,398,28,391,18,136023
494,136095,201,275,222,294,211,284,136024
494,136096,131,0,149,12,140,6,136025
494,136097,387,273,401,295,394,284,136026
494,136098,559,36,593,61,576,48,136027
494,136099,110,208,125,226,117,217,136028
494,136100,633,53,639,78,636,65,136029
494,136101,511,7,529,33,520,20,136030
494,136102,568,318,600,332,584,325,136031
494,136103,566,351,587,359,576,355,136032
495,136104,443,0,533,73,488,36,136033
495,136105,539,247,571,273,555,260,136034
495,136106,596,234,621,263,608,248,136035
495,136107,468,183,490,229,479,206,136036
495,136108,596,127,623,164,609,145,136037
495,136109,266,0,346,50,306,25,136038
495,136110,382,121,403,156,392,138,136039
495,136111,528,70,557,95,542,82,136040
495,136112,417,112,442,145,429,128,136041
495,136113,60,164,79,186,69,175,136042
495,136114,543,206,578,231,560,218,136043
495,136115,99,165,116,199,107,182,136044
495,136116,362,21,385,67,373,44,136045
495,136117,434,40,454,73,444,56,136046
495,136118,208,316,231,346,219,331,136047
495,136119,399,274,422,299,410,286,136048
495,136120,300,52,321,85,310,68,136049
495,136121,245,52,267,79,256,65,136050
495,136122,609,0,637,21,623,10,136051
495,136123,278,291,302,312,290,301,136052
495,136124,271,75,291,105,281,90,136053
495,136125,506,27,525,50,515,38,136054
495,136126,574,69,610,95,592,82,136055
495,136127,261,178,281,210,271,194,136056
495,136128,427,14,454,30,440,22,136057
495,136129,397,11,417,32,407,21,136058
495,136130,610,50,632,75,621,62,136059
495,136131,294,228,314,257,304,242,136060
495,136132,119,89,136,114,127,101,136061
495,136133,407,29,429,51,418,40,136062
495,136134,233,84,256,106,244,95,136063
495,136135,36,120,54,142,45,131,136064
495,136136,72,129,88,156,80,142,136065
495,136137,57,97,80,123,68,110,136066
495,136138,229,50,250,74,239,62,136067
495,136139,200,13,220,34,210,23,136068
495,136140,212,24,237,45,224,34,136069
495,136141,37,158,55,177,46,167,136070
495,136142,40,88,56,114,48,101,136071
495,136143,486,254,512,277,499,265,136072
495,136144,281,16,303,40,292,28,136073
495,136145,322,2,339,21,330,11,136074
495,136146,128,0,188,22,158,11,136075
495,136147,52,19,66,52,59,35,136076
495,136148,163,0,179,4,171,2,136077
495,136149,328,245,351,266,339,255,136078
495,136150,217,0,228,7,222,3,136079
495,136151,186,81,209,103,197,92,136080
495,136152,196,56,212,82,204,69,136081
495,136153,313,128,337,153,325,140,136082
495,136154,307,98,334,120,320,109,136083
495,136155,536,0,568,11,552,5,136084
495,136156,540,158,565,182,552,170,136085
495,136157,348,62,376,85,362,73,136086
495,136158,29,245,43,262,36,253,136087
495,136159,41,229,57,254,49,241,136088
495,136160,228,228,246,254,237,241,136089
495,136161,66,20,81,40,73,30,136090
495,136162,31,274,47,299,39,286,136091
495,136163,632,318,639,337,635,327,136092
495,136164,582,10,607,21,594,15,136093
495,136165,384,9,399,28,391,18,136094
495,136166,201,275,222,294,211,284,136095
495,136167,131,0,149,12,140,6,136096
495,136168,388,273,402,296,395,284,136097
495,136169,559,36,593,61,576,48,136098
495,136170,110,208,125,226,117,217,136099
495,136171,632,54,639,77,635,65,136100
495,136172,511,7,529,33,520,20,136101
495,136173,567,316,600,332,583,324,136102
495,136174,566,351,589,359,577,355,136103
495,136175,190,242,216,260,203,251,
496,136176,443,0,533,73,488,36,136104
496,136177,539,247,571,273,555,260,136105
496,136178,596,234,621,263,608,248,136106
496,136179,468,183,490,229,479,206,136107
496,136180,596,127,623,164,609,145,136108
496,136181,266,0,346,51,306,25,136109
496,136182,382,121,403,156,392,138,136110
496,136183,528,70,557,95,542,82,136111
496,136184,417,112,442,145,429,128,136112
496,136185,60,164,79,186,69,175,136113
496,136186,543,206,578,231,560,218,136114
496,136187,99,165,116,199,107,182,136115
496,136188,362,21,385,67,373,44,136116
496,136189,433,40,454,73,443,56,136117
496,136190,208,316,231,347,219,331,136118
496,136191,400,275,422,300,411,287,136119
496,136192,300,52,321,85,310,68,136120
496,136193,245,52,267,79,256,65,136121
496,136194,609,0,637,21,623,10,136122
496,136195,279,291,302,312,290,301,136123
496,136196,271,75,291,105,281,90,136124
496,136197,506,27,525,50,515,38,136125
496,136198,574,69,610,95,592,82,136126
496,136199,261,178,281,210,271,194,136127
496,136200,427,14,454,30,440,22,136128
496,136201,397,11,417,32,407,21,136129
496,136202,609,50,632,75,620,62,136130
496,136203,294,228,314,257,304,242,136131
496,136204,119,89,136,114,127,101,136132
496,136205,407,29,429,51,418,40,136133
496,136206,233,84,256,106,244,95,136134
496,136207,36,120,54,142,45,131,136135
496,136208,72,129,88,156,80,142,136136
496,136209,57,97,80,123,68,110,136137
496,136210,229,50,250,74,239,62,136138
496,136211,200,13,220,34,210,23,136139
496,136212,212,24,237,45,224,34,136140
496,136213,37,158,55,177,46,167,136141
496,136214,40,88,56,114,48,101,136142
496,136215,486,254,512,277,499,265,136143
496,136216,281,16,303,40,292,28,136144
496,136217,322,2,339,21,330,11,136145
496,136218,128,0,188,22,158,11,136146
496,136219,52,19,66,52,59,35,136147
496,136220,163,0,179,4,171,2,136148
496,136221,328,245,351,266,339,255,136149
496,136222,217,0,228,7,222,3,136150
496,136223,186,81,209,103,197,92,136151
496,136224,196,56,212,82,204,69,136152
496,136225,313,128,337,153,325,140,136153
496,136226,307,98,334,120,320,109,136154
496,136227,536,0,568,11,552,5,136155
496,136228,540,158,565,182,552,170,136156
496,136229,348,62,376,85,362,73,136157
496,136230,29,245,43,262,36,253,136158
496,136231,41,229,56,254,48,241,136159
496,136232,229,229,246,255,237,242,136160
496,136233,66,20,81,40,73,30,136161
496,136234,31,274,47,299,39,286,136162
496,136235,632,317,639,337,635,327,136163
496,136236,582,10,607,21,594,15,136164
496,136237,384,9,399,29,391,19,136165
496,136238,201,275,222,294,211,284,136166
496,136239,131,0,149,12,140,6,136167
496,136240,388,273,402,296,395,284,136168
496,136241,559,36,593,61,576,48,136169
496,136242,110,208,125,226,117,217,136170
496,136243,632,53,639,78,635,65,136171
496,136244,511,7,529,33,520,20,136172
496,136245,566,315,599,332,582,323,136173
496,136246,566,351,590,359,578,355,136174
496,136247,190,242,216,261,203,251,136175
497,136248,443,0,533,73,488,36,136176
497,136249,539,247,571,273,555,260,136177
497,136250,596,234,621,263,608,248,136178
497,136251,468,183,490,229,479,206,136179
497,136252,596,127,623,164,609,145,136180
497,136253,266,0,346,51,306,25,136181
497,136254,382,121,403,156,392,138,136182
497,136255,528,70,557,95,542,82,136183
497,136256,417,112,441,145,429,128,136184
497,136257,60,164,79,186,69,175,136185
497,136258,543,206,578,231,560,218,136186
497,136259,99,165,116,199,107,182,136187
497,136260,362,21,385,67,373,44,136188
497,136261,433,40,454,73,443,56,136189
497,136262,208,316,231,347,219,331,136190
497,136263,401,275,422,300,411,287,136191
497,136264,300,52,321,85,310,68,136192
497,136265,245,52,267,79,256,65,136193
497,136266,610,0,637,21,623,10,136194
497,136267,279,291,302,312,290,301,136195
497,136268,271,75,291,105,281,90,136196
497,136269,506,27,525,50,515,38,136197
497,136270,574,69,610,95,592,82,136198
497,136271,261,178,281,210,271,194,136199
497,136272,427,14,453,29,440,21,136200
497,136273,397,11,417,32,407,21,136201
497,136274,609,50,632,75,620,62,136202
497,136275,294,228,314,257,304,242,136203
497,136276,119,89,136,114,127,101,136204
497,136277,407,29,429,51,418,40,136205
497,136278,233,84,256,106,244,95,136206
497,136279,36,120,54,142,45,131,136207
497,136280,72,129,88,156,80,142,136208
497,136281,57,97,80,123,68,110,136209
497,136282,229,50,250,74,239,62,136210
497,136283,200,13,220,34,210,23,136211
497,136284,212,24,237,45,224,34,136212
497,136285,37,158,55,177,46,167,136213
497,136286,40,88,56,114,48,101,136214
497,136287,486,254,512,277,499,265,136215
497,136288,281,16,303,40,292,28,136216
497,136289,322,2,339,21,330,11,136217
497,136290,127,0,188,22,157,11,136218
497,136291,52,19,66,52,59,35,136219
497,136292,163,0,179,4,171,2,136220
497,136293,328,244,351,266,339,255,136221
497,136294,217,0,229,7,223,3,136222
497,136295,186,81,209,103,197,92,136223
497,136296,196,56,212,82,204,69,136224
497,136297,313,128,337,153,325,140,136225
497,136298,307,98,334,120,320,109,136226
497,136299,536,0,568,12,552,6,136227
497,136300,540,158,565,182,552,170,136228
497,136301,348,62,376,85,362,73,136229
497,136302,29,245,43,262,36,253,136230
497,136303,41,229,56,254,48,241,136231
497,136304,229,230,247,255,238,242,136232
497,136305,66,20,81,40,73,30,136233
497,136306,31,274,47,299,39,286,136234
497,136307,632,316,639,337,635,326,136235
497,136308,582,10,607,21,594,15,136236
497,136309,384,9,399,29,391,19,136237
497,136310,201,275,222,294,211,284,136238
497,136311,131,0,149,12,140,6,136239
497,136312,388,273,404,296,396,284,136240
497,136313,559,36,593,61,576,48,136241
497,136314,632,54,639,80,635,67,136243
497,136315,511,7,529,33,520,20,136244
497,136316,565,315,598,332,581,323,136245
497,136317,566,351,590,359,578,355,136246
498,136318,443,0,533,73,488,36,136248
498,136319,539,247,571,273,555,260,136249
498,136320,596,234,621,263,608,248,136250
498,136321,468,183,490,229,479,206,136251
498,136322,596,127,623,164,609,145,136252
498,136323,266,0,346,51,306,25,136253
498,136324,382,121,403,156,392,138,136254
498,136325,528,70,557,95,542,82,136255
498,136326,417,112,441,145,429,128,136256
498,136327,60,164,79,186,69,175,136257
498,136328,543,206,578,231,560,218,136258
498,136329,99,165,116,199,107,182,136259
498,136330,363,21,385,67,374,44,136260
498,136331,433,40,454,73,443,56,136261
498,136332,208,316,231,347,219,331,136262
498,136333,402,275,422,300,412,287,136263
498,136334,300,52,321,85,310,68,136264
498,136335,245,52,267,79,256,65,136265
498,136336,610,0,637,21,623,10,136266
498,136337,279,291,302,312,290,301,136267
498,136338,271,75,291,105,281,90,136268
498,136339,506,27,525,50,515,38,136269
498,136340,574,69,610,95,592,82,136270
498,136341,261,178,281,210,271,194,136271
498,136342,427,14,453,29,440,21,136272
498,136343,397,11,417,32,407,21,136273
498,136344,609,50,632,75,620,62,136274
498,136345,294,228,314,257,304,242,136275
498,136346,119,89,136,114,127,101,136276
498,136347,407,29,429,51,418,40,136277
498,136348,233,84,256,106,244,95,136278
498,136349,36,120,54,142,45,131,136279
498,136350,72,129,88,156,80,142,136280
498,136351,57,97,80,123,68,110,136281
498,136352,229,50,250,74,239,62,136282
498,136353,200,13,220,34,210,23,136283
498,136354,212,24,237,45,224,34,136284
498,136355,37,158,55,177,46,167,136285
498,136356,40,88,56,114,48,101,136286
498,136357,486,254,512,277,499,265,136287
498,136358,281,16,303,40,292,28,136288
498,136359,322,2,339,21,330,11,136289
498,136360,127,0,188,22,157,11,136290
498,136361,52,19,66,52,59,35,136291
498,136362,163,0,179,4,171,2,136292
498,136363,328,244,351,266,339,255,136293
498,136364,217,0,229,7,223,3,136294
498,136365,186,81,209,103,197,92,136295
498,136366,196,56,212,82,204,69,136296
498,136367,313,128,337,153,325,140,136297
498,136368,307,98,334,120,320,109,136298
498,136369,536,0,568,12,552,6,136299
498,136370,540,158,565,182,552,170,136300
498,136371,348,62,376,85,362,73,136301
498,136372,28,245,43,262,35,253,136302
498,136373,41,229,56,254,48,241,136303
498,136374,229,230,247,256,238,243,136304
498,136375,66,20,81,40,73,30,136305
498,136376,31,274,47,299,39,286,136306
498,136377,632,316,639,337,635,326,136307
498,136378,582,10,607,21,594,15,136308
498,136379,384,9,399,29,391,19,136309
498,136380,201,275,222,294,211,284,136310
498,136381,131,0,149,12,140,6,136311
498,136382,389,273,404,296,396,284,136312
498,136383,559,36,593,61,576,48,136313
498,136384,632,54,639,81,635,67,136314
498,136385,511,7,529,33,520,20,136315
498,136386,565,315,598,332,581,323,136316
498,136387,566,351,590,359,578,355,136317
499,136388,443,0,533,73,488,36,136318
499,136389,539,247,571,273,555,260,136319
499,136390,596,234,621,263,608,248,136320
499,136391,468,183,490,229,479,206,136321
499,136392,596,127,623,164,609,145,136322
499,136393,266,0,346,51,306,25,136323
499,136394,382,121,402,156,392,138,136324
499,136395,529,70,557,95,543,82,136325
499,136396,417,112,441,145,429,128,136326
499,136397,60,164,79,186,69,175,136327
499,136398,543,206,578,231,560,218,136328
499,136399,99,165,116,199,107,182,136329
499,136400,363,21,385,67,374,44,136330
499,136401,433,40,453,73,443,56,136331
499,136402,208,316,231,347,219,331,136332
499,136403,402,275,422,300,412,287,136333
499,136404,300,52,321,84,310,68,136334
499,136405,245,52,267,79,256,65,136335
499,136406,610,0,637,21,623,10,136336
499,136407,279,291,302,312,290,301,136337
499,136408,271,75,291,105,281,90,136338
499,136409,506,27,525,50,515,38,136339
499,136410,574,69,610,95,592,82,136340
499,136411,261,178,281,210,271,194,136341
499,136412,428,14,453,29,440,21,136342
499,136413,397,11,417,32,407,21,136343
499,136414,609,50,632,75,620,62,136344
499,136415,294,228,314,257,304,242,136345
499,136416,119,89,136,114,127,101,136346
499,136417,407,29,429,51,418,40,136347
499,136418,233,84,256,106,244,95,136348
499,136419,36,120,54,142,45,131,136349
499,136420,72,129,88,156,80,142,136350
499,136421,57,97,80,123,68,110,136351
499,136422,229,50,250,74,239,62,136352
499,136423,200,13,220,34,210,23,136353
499,136424,212,24,237,45,224,34,136354
499,136425,37,158,55,177,46,167,136355
499,136426,40,88,56,114,48,101,136356
499,136427,486,254,512,277,499,265,136357
499,136428,281,16,303,40,292,28,136358
499,136429,322,2,339,21,330,11,136359
499,136430,127,0,188,22,157,11,136360
499,136431,52,19,66,52,59,35,136361
499,136432,163,0,179,4,171,2,136362
499,136433,328,244,351,266,339,255,136363
499,136434,217,0,229,7,223,3,136364
499,136435,186,81,209,103,197,92,136365
499,136436,196,56,212,82,204,69,136366
499,136437,313,128,337,153,325,140,136367
499,136438,307,98,334,120,320,109,136368
499,136439,536,0,568,12,552,6,136369
499,136440,540,158,565,182,552,170,136370
499,136441,348,62,376,85,362,73,136371
499,136442,28,245,43,261,35,253,136372
499,136443,41,229,56,254,48,241,136373
499,136444,230,231,247,256,238,243,136374
499,136445,66,20,81,40,73,30,136375
499,136446,31,274,47,299,39,286,136376
499,136447,633,316,639,336,636,326,136377
499,136448,582,10,607,21,594,15,136378
499,136449,384,9,399,29,391,19,136379
499,136450,201,275,222,294,211,284,136380
499,136451,131,0,149,12,140,6,136381
499,136452,388,273,404,297,396,285,136382
499,136453,559,36,593,61,576,48,136383
499,136454,632,55,639,81,635,68,136384
499,136455,511,7,530,33,520,20,136385
499,136456,565,315,598,332,581,323,136386
499,136457,566,351,590,359,578,355,136387
500,136458,443,0,534,73,488,36,136388
500,136459,539,247,571,273,555,260,136389
500,136460,596,234,621,262,608,248,136390
500,136461,468,183,490,229,479,206,136391
500,136462,597,127,623,165,610,146,136392
500,136463,266,0,346,51,306,25,136393
500,136464,381,121,403,156,392,138,136394
500,136465,528,70,557,96,542,83,136395
500,136466,417,112,441,145,429,128,136396
500,136467,60,164,79,186,69,175,136397
500,136468,543,206,578,231,560,218,136398
500,136469,99,165,116,200,107,182,136399
500,136470,363,21,385,66,374,43,136400
500,136471,433,40,453,72,443,56,136401
500,136472,208,316,231,347,219,331,136402
500,136473,402,275,421,300,411,287,136403
500,136474,300,52,321,85,310,68,136404
500,136475,246,52,267,78,256,65,136405
500,136476,609,0,637,21,623,10,136406
500,136477,279,291,302,312,290,301,136407
500,136478,271,75,291,105,281,90,136408
500,136479,506,27,525,50,515,38,136409
500,136480,574,69,610,95,592,82,136410
500,136481,261,178,281,210,271,194,136411
500,136482,428,14,452,28,440,21,136412
500,136483,397,11,417,32,407,21,136413
500,136484,609,49,633,75,621,62,136414
500,136485,294,228,314,258,304,243,136415
500,136486,119,89,136,115,127,102,136416
500,136487,406,29,429,51,417,40,136417
500,136488,233,84,256,106,244,95,136418
500,136489,36,121,54,142,45,131,136419
500,136490,72,129,88,156,80,142,136420
500,136491,57,98,80,123,68,110,136421
500,136492,229,50,250,74,239,62,136422
500,136493,200,13,220,35,210,24,136423
500,136494,213,23,237,45,225,34,136424
500,136495,37,158,55,177,46,167,136425
500,136496,40,88,56,114,48,101,136426
500,136497,486,254,512,277,499,265,136427
500,136498,281,16,303,40,292,28,136428
500,136499,323,2,339,21,331,11,136429
500,136500,126,0,187,22,156,11,136430
500,136501,52,18,67,53,59,35,136431
500,136502,163,0,179,4,171,2,136432
500,136503,328,245,351,266,339,255,136433
500,136504,217,0,229,7,223,3,136434
500,136505,185,81,209,103,197,92,136435
500,136506,196,56,212,83,204,69,136436
500,136507,313,128,337,153,325,140,136437
500,136508,306,98,334,120,320,109,136438
500,136509,537,0,568,12,552,6,136439
500,136510,540,159,565,182,552,170,136440
500,136511,348,62,376,85,362,73,136441
500,136512,28,245,43,261,35,253,136442
500,136513,41,229,56,255,48,242,136443
500,136514,230,232,248,256,239,244,136444
500,136515,66,20,81,40,73,30,136445
500,136516,31,275,47,299,39,287,136446
500,136517,633,315,639,336,636,325,136447
500,136518,582,10,607,22,594,16,136448
500,136519,384,9,399,29,391,19,136449
500,136520,201,275,222,294,211,284,136450
500,136521,388,272,404,297,396,284,136452
500,136522,559,36,593,61,576,48,136453
500,136523,632,56,639,81,635,68,136454
500,136524,512,7,530,33,521,20,136455
500,136525,565,315,597,332,581,323,136456
501,136526,443,0,534,73,488,36,136458
501,136527,539,247,571,273,555,260,136459
501,136528,596,234,621,262,608,248,136460
501,136529,468,183,490,229,479,206,136461
501,136530,597,127,623,165,610,146,136462
501,136531,266,0,346,50,306,25,136463
501,136532,381,121,403,156,392,138,136464
501,136533,528,70,557,96,542,83,136465
501,136534,417,112,441,145,429,128,136466
501,136535,60,164,79,186,69,175,136467
501,136536,543,206,578,231,560,218,136468
501,136537,99,165,116,200,107,182,136469
501,136538,363,21,385,66,374,43,136470
501,136539,433,40,452,71,442,55,136471
501,136540,208,316,231,346,219,331,136472
501,136541,402,275,421,300,411,287,136473
501,136542,300,52,322,85,311,68,136474
501,136543,246,52,267,78,256,65,136475
501,136544,609,0,637,21,623,10,136476
501,136545,279,291,302,312,290,301,136477
501,136546,271,75,291,105,281,90,136478
501,136547,506,27,525,50,515,38,136479
501,136548,574,69,610,95,592,82,136480
501,136549,261,178,281,210,271,194,136481
501,136550,428,14,452,28,440,21,136482
501,136551,397,11,417,32,407,21,136483
501,136552,609,49,633,75,621,62,136484
501,136553,294,228,314,258,304,243,136485
501,136554,119,90,136,115,127,102,136486
501,136555,406,29,429,51,417,40,136487
501,136556,233,84,256,106,244,95,136488
501,136557,36,121,54,142,45,131,136489
501,136558,72,129,88,156,80,142,136490
501,136559,57,98,80,122,68,110,136491
501,136560,229,50,250,74,239,62,136492
501,136561,200,13,220,35,210,24,136493
501,136562,213,23,237,45,225,34,136494
501,136563,37,158,55,177,46,167,136495
501,136564,40,88,56,114,48,101,136496
501,136565,486,254,512,277,499,265,136497
501,136566,281,16,303,40,292,28,136498
501,136567,323,3,339,21,331,12,136499
501,136568,126,0,187,22,156,11,136500
501,136569,52,18,67,53,59,35,136501
501,136570,163,0,179,4,171,2,136502
501,136571,328,245,351,266,339,255,136503
501,136572,217,0,229,7,223,3,136504
501,136573,185,81,209,103,197,92,136505
501,136574,196,56,212,83,204,69,136506
501,136575,313,128,337,152,325,140,136507
501,136576,306,98,334,120,320,109,136508
501,136577,537,0,568,12,552,6,136509
501,136578,540,159,565,182,552,170,136510
501,136579,348,62,376,85,362,73,136511
501,136580,28,245,43,261,35,253,136512
501,136581,41,229,56,256,48,242,136513
501,136582,230,232,248,256,239,244,136514
501,136583,66,20,81,40,73,30,136515
501,136584,31,275,47,299,39,287,136516
501,136585,633,314,639,336,636,325,136517
501,136586,582,10,607,22,594,16,136518
501,136587,384,9,399,29,391,19,136519
501,136588,200,275,222,294,211,284,136520
501,136589,388,272,404,297,396,284,136521
501,136590,559,36,593,61,576,48,136522
501,136591,632,57,639,82,635,69,136523
501,136592,512,7,530,33,521,20,136524
501,136593,565,315,597,332,581,323,136525
501,136594,352,274,390,295,371,284,
501,136595,351,293,377,311,364,302,
502,136596,443,0,534,73,488,36,136526
502,136597,539,247,571,273,555,260,136527
502,136598,596,234,621,262,608,248,136528
502,136599,468,183,490,227,479,205,136529
502,136600,597,127,623,165,610,146,136530
502,136601,266,0,346,50,306,25,136531
502,136602,381,121,403,156,392,138,136532
502,136603,528,70,557,96,542,83,136533
502,136604,417,112,441,145,429,128,136534
502,136605,60,164,79,186,69,175,136535
502,136606,543,206,578,231,560,218,136536
502,136607,99,165,116,200,107,182,136537
502,136608,363,21,385,66,374,43,136538
502,136609,433,40,452,71,442,55,136539
502,136610,208,316,231,346,219,331,136540
502,136611,402,275,421,300,411,287,136541
502,136612,300,52,322,85,311,68,136542
502,136613,246,52,267,78,256,65,136543
502,136614,609,0,637,21,623,10,136544
502,136615,279,291,301,312,290,301,136545
502,136616,271,75,291,105,281,90,136546
502,136617,506,27,525,50,515,38,136547
502,136618,574,69,610,95,592,82,136548
502,136619,261,178,281,210,271,194,136549
502,136620,428,14,452,28,440,21,136550
502,136621,397,11,417,32,407,21,136551
502,136622,609,49,633,75,621,62,136552
502,136623,294,228,314,258,304,243,136553
502,136624,119,90,136,115,127,102,136554
502,136625,406,29,429,51,417,40,136555
502,136626,233,84,256,106,244,95,136556
502,136627,36,121,54,142,45,131,136557
502,136628,72,129,88,156,80,142,136558
502,136629,57,98,80,122,68,110,136559
502,136630,229,50,250,74,239,62,136560
502,136631,200,13,220,35,210,24,136561
502,136632,213,23,237,45,225,34,136562
502,136633,37,158,55,177,46,167,136563
502,136634,40,88,56,114,48,101,136564
502,136635,486,254,512,277,499,265,136565
502,136636,281,16,303,40,292,28,136566
502,136637,323,3,340,21,331,12,136567
502,136638,125,0,187,22,156,11,136568
502,136639,52,18,67,53,59,35,136569
502,136640,163,0,179,4,171,2,136570
502,136641,328,245,351,266,339,255,136571
502,136642,217,0,229,7,223,3,136572
502,136643,185,81,209,103,197,92,136573
502,136644,196,56,212,83,204,69,136574
502,136645,313,128,337,152,325,140,136575
502,136646,306,98,334,120,320,109,136576
502,136647,537,0,568,12,552,6,136577
502,136648,540,159,565,182,552,170,136578
502,136649,348,62,377,85,362,73,136579
502,136650,28,245,43,261,35,253,136580
502,136651,41,229,56,256,48,242,136581
502,136652,230,233,248,256,239,244,136582
502,136653,66,20,81,40,73,30,136583
502,136654,31,275,47,299,39,287,136584
502,136655,632,313,639,336,635,324,136585
502,136656,582,10,607,22,594,16,136586
502,136657,384,9,399,29,391,19,136587
502,136658,200,275,222,294,211,284,136588
502,136659,388,272,404,297,396,284,136589
502,136660,559,36,593,61,576,48,136590
502,136661,632,57,639,82,635,69,136591
502,136662,512,7,530,33,521,20,136592
502,136663,565,315,597,332,581,323,136593
502,136664,351,274,390,295,370,284,136594
502,136665,350,293,377,310,363,301,136595
503,136666,444,0,534,73,489,36,136596
503,136667,539,247,571,273,555,260,136597
503,136668,596,234,621,262,608,248,136598
503,136669,468,183,490,226,479,204,136599
503,136670,597,127,623,165,610,146,136600
503,136671,266,0,346,50,306,25,136601
503,136672,381,121,403,157,392,139,136602
503,136673,528,70,557,96,542,83,136603
503,136674,417,112,441,145,429,128,136604
503,136675,60,164,79,186,69,175,136605
503,136676,543,206,578,231,560,218,136606
503,136677,99,165,116,200,107,182,136607
503,136678,363,21,385,66,374,43,136608
503,136679,433,39,452,71,442,55,136609
503,136680,208,316,231,346,219,331,136610
503,136681,402,275,421,300,411,287,136611
503,136682,300,52,322,85,311,68,136612
503,136683,246,52,267,78,256,65,136613
503,136684,609,0,637,21,623,10,136614
503,136685,279,291,301,312,290,301,136615
503,136686,271,75,291,105,281,90,136616
503,136687,506,27,525,50,515,38,136617
503,136688,574,69,610,96,592,82,136618
503,136689,261,178,281,210,271,194,136619
503,136690,429,14,452,28,440,21,136620
503,136691,397,11,417,32,407,21,136621
503,136692,609,49,633,75,621,62,136622
503,136693,294,228,314,258,304,243,136623
503,136694,119,90,136,115,127,102,136624
503,136695,406,29,429,51,417,40,136625
503,136696,233,84,256,106,244,95,136626
503,136697,36,121,54,142,45,131,136627
503,136698,72,129,88,156,80,142,136628
503,136699,57,98,80,122,68,110,136629
503,136700,229,50,250,74,239,62,136630
503,136701,200,13,220,35,210,24,136631
503,136702,212,23,237,45,224,34,136632
503,136703,37,158,55,177,46,167,136633
503,136704,40,88,56,114,48,101,136634
503,136705,486,254,512,277,499,265,136635
503,136706,281,16,303,40,292,28,136636
503,136707,323,3,340,21,331,12,136637
503,136708,125,0,187,22,156,11,136638
503,136709,52,18,67,53,59,35,136639
503,136710,163,0,179,4,171,2,136640
503,136711,328,245,351,266,339,255,136641
503,136712,217,0,229,7,223,3,136642
503,136713,185,82,209,103,197,92,136643
503,136714,196,56,212,83,204,69,136644
503,136715,313,128,337,153,325,140,136645
503,136716,306,98,334,120,320,109,136646
503,136717,537,0,568,12,552,6,136647
503,136718,540,159,565,182,552,170,136648
503,136719,348,62,376,85,362,73,136649
503,136720,29,245,42,261,35,253,136650
503,136721,41,229,56,255,48,242,136651
503,136722,232,234,249,257,240,245,136652
503,136723,66,20,81,40,73,30,136653
503,136724,31,275,47,299,39,287,136654
503,136725,633,312,639,335,636,323,136655
503,136726,582,10,607,22,594,16,136656
503,136727,384,9,399,29,391,19,136657
503,136728,200,275,222,294,211,284,136658
503,136729,388,272,404,297,396,284,136659
503,136730,559,35,593,61,576,48,136660
503,136731,632,57,639,82,635,69,136661
503,136732,512,6,530,33,521,19,136662
503,136733,565,314,597,332,581,323,136663
503,136734,351,273,387,294,369,283,136664
503,136735,350,293,377,310,363,301,136665
504,136736,444,0,535,73,489,36,136666
504,136737,539,247,571,273,555,260,136667
504,136738,596,234,621,262,608,248,136668
504,136739,468,183,490,227,479,205,136669
504,136740,597,127,623,165,610,146,136670
504,136741,266,0,346,51,306,25,136671
504,136742,381,121,403,156,392,138,136672
504,136743,528,70,557,96,542,83,136673
504,136744,417,112,441,146,429,129,136674
504,136745,60,164,79,186,69,175,136675
504,136746,543,206,578,231,560,218,136676
504,136747,99,164,116,200,107,182,136677
504,136748,363,21,385,67,374,44,136678
504,136749,430,35,451,70,440,52,136679
504,136750,208,316,231,346,219,331,136680
504,136751,402,275,421,300,411,287,136681
504,136752,300,52,322,85,311,68,136682
504,136753,246,52,267,78,256,65,136683
504,136754,609,0,637,21,623,10,136684
504,136755,279,291,301,312,290,301,136685
504,136756,271,75,291,105,281,90,136686
504,136757,506,27,525,50,515,38,136687
504,136758,574,69,610,96,592,82,136688
504,136759,261,178,281,210,271,194,136689
504,136760,429,14,453,28,441,21,136690
504,136761,397,11,417,32,407,21,136691
504,136762,609,49,633,76,621,62,136692
504,136763,294,228,314,258,304,243,136693
504,136764,119,90,137,115,128,102,136694
504,136765,406,29,429,51,417,40,136695
504,136766,233,84,256,106,244,95,136696
504,136767,36,120,54,142,45,131,136697
504,136768,72,129,88,156,80,142,136698
504,136769,57,98,80,122,68,110,136699
504,136770,229,50,250,74,239,62,136700
504,136771,200,13,220,35,210,24,136701
504,136772,212,23,237,45,224,34,136702
504,136773,37,158,55,177,46,167,136703
504,136774,39,88,56,114,47,101,136704
504,136775,486,254,512,277,499,265,136705
504,136776,281,16,303,40,292,28,136706
504,136777,323,3,340,21,331,12,136707
504,136778,126,0,187,23,156,11,136708
504,136779,52,18,67,52,59,35,136709
504,136780,163,0,179,4,171,2,136710
504,136781,328,245,351,266,339,255,136711
504,136782,217,0,229,7,223,3,136712
504,136783,185,82,209,103,197,92,136713
504,136784,196,56,212,83,204,69,136714
504,136785,313,128,337,153,325,140,136715
504,136786,306,98,334,120,320,109,136716
504,136787,537,0,568,12,552,6,136717
504,136788,540,159,565,182,552,170,136718
504,136789,348,62,376,85,362,73,136719
504,136790,29,245,42,261,35,253,136720
504,136791,41,230,55,255,48,242,136721
504,136792,235,240,250,261,242,250,
504,136793,66,20,81,40,73,30,136723
504,136794,31,275,47,299,39,287,136724
504,136795,633,311,639,334,636,322,136725
504,136796,582,10,607,22,594,16,136726
504,136797,384,9,398,29,391,19,136727
504,136798,200,275,222,294,211,284,136728
504,136799,388,272,404,297,396,284,136729
504,136800,559,35,594,61,576,48,136730
504,136801,632,57,639,82,635,69,136731
504,136802,512,6,530,33,521,19,136732
504,136803,565,314,597,331,581,322,136733
504,136804,348,271,384,294,366,282,136734
504,136805,349,292,377,310,363,301,136735
505,136806,444,0,535,73,489,36,136736
505,136807,539,247,571,273,555,260,136737
505,136808,596,234,621,262,608,248,136738
505,136809,468,183,490,228,479,205,136739
505,136810,597,127,623,165,610,146,136740
505,136811,266,0,346,50,306,25,136741
505,136812,381,121,403,156,392,138,136742
505,136813,528,70,557,96,542,83,136743
505,136814,417,112,441,146,429,129,136744
505,136815,60,164,79,186,69,175,136745
505,136816,543,206,578,231,560,218,136746
505,136817,99,164,116,200,107,182,136747
505,136818,363,21,385,67,374,44,136748
505,136819,429,32,450,68,439,50,136749
505,136820,208,316,231,346,219,331,136750
505,136821,402,275,421,300,411,287,136751
505,136822,300,52,322,85,311,68,136752
505,136823,246,52,267,78,256,65,136753
505,136824,609,0,637,21,623,10,136754
505,136825,279,291,301,312,290,301,136755
505,136826,271,75,291,105,281,90,136756
505,136827,506,28,525,50,515,39,136757
505,136828,574,69,610,96,592,82,136758
505,136829,261,178,281,210,271,194,136759
505,136830,431,15,454,28,442,21,136760
505,136831,397,12,417,32,407,22,136761
505,136832,609,49,633,76,621,62,136762
505,136833,294,228,314,258,304,243,136763
505,136834,119,89,137,115,128,102,136764
505,136835,406,29,429,52,417,40,136765
505,136836,233,84,256,106,244,95,136766
505,136837,36,120,54,142,45,131,136767
505,136838,72,129,88,156,80,142,136768
505,136839,57,98,79,122,68,110,136769
505,136840,229,50,250,74,239,62,136770
505,136841,200,13,220,35,210,24,136771
505,136842,212,23,237,45,224,34,136772
505,136843,37,158,55,177,46,167,136773
505,136844,39,88,56,114,47,101,136774
505,136845,486,254,512,277,499,265,136775
505,136846,281,16,303,40,292,28,136776
505,136847,323,3,340,21,331,12,136777
505,136848,127,0,187,23,157,11,136778
505,136849,52,18,67,52,59,35,136779
505,136850,163,0,179,4,171,2,136780
505,136851,328,245,351,266,339,255,136781
505,136852,217,0,229,7,223,3,136782
505,136853,185,82,209,103,197,92,136783
505,136854,196,56,212,83,204,69,136784
505,136855,313,128,337,153,325,140,136785
505,136856,306,98,334,120,320,109,136786
505,136857,537,0,568,12,552,6,136787
505,136858,540,159,566,182,553,170,136788
505,136859,348,62,376,85,362,73,136789
505,136860,29,245,42,261,35,253,136790
505,136861,41,230,55,255,48,242,136791
505,136862,66,20,81,40,73,30,136793
505,136863,31,275,47,299,39,287,136794
505,136864,634,312,639,332,636,322,136795
505,136865,582,10,607,22,594,16,136796
505,136866,384,8,399,29,391,18,136797
505,136867,200,275,222,294,211,284,136798
505,136868,388,272,405,297,396,284,136799
505,136869,559,35,594,61,576,48,136800
505,136870,632,58,639,82,635,70,136801
505,136871,512,7,530,33,521,20,136802
505,136872,563,314,597,331,580,322,136803
505,136873,346,270,380,293,363,281,136804
505,136874,348,291,376,309,362,300,136805
505,136875,118,207,135,225,126,216,
506,136876,443,0,535,73,489,36,136806
506,136877,539,247,571,273,555,260,136807
506,136878,596,234,621,262,608,248,136808
506,136879,468,183,490,228,479,205,136809
506,136880,597,127,623,165,610,146,136810
506,136881,266,0,346,50,306,25,136811
506,136882,381,121,403,156,392,138,136812
506,136883,528,70,557,96,542,83,136813
506,136884,417,112,441,146,429,129,136814
506,136885,60,164,79,186,69,175,136815
506,136886,543,206,578,231,560,218,136816
506,136887,99,164,116,200,107,182,136817
506,136888,363,21,385,67,374,44,136818
506,136889,429,31,449,64,439,47,136819
506,136890,208,316,231,347,219,331,136820
506,136891,402,275,421,300,411,287,136821
506,136892,300,52,322,85,311,68,136822
506,136893,246,52,267,78,256,65,136823
506,136894,609,0,637,21,623,10,136824
506,136895,279,292,301,312,290,302,136825
506,136896,271,74,291,105,281,89,136826
506,136897,506,28,524,49,515,38,136827
506,136898,574,69,610,96,592,82,136828
506,136899,261,178,281,210,271,194,136829
506,136900,433,15,456,29,444,22,136830
506,136901,397,12,417,32,407,22,136831
506,136902,610,49,633,76,621,62,136832
506,136903,294,228,314,258,304,243,136833
506,136904,119,89,137,115,128,102,136834
506,136905,406,29,429,52,417,40,136835
506,136906,232,84,256,106,244,95,136836
506,136907,36,120,54,142,45,131,136837
506,136908,72,129,88,156,80,142,136838
506,136909,57,98,79,122,68,110,136839
506,136910,229,50,250,74,239,62,136840
506,136911,200,13,220,35,210,24,136841
506,136912,212,23,237,45,224,34,136842
506,136913,37,158,55,177,46,167,136843
506,136914,39,88,56,114,47,101,136844
506,136915,486,254,512,277,499,265,136845
506,136916,281,16,303,40,292,28,136846
506,136917,323,3,340,21,331,12,136847
506,136918,127,0,187,23,157,11,136848
506,136919,52,18,67,52,59,35,136849
506,136920,163,0,179,4,171,2,136850
506,136921,328,245,351,266,339,255,136851
506,136922,217,0,229,7,223,3,136852
506,136923,185,82,209,103,197,92,136853
506,136924,196,56,212,83,204,69,136854
506,136925,313,128,337,153,325,140,136855
506,136926,306,98,334,120,320,109,136856
506,136927,537,0,568,12,552,6,136857
506,136928,540,159,566,182,553,170,136858
506,136929,348,62,376,85,362,73,136859
506,136930,29,245,43,261,36,253,136860
506,136931,41,231,55,255,48,243,136861
506,136932,66,20,81,40,73,30,136862
506,136933,31,275,47,299,39,287,136863
506,136934,634,312,639,331,636,321,136864
506,136935,582,10,607,22,594,16,136865
506,136936,384,8,399,28,391,18,136866
506,136937,200,275,222,294,211,284,136867
506,136938,388,272,405,297,396,284,136868
506,136939,559,34,594,61,576,47,136869
506,136940,632,58,639,82,635,70,136870
506,136941,513,7,530,33,521,20,136871
506,136942,562,314,596,331,579,322,136872
506,136943,345,269,379,291,362,280,136873
506,136944,348,292,376,309,362,300,136874
507,136945,442,0,535,73,488,36,136876
507,136946,539,247,571,273,555,260,136877
507,136947,596,234,621,262,608,248,136878
507,136948,468,183,490,227,479,205,136879
507,136949,597,127,623,165,610,146,136880
507,136950,266,0,346,50,306,25,136881
507,136951,381,121,403,157,392,139,136882
507,136952,528,70,557,96,542,83,136883
507,136953,417,112,441,146,429,129,136884
507,136954,60,164,79,186,69,175,136885
507,136955,543,206,578,231,560,218,136886
507,136956,99,164,116,200,107,182,136887
507,136957,363,21,385,67,374,44,136888
507,136958,429,29,448,62,438,45,136889
507,136959,208,316,231,347,219,331,136890
507,136960,402,274,421,300,411,287,136891
507,136961,300,52,322,85,311,68,136892
507,136962,246,52,267,78,256,65,136893
507,136963,609,0,637,21,623,10,136894
507,136964,279,291,301,312,290,301,136895
507,136965,271,74,291,105,281,89,136896
507,136966,506,28,524,49,515,38,136897
507,136967,574,69,610,96,592,82,136898
507,136968,261,178,281,210,271,194,136899
507,136969,435,15,457,29,446,22,136900
507,136970,398,12,417,32,407,22,136901
507,136971,610,49,633,75,621,62,136902
507,136972,294,228,314,257,304,242,136903
507,136973,119,89,137,115,128,102,136904
507,136974,406,29,429,52,417,40,136905
507,136975,232,84,256,106,244,95,136906
507,136976,36,120,54,142,45,131,136907
507,136977,72,129,88,156,80,142,136908
507,136978,57,98,79,122,68,110,136909
507,136979,229,50,250,74,239,62,136910
507,136980,200,13,220,35,210,24,136911
507,136981,212,23,237,45,224,34,136912
507,136982,37,158,55,177,46,167,136913
507,136983,40,88,56,114,48,101,136914
507,136984,486,254,512,277,499,265,136915
507,136985,281,16,303,39,292,27,136916
507,136986,323,3,340,21,331,12,136917
507,136987,127,0,187,23,157,11,136918
507,136988,52,18,67,52,59,35,136919
507,136989,163,0,179,4,171,2,136920
507,136990,328,245,350,266,339,255,136921
507,136991,217,0,229,7,223,3,136922
507,136992,185,82,209,103,197,92,136923
507,136993,196,56,212,83,204,69,136924
507,136994,313,128,337,153,325,140,136925
507,136995,306,98,334,120,320,109,136926
507,136996,537,0,568,12,552,6,136927
507,136997,540,159,566,182,553,170,136928
507,136998,348,62,376,85,362,73,136929
507,136999,29,245,43,261,36,253,136930
507,137000,41,231,56,254,48,242,136931
507,137001,66,20,81,40,73,30,136932
507,137002,31,275,47,299,39,287,136933
507,137003,634,311,639,330,636,320,136934
507,137004,582,10,607,22,594,16,136935
507,137005,384,8,399,28,391,18,136936
507,137006,200,275,222,294,211,284,136937
507,137007,388,271,405,297,396,284,136938
507,137008,560,34,594,61,577,47,136939
507,137009,632,57,639,82,635,69,136940
507,137010,512,7,530,33,521,20,136941
507,137011,561,313,596,331,578,322,136942
507,137012,345,267,380,289,362,278,136943
507,137013,347,292,375,309,361,300,136944
508,137014,443,0,534,73,488,36,136945
508,137015,539,247,571,273,555,260,136946
508,137016,596,234,621,262,608,248,136947
508,137017,468,183,490,227,479,205,136948
508,137018,597,127,623,165,610,146,136949
508,137019,266,0,346,50,306,25,136950
508,137020,381,121,403,157,392,139,136951
508,137021,528,70,557,96,542,83,136952
508,137022,417,112,441,146,429,129,136953
508,137023,60,164,79,186,69,175,136954
508,137024,543,206,578,231,560,218,136955
508,137025,99,164,116,200,107,182,136956
508,137026,363,21,385,67,374,44,136957
508,137027,430,28,449,59,439,43,136958
508,137028,208,316,231,347,219,331,136959
508,137029,402,274,422,300,412,287,136960
508,137030,300,52,322,85,311,68,136961
508,137031,245,52,267,78,256,65,136962
508,137032,609,0,637,21,623,10,136963
508,137033,279,291,301,312,290,301,136964
508,137034,271,74,291,105,281,89,136965
508,137035,506,28,524,49,515,38,136966
508,137036,574,69,610,96,592,82,136967
508,137037,261,178,281,210,271,194,136968
508,137038,435,15,458,30,446,22,136969
508,137039,398,12,417,32,407,22,136970
508,137040,610,49,633,75,621,62,136971
508,137041,294,228,314,257,304,242,136972
508,137042,119,89,137,115,128,102,136973
508,137043,406,29,429,52,417,40,136974
508,137044,232,84,256,106,244,95,136975
508,137045,36,120,54,142,45,131,136976
508,137046,72,129,88,156,80,142,136977
508,137047,57,98,79,122,68,110,136978
508,137048,229,50,250,74,239,62,136979
508,137049,200,13,220,35,210,24,136980
508,137050,212,23,237,45,224,34,136981
508,137051,37,158,55,177,46,167,136982
508,137052,40,88,56,114,48,101,136983
508,137053,486,254,512,277,499,265,136984
508,137054,281,16,303,39,292,27,136985
508,137055,323,3,340,21,331,12,136986
508,137056,127,0,187,23,157,11,136987
508,137057,52,18,67,52,59,35,136988
508,137058,163,0,179,4,171,2,136989
508,137059,328,245,350,266,339,255,136990
508,137060,217,0,229,7,223,3,136991
508,137061,185,82,209,103,197,92,136992
508,137062,196,56,212,83,204,69,136993
508,137063,313,128,337,153,325,140,136994
508,137064,306,98,334,120,320,109,136995
508,137065,537,0,568,12,552,6,136996
508,137066,540,159,566,182,553,170,136997
508,137067,348,62,376,85,362,73,136998
508,137068,29,245,43,261,36,253,136999
508,137069,41,231,56,254,48,242,137000
508,137070,66,20,81,40,73,30,137001
508,137071,31,275,47,299,39,287,137002
508,137072,634,311,639,330,636,320,137003
508,137073,582,10,607,22,594,16,137004
508,137074,384,8,399,28,391,18,137005
508,137075,200,274,221,294,210,284,137006
508,137076,388,271,404,297,396,284,137007
508,137077,560,34,593,62,576,48,137008
508,137078,632,57,639,83,635,70,137009
508,137079,512,7,530,33,521,20,137010
508,137080,561,313,596,331,578,322,137011
508,137081,344,266,379,287,361,276,137012
508,137082,345,291,374,310,359,300,137013
508,137083,345,273,384,293,364,283,137012
509,137084,443,0,534,73,488,36,137014
509,137085,539,247,571,273,555,260,137015
509,137086,596,234,621,262,608,248,137016
509,137087,468,183,490,227,479,205,137017
509,137088,597,127,623,165,610,146,137018
509,137089,266,0,346,50,306,25,137019
509,137090,381,121,403,157,392,139,137020
509,137091,528,70,557,96,542,83,137021
509,137092,417,112,441,146,429,129,137022
509,137093,60,164,79,186,69,175,137023
509,137094,543,206,578,231,560,218,137024
509,137095,99,164,116,200,107,182,137025
509,137096,363,21,385,67,374,44,137026
509,137097,430,27,450,57,440,42,137027
509,137098,208,316,231,347,219,331,137028
509,137099,402,274,422,300,412,287,137029
509,137100,300,52,322,85,311,68,137030
509,137101,245,52,267,78,256,65,137031
509,137102,609,0,637,21,623,10,137032
509,137103,279,291,301,312,290,301,137033
509,137104,271,74,291,105,281,89,137034
509,137105,506,28,524,49,515,38,137035
509,137106,574,69,610,96,592,82,137036
509,137107,261,178,281,210,271,194,137037
509,137108,436,15,458,30,447,22,137038
509,137109,398,12,417,32,407,22,137039
509,137110,610,49,633,75,621,62,137040
509,137111,294,228,314,257,304,242,137041
509,137112,119,89,137,115,128,102,137042
509,137113,406,29,429,52,417,40,137043
509,137114,232,84,256,106,244,95,137044
509,137115,36,120,54,142,45,131,137045
509,137116,72,129,88,156,80,142,137046
509,137117,57,98,79,122,68,110,137047
509,137118,229,50,250,74,239,62,137048
509,137119,200,13,220,35,210,24,137049
509,137120,212,23,237,45,224,34,137050
509,137121,37,158,55,177,46,167,137051
509,137122,40,88,56,114,48,101,137052
509,137123,486,254,512,277,499,265,137053
509,137124,281,16,303,39,292,27,137054
509,137125,323,3,340,21,331,12,137055
509,137126,127,0,187,23,157,11,137056
509,137127,52,18,67,52,59,35,137057
509,137128,163,0,179,4,171,2,137058
509,137129,328,245,350,266,339,255,137059
509,137130,217,0,229,7,223,3,137060
509,137131,185,82,209,103,197,92,137061
509,137132,196,56,212,83,204,69,137062
509,137133,313,128,337,153,325,140,137063
509,137134,306,98,334,120,320,109,137064
509,137135,537,0,568,12,552,6,137065
509,137136,540,159,566,182,553,170,137066
509,137137,348,62,376,85,362,73,137067
509,137138,29,244,42,261,35,252,137068
509,137139,41,231,56,254,48,242,137069
509,137140,66,20,81,40,73,30,137070
509,137141,31,275,47,299,39,287,137071
509,137142,634,311,639,330,636,320,137072
509,137143,582,10,607,21,594,15,137073
509,137144,384,8,399,28,391,18,137074
509,137145,200,274,221,294,210,284,137075
509,137146,388,271,404,297,396,284,137076
509,137147,560,34,593,62,576,48,137077
509,137148,632,57,639,83,635,70,137078
509,137149,512,7,530,33,521,20,137079
509,137150,561,313,595,331,578,322,137080
509,137151,344,265,379,286,361,275,137081
509,137152,345,291,374,310,359,300,137082
509,137153,345,273,384,293,364,283,137083
510,137154,443,0,534,73,488,36,137084
510,137155,539,247,571,273,555,260,137085
510,137156,596,234,621,262,608,248,137086
510,137157,468,183,490,228,479,205,137087
510,137158,597,127,623,165,610,146,137088
510,137159,266,0,346,50,306,25,137089
510,137160,381,121,403,157,392,139,137090
510,137161,528,70,557,96,542,83,137091
510,137162,417,112,441,146,429,129,137092
510,137163,60,164,79,186,69,175,137093
510,137164,543,206,578,231,560,218,137094
510,137165,99,164,116,200,107,182,137095
510,137166,363,21,384,67,373,44,137096
510,137167,429,26,450,56,439,41,137097
510,137168,208,316,231,347,219,331,137098
510,137169,402,274,422,300,412,287,137099
510,137170,300,52,322,85,311,68,137100
510,137171,245,52,267,78,256,65,137101
510,137172,609,0,637,21,623,10,137102
510,137173,279,291,301,312,290,301,137103
510,137174,271,75,291,105,281,90,137104
510,137175,506,28,524,49,515,38,137105
510,137176,574,69,610,96,592,82,137106
510,137177,261,178,281,210,271,194,137107
510,137178,436,15,459,31,447,23,137108
510,137179,398,12,417,32,407,22,137109
510,137180,610,49,633,75,621,62,137110
510,137181,294,228,314,257,304,242,137111
510,137182,119,89,137,115,128,102,137112
510,137183,406,30,429,52,417,41,137113
510,137184,232,84,256,106,244,95,137114
510,137185,36,120,54,142,45,131,137115
510,137186,72,129,88,156,80,142,137116
510,137187,57,98,79,122,68,110,137117
510,137188,229,50,250,74,239,62,137118
510,137189,200,13,220,35,210,24,137119
510,137190,212,23,237,45,224,34,137120
510,137191,37,158,55,177,46,167,137121
510,137192,40,88,56,114,48,101,137122
510,137193,486,254,512,277,499,265,137123
510,137194,281,16,303,39,292,27,137124
510,137195,323,3,340,21,331,12,137125
510,137196,127,0,187,23,157,11,137126
510,137197,52,18,67,52,59,35,137127
510,137198,163,0,179,4,171,2,137128
510,137199,328,245,350,266,339,255,137129
510,137200,217,0,228,7,222,3,137130
510,137201,185,82,209,103,197,92,137131
510,137202,196,56,212,83,204,69,137132
510,137203,313,128,337,153,325,140,137133
510,137204,306,98,334,120,320,109,137134
510,137205,537,0,568,12,552,6,137135
510,137206,540,159,566,182,553,170,137136
510,137207,348,62,376,85,362,73,137137
510,137208,29,244,42,261,35,252,137138
510,137209,41,231,56,254,48,242,137139
510,137210,66,20,81,40,73,30,137140
510,137211,31,275,47,299,39,287,137141
510,137212,634,310,639,330,636,320,137142
510,137213,582,10,607,22,594,16,137143
510,137214,384,8,399,28,391,18,137144
510,137215,200,274,221,294,210,284,137145
510,137216,388,271,404,297,396,284,137146
510,137217,560,34,593,62,576,48,137147
510,137218,632,58,639,83,635,70,137148
510,137219,512,7,530,33,521,20,137149
510,137220,561,313,594,331,577,322,137150
510,137221,344,265,379,284,361,274,137151
510,137222,344,292,374,310,359,301,137152
510,137223,346,275,383,293,364,284,137153
511,137224,442,0,534,73,488,36,137154
511,137225,539,247,571,273,555,260,137155
511,137226,596,234,621,263,608,248,137156
511,137227,468,183,490,228,479,205,137157
511,137228,597,127,623,165,610,146,137158
511,137229,266,1,346,50,306,25,137159
511,137230,381,121,403,157,392,139,137160
511,137231,528,70,556,96,542,83,137161
511,137232,417,112,441,146,429,129,137162
511,137233,60,164,79,186,69,175,137163
511,137234,543,206,578,231,560,218,137164
511,137235,99,164,116,200,107,182,137165
511,137236,363,21,385,66,374,43,137166
511,137237,428,25,449,54,438,39,137167
511,137238,208,316,231,347,219,331,137168
511,137239,402,274,422,299,412,286,137169
511,137240,300,52,322,84,311,68,137170
511,137241,246,52,267,78,256,65,137171
511,137242,609,0,637,21,623,10,137172
511,137243,279,291,301,312,290,301,137173
511,137244,271,74,291,105,281,89,137174
511,137245,506,28,524,49,515,38,137175
511,137246,574,69,610,96,592,82,137176
511,137247,261,178,281,210,271,194,137177
511,137248,438,16,459,32,448,24,137178
511,137249,398,12,417,32,407,22,137179
511,137250,610,49,632,75,621,62,137180
511,137251,294,228,314,257,304,242,137181
511,137252,119,89,137,115,128,102,137182
511,137253,406,30,429,51,417,40,137183
511,137254,232,84,256,106,244,95,137184
511,137255,36,120,54,142,45,131,137185
511,137256,72,129,88,156,80,142,137186
511,137257,57,98,80,122,68,110,137187
511,137258,229,50,250,74,239,62,137188
511,137259,200,13,220,34,210,23,137189
511,137260,212,23,237,45,224,34,137190
511,137261,37,158,55,177,46,167,137191
511,137262,39,88,57,114,48,101,137192
511,137263,486,254,512,277,499,265,137193
511,137264,281,16,303,39,292,27,137194
511,137265,323,3,340,21,331,12,137195
511,137266,127,0,187,23,157,11,137196
511,137267,52,19,67,52,59,35,137197
511,137268,163,0,179,4,171,2,137198
511,137269,328,245,350,266,339,255,137199
511,137270,217,0,228,7,222,3,137200
511,137271,185,82,209,103,197,92,137201
511,137272,195,56,212,83,203,69,137202
511,137273,313,128,337,153,325,140,137203
511,137274,306,98,334,120,320,109,137204
511,137275,537,0,568,12,552,6,137205
511,137276,540,159,566,182,553,170,137206
511,137277,348,62,376,85,362,73,137207
511,137278,29,244,42,261,35,252,137208
511,137279,41,231,56,254,48,242,137209
511,137280,66,20,81,41,73,30,137210
511,137281,31,275,47,299,39,287,137211
511,137282,634,309,639,330,636,319,137212
511,137283,582,10,607,21,594,15,137213
511,137284,384,8,399,28,391,18,137214
511,137285,201,274,221,294,211,284,137215
511,137286,388,271,404,297,396,284,137216
511,137287,560,34,593,62,576,48,137217
511,137288,631,58,639,83,635,70,137218
511,137289,511,7,530,32,520,19,137219
511,137290,560,314,593,331,576,322,137220
511,137291,344,265,380,287,362,276,137221
511,137292,344,292,373,311,358,301,137222
511,137293,345,273,383,293,364,283,137223
512,137294,441,0,534,73,487,36,137224
512,137295,539,247,571,274,555,260,137225
512,137296,596,234,621,263,608,248,137226
512,137297,468,183,490,229,479,206,137227
512,137298,597,127,623,165,610,146,137228
512,137299,266,1,346,50,306,25,137229
512,137300,381,121,403,156,392,138,137230
512,137301,528,70,556,96,542,83,137231
512,137302,417,112,441,146,429,129,137232
512,137303,60,164,79,186,69,175,137233
512,137304,543,206,578,231,560,218,137234
512,137305,99,165,116,200,107,182,137235
512,137306,363,21,384,66,373,43,137236
512,137307,427,25,447,54,437,39,137237
512,137308,208,316,231,347,219,331,137238
512,137309,402,274,421,299,411,286,137239
512,137310,300,52,321,84,310,68,137240
512,137311,246,52,267,78,256,65,137241
512,137312,609,0,637,21,623,10,137242
512,137313,279,291,301,312,290,301,137243
512,137314,271,74,291,105,281,89,137244
512,137315,506,28,524,50,515,39,137245
512,137316,574,69,610,96,592,82,137246
512,137317,261,178,281,210,271,194,137247
512,137318,439,16,459,31,449,23,137248
512,137319,397,12,417,32,407,22,137249
512,137320,610,49,632,76,621,62,137250
512,137321,294,229,314,257,304,243,137251
512,137322,119,89,137,115,128,102,137252
512,137323,406,30,429,51,417,40,137253
512,137324,233,84,256,106,244,95,137254
512,137325,36,120,54,142,45,131,137255
512,137326,72,129,88,156,80,142,137256
512,137327,57,98,80,122,68,110,137257
512,137328,229,50,250,74,239,62,137258
512,137329,200,13,220,34,210,23,137259
512,137330,212,24,237,45,224,34,137260
512,137331,37,158,55,177,46,167,137261
512,137332,39,88,57,114,48,101,137262
512,137333,486,254,512,277,499,265,137263
512,137334,281,16,303,39,292,27,137264
512,137335,323,3,340,21,331,12,137265
512,137336,127,0,187,23,157,11,137266
512,137337,52,19,67,52,59,35,137267
512,137338,164,0,179,4,171,2,137268
512,137339,328,245,349,266,338,255,137269
512,137340,217,0,228,7,222,3,137270
512,137341,185,82,209,103,197,92,137271
512,137342,195,56,212,83,203,69,137272
512,137343,313,128,337,153,325,140,137273
512,137344,306,98,334,120,320,109,137274
512,137345,537,0,568,12,552,6,137275
512,137346,540,159,566,182,553,170,137276
512,137347,347,62,376,85,361,73,137277
512,137348,28,244,42,261,35,252,137278
512,137349,41,231,56,254,48,242,137279
512,137350,66,20,81,41,73,30,137280
512,137351,31,275,47,299,39,287,137281
512,137352,634,309,639,330,636,319,137282
512,137353,582,10,607,21,594,15,137283
512,137354,384,8,399,28,391,18,137284
512,137355,388,271,404,297,396,284,137286
512,137356,560,34,592,62,576,48,137287
512,137357,631,58,639,83,635,70,137288
512,137358,511,7,529,32,520,19,137289
512,137359,560,314,592,331,576,322,137290
512,137360,342,291,372,311,357,301,137292
512,137361,344,268,383,293,363,280,137291
513,137362,441,0,534,73,487,36,137294
513,137363,539,247,571,274,555,260,137295
513,137364,596,234,621,263,608,248,137296
513,137365,468,183,490,229,479,206,137297
513,137366,597,127,623,165,610,146,137298
513,137367,266,1,346,50,306,25,137299
513,137368,381,121,403,156,392,138,137300
513,137369,528,70,556,96,542,83,137301
513,137370,417,112,441,146,429,129,137302
513,137371,60,164,79,186,69,175,137303
513,137372,543,206,578,231,560,218,137304
513,137373,99,165,116,200,107,182,137305
513,137374,363,21,384,66,373,43,137306
513,137375,426,25,446,54,436,39,137307
513,137376,208,316,231,347,219,331,137308
513,137377,402,274,421,299,411,286,137309
513,137378,300,52,321,84,310,68,137310
513,137379,246,52,267,78,256,65,137311
513,137380,609,0,637,21,623,10,137312
513,137381,279,291,301,312,290,301,137313
513,137382,271,74,291,105,281,89,137314
513,137383,506,27,524,50,515,38,137315
513,137384,574,69,610,96,592,82,137316
513,137385,261,178,281,210,271,194,137317
513,137386,440,16,459,31,449,23,137318
513,137387,397,12,418,32,407,22,137319
513,137388,610,49,632,76,621,62,137320
513,137389,294,229,314,257,304,243,137321
513,137390,119,89,137,115,128,102,137322
513,137391,406,30,428,51,417,40,137323
513,137392,233,84,256,106,244,95,137324
513,137393,37,120,54,142,45,131,137325
513,137394,72,129,88,156,80,142,137326
513,137395,57,98,80,123,68,110,137327
513,137396,229,50,250,74,239,62,137328
513,137397,200,13,220,34,210,23,137329
513,137398,212,24,237,45,224,34,137330
513,137399,37,158,55,177,46,167,137331
513,137400,39,88,57,114,48,101,137332
513,137401,486,254,512,277,499,265,137333
513,137402,281,16,303,39,292,27,137334
513,137403,323,3,340,21,331,12,137335
513,137404,127,0,187,23,157,11,137336
513,137405,52,19,67,52,59,35,137337
513,137406,164,0,179,4,171,2,137338
513,137407,328,245,349,266,338,255,137339
513,137408,217,0,228,7,222,3,137340
513,137409,185,82,209,103,197,92,137341
513,137410,195,56,212,83,203,69,137342
513,137411,313,128,337,153,325,140,137343
513,137412,306,98,334,120,320,109,137344
513,137413,537,0,568,12,552,6,137345
513,137414,540,159,566,182,553,170,137346
513,137415,347,62,376,85,361,73,137347
513,137416,28,244,42,261,35,252,137348
513,137417,41,231,56,254,48,242,137349
513,137418,66,20,81,41,73,30,137350
513,137419,31,275,47,299,39,287,137351
513,137420,634,308,639,330,636,319,137352
513,137421,582,10,607,21,594,15,137353
513,137422,384,8,399,28,391,18,137354
513,137423,388,271,404,297,396,284,137355
513,137424,560,34,592,62,576,48,137356
513,137425,631,58,639,83,635,70,137357
513,137426,511,7,529,32,520,19,137358
513,137427,558,315,591,331,574,323,137359
513,137428,341,291,371,312,356,301,137360
513,137429,344,266,383,293,363,279,137361
513,137430,242,276,262,299,252,287,
514,137431,441,0,534,73,487,36,137362
514,137432,539,247,571,274,555,260,137363
514,137433,596,234,621,263,608,248,137364
514,137434,468,183,490,229,479,206,137365
514,137435,597,127,623,165,610,146,137366
514,137436,266,1,346,50,306,25,137367
514,137437,381,121,403,156,392,138,137368
514,137438,528,70,556,96,542,83,137369
514,137439,417,112,441,146,429,129,137370
514,137440,60,164,79,186,69,175,137371
514,137441,543,206,578,231,560,218,137372
514,137442,99,165,116,200,107,182,137373
514,137443,363,21,384,66,373,43,137374
514,137444,425,25,446,54,435,39,137375
514,137445,208,316,231,347,219,331,137376
514,137446,402,274,421,299,411,286,137377
514,137447,300,52,321,84,310,68,137378
514,137448,246,52,267,78,256,65,137379
514,137449,609,0,637,21,623,10,137380
514,137450,279,291,301,312,290,301,137381
514,137451,271,74,291,105,281,89,137382
514,137452,506,27,524,50,515,38,137383
514,137453,574,69,610,96,592,82,137384
514,137454,261,178,281,210,271,194,137385
514,137455,441,16,460,30,450,23,137386
514,137456,397,12,418,32,407,22,137387
514,137457,609,49,632,76,620,62,137388
514,137458,294,229,314,257,304,243,137389
514,137459,119,89,137,115,128,102,137390
514,137460,406,30,427,51,416,40,137391
514,137461,233,84,256,106,244,95,137392
514,137462,37,120,54,142,45,131,137393
514,137463,72,129,88,156,80,142,137394
514,137464,57,98,80,123,68,110,137395
514,137465,229,50,250,74,239,62,137396
514,137466,200,13,220,34,210,23,137397
514,137467,212,24,237,45,224,34,137398
514,137468,37,158,55,177,46,167,137399
514,137469,39,88,57,114,48,101,137400
514,137470,486,254,512,277,499,265,137401
514,137471,281,16,303,39,292,27,137402
514,137472,323,3,340,21,331,12,137403
514,137473,127,0,187,23,157,11,137404
514,137474,52,19,67,52,59,35,137405
514,137475,164,0,179,4,171,2,137406
514,137476,328,245,349,266,338,255,137407
514,137477,217,0,228,7,222,3,137408
514,137478,185,82,209,103,197,92,137409
514,137479,195,56,212,83,203,69,137410
514,137480,313,128,337,153,325,140,137411
514,137481,306,98,334,120,320,109,137412
514,137482,537,0,568,12,552,6,137413
514,137483,541,159,566,182,553,170,137414
514,137484,347,62,376,85,361,73,137415
514,137485,28,244,42,261,35,252,137416
514,137486,41,231,56,254,48,242,137417
514,137487,66,20,81,41,73,30,137418
514,137488,31,275,47,299,39,287,137419
514,137489,634,308,639,330,636,319,137420
514,137490,582,10,607,21,594,15,137421
514,137491,384,8,399,28,391,18,137422
514,137492,388,271,404,297,396,284,137423
514,137493,560,34,592,62,576,48,137424
514,137494,631,59,639,83,635,71,137425
514,137495,511,7,529,32,520,19,137426
514,137496,557,316,590,330,573,323,137427
514,137497,339,291,371,312,355,301,137428
514,137498,343,266,383,293,363,279,137429
514,137499,243,276,262,304,252,290,137430
515,137500,441,0,534,73,487,36,137431
515,137501,539,247,571,274,555,260,137432
515,137502,596,234,621,263,608,248,137433
515,137503,468,183,490,229,479,206,137434
515,137504,597,127,623,165,610,146,137435
515,137505,266,1,346,50,306,25,137436
515,137506,381,121,403,156,392,138,137437
515,137507,528,70,556,96,542,83,137438
515,137508,417,112,441,146,429,129,137439
515,137509,60,164,79,186,69,175,137440
515,137510,543,206,578,231,560,218,137441
515,137511,99,165,116,200,107,182,137442
515,137512,363,21,384,66,373,43,137443
515,137513,424,25,446,54,435,39,137444
515,137514,208,316,231,347,219,331,137445
515,137515,402,274,421,299,411,286,137446
515,137516,300,52,321,84,310,68,137447
515,137517,246,52,267,78,256,65,137448
515,137518,609,0,637,21,623,10,137449
515,137519,279,291,301,312,290,301,137450
515,137520,271,74,291,105,281,89,137451
515,137521,506,27,524,50,515,38,137452
515,137522,574,69,610,96,592,82,137453
515,137523,261,178,281,210,271,194,137454
515,137524,441,16,460,30,450,23,137455
515,137525,397,12,418,32,407,22,137456
515,137526,609,49,632,76,620,62,137457
515,137527,294,229,314,257,304,243,137458
515,137528,119,89,137,115,128,102,137459
515,137529,406,29,427,51,416,40,137460
515,137530,233,84,256,106,244,95,137461
515,137531,37,120,54,142,45,131,137462
515,137532,72,129,88,156,80,142,137463
515,137533,57,98,80,123,68,110,137464
515,137534,229,50,250,74,239,62,137465
515,137535,200,13,220,34,210,23,137466
515,137536,212,24,237,45,224,34,137467
515,137537,37,158,55,177,46,167,137468
515,137538,39,88,57,114,48,101,137469
515,137539,486,254,512,277,499,265,137470
515,137540,281,16,303,39,292,27,137471
515,137541,323,3,340,21,331,12,137472
515,137542,127,0,187,23,157,11,137473
515,137543,52,19,67,52,59,35,137474
515,137544,164,0,179,4,171,2,137475
515,137545,328,245,350,266,339,255,137476
515,137546,217,0,228,7,222,3,137477
515,137547,185,82,209,103,197,92,137478
515,137548,195,56,212,83,203,69,137479
515,137549,313,128,337,153,325,140,137480
515,137550,306,98,334,120,320,109,137481
515,137551,537,0,568,12,552,6,137482
515,137552,541,159,566,182,553,170,137483
515,137553,347,62,376,85,361,73,137484
515,137554,28,244,42,261,35,252,137485
515,137555,41,231,56,254,48,242,137486
515,137556,66,20,81,41,73,30,137487
515,137557,31,275,47,299,39,287,137488
515,137558,634,308,639,330,636,319,137489
515,137559,582,10,607,21,594,15,137490
515,137560,384,8,399,28,391,18,137491
515,137561,388,271,404,297,396,284,137492
515,137562,560,34,592,62,576,48,137493
515,137563,631,59,639,83,635,71,137494
515,137564,511,7,529,32,520,19,137495
515,137565,557,316,590,330,573,323,137496
515,137566,339,291,370,312,354,301,137497
515,137567,343,266,383,293,363,279,137498
515,137568,243,276,262,306,252,291,137499
515,137569,132,212,152,228,142,220,
516,137570,441,0,534,73,487,36,137500
516,137571,539,247,571,274,555,260,137501
516,137572,596,234,621,263,608,248,137502
516,137573,468,183,490,229,479,206,137503
516,137574,597,127,623,165,610,146,137504
516,137575,266,1,346,50,306,25,137505
516,137576,381,121,403,156,392,138,137506
516,137577,528,70,556,96,542,83,137507
516,137578,417,112,441,146,429,129,137508
516,137579,60,164,79,186,69,175,137509
516,137580,543,206,578,231,560,218,137510
516,137581,99,165,116,200,107,182,137511
516,137582,363,21,384,66,373,43,137512
516,137583,423,24,446,53,434,38,137513
516,137584,208,316,231,347,219,331,137514
516,137585,402,274,421,299,411,286,137515
516,137586,300,52,321,84,310,68,137516
516,137587,246,52,267,78,256,65,137517
516,137588,609,0,637,21,623,10,137518
516,137589,280,291,301,312,290,301,137519
516,137590,271,74,291,105,281,89,137520
516,137591,506,27,524,50,515,38,137521
516,137592,574,69,610,96,592,82,137522
516,137593,261,178,281,210,271,194,137523
516,137594,442,16,460,29,451,22,137524
516,137595,397,12,418,32,407,22,137525
516,137596,609,49,632,76,620,62,137526
516,137597,294,229,314,257,304,243,137527
516,137598,119,89,137,115,128,102,137528
516,137599,406,29,427,51,416,40,137529
516,137600,233,84,256,106,244,95,137530
516,137601,37,120,54,142,45,131,137531
516,137602,72,129,88,156,80,142,137532
516,137603,57,98,80,123,68,110,137533
516,137604,229,50,250,75,239,62,137534
516,137605,200,13,220,34,210,23,137535
516,137606,212,24,237,45,224,34,137536
516,137607,37,158,55,177,46,167,137537
516,137608,39,88,57,114,48,101,137538
516,137609,486,254,512,277,499,265,137539
516,137610,281,16,303,39,292,27,137540
516,137611,323,3,340,21,331,12,137541
516,137612,127,0,187,23,157,11,137542
516,137613,52,19,67,52,59,35,137543
516,137614,164,0,179,4,171,2,137544
516,137615,328,245,350,266,339,255,137545
516,137616,217,0,228,7,222,3,137546
516,137617,185,81,209,103,197,92,137547
516,137618,195,56,212,83,203,69,137548
516,137619,313,128,337,153,325,140,137549
516,137620,306,98,334,120,320,109,137550
516,137621,537,0,568,12,552,6,137551
516,137622,541,159,566,182,553,170,137552
516,137623,347,62,376,85,361,73,137553
516,137624,28,244,42,261,35,252,137554
516,137625,41,231,56,254,48,242,137555
516,137626,66,20,81,41,73,30,137556
516,137627,31,275,47,299,39,287,137557
516,137628,634,308,639,330,636,319,137558
516,137629,582,10,607,21,594,15,137559
516,137630,384,8,399,28,391,18,137560
516,137631,388,271,404,297,396,284,137561
516,137632,560,34,592,62,576,48,137562
516,137633,631,59,639,83,635,71,137563
516,137634,511,7,529,32,520,19,137564
516,137635,557,317,590,330,573,323,137565
516,137636,338,291,370,311,354,301,137566
516,137637,343,267,383,293,363,280,137567
516,137638,244,278,262,310,253,294,137568
517,137639,441,0,534,73,487,36,137570
517,137640,539,247,571,274,555,260,137571
517,137641,596,234,621,263,608,248,137572
517,137642,468,183,490,229,479,206,137573
517,137643,597,127,623,165,610,146,137574
517,137644,266,0,346,50,306,25,137575
517,137645,381,121,403,156,392,138,137576
517,137646,528,70,557,96,542,83,137577
517,137647,417,112,441,146,429,129,137578
517,137648,60,164,79,186,69,175,137579
517,137649,543,206,578,231,560,218,137580
517,137650,99,165,116,200,107,182,137581
517,137651,363,21,384,66,373,43,137582
517,137652,423,24,445,53,434,38,137583
517,137653,208,316,231,346,219,331,137584
517,137654,402,273,421,299,411,286,137585
517,137655,300,52,321,84,310,68,137586
517,137656,246,52,267,78,256,65,137587
517,137657,609,0,637,21,623,10,137588
517,137658,280,291,301,312,290,301,137589
517,137659,271,74,291,105,281,89,137590
517,137660,506,27,524,50,515,38,137591
517,137661,574,69,610,96,592,82,137592
517,137662,261,178,281,210,271,194,137593
517,137663,397,12,418,32,407,22,137595
517,137664,609,49,632,76,620,62,137596
517,137665,294,229,314,257,304,243,137597
517,137666,119,89,137,115,128,102,137598
517,137667,406,29,426,51,416,40,137599
517,137668,233,84,256,106,244,95,137600
517,137669,37,120,54,142,45,131,137601
517,137670,72,129,88,156,80,142,137602
517,137671,57,98,80,123,68,110,137603
517,137672,229,50,250,75,239,62,137604
517,137673,200,13,220,34,210,23,137605
517,137674,213,23,237,45,225,34,137606
517,137675,37,158,55,177,46,167,137607
517,137676,39,88,57,114,48,101,137608
517,137677,486,254,512,277,499,265,137609
517,137678,281,16,303,39,292,27,137610
517,137679,323,3,340,21,331,12,137611
517,137680,126,0,187,23,156,11,137612
517,137681,52,19,67,52,59,35,137613
517,137682,164,0,178,4,171,2,137614
517,137683,328,245,350,266,339,255,137615
517,137684,217,0,228,7,222,3,137616
517,137685,185,81,209,103,197,92,137617
517,137686,195,56,212,83,203,69,137618
517,137687,313,128,337,153,325,140,137619
517,137688,306,98,334,120,320,109,137620
517,137689,537,0,568,12,552,6,137621
517,137690,541,159,566,182,553,170,137622
517,137691,347,62,376,85,361,73,137623
517,137692,28,244,42,261,35,252,137624
517,137693,41,231,56,253,48,242,137625
517,137694,66,20,81,41,73,30,137626
517,137695,31,275,47,299,39,287,137627
517,137696,634,308,639,330,636,319,137628
517,137697,582,10,607,21,594,15,137629
517,137698,384,8,399,28,391,18,137630
517,137699,388,271,404,297,396,284,137631
517,137700,560,34,592,62,576,48,137632
517,137701,631,59,639,83,635,71,137633
517,137702,511,7,529,32,520,19,137634
517,137703,556,317,589,330,572,323,137635
517,137704,338,292,368,311,353,301,137636
517,137705,343,267,383,293,363,280,137637
517,137706,245,281,261,314,253,297,137638
518,137707,442,0,534,73,488,36,137639
518,137708,539,247,571,274,555,260,137640
518,137709,596,234,621,263,608,248,137641
518,137710,468,183,490,229,479,206,137642
518,137711,597,127,623,165,610,146,137643
518,137712,266,0,346,50,306,25,137644
518,137713,381,121,403,156,392,138,137645
518,137714,528,70,557,96,542,83,137646
518,137715,417,112,441,146,429,129,137647
518,137716,60,164,79,186,69,175,137648
518,137717,543,206,578,231,560,218,137649
518,137718,99,165,116,200,107,182,137650
518,137719,363,21,384,66,373,43,137651
518,137720,422,24,445,53,433,38,137652
518,137721,208,316,231,346,219,331,137653
518,137722,402,273,421,299,411,286,137654
518,137723,300,52,321,84,310,68,137655
518,137724,246,52,267,78,256,65,137656
518,137725,609,0,637,21,623,10,137657
518,137726,280,291,301,312,290,301,137658
518,137727,271,74,291,105,281,89,137659
518,137728,506,27,524,50,515,38,137660
518,137729,574,69,610,96,592,82,137661
518,137730,261,178,281,210,271,194,137662
518,137731,397,12,418,32,407,22,137663
518,137732,609,50,632,76,620,63,137664
518,137733,293,229,314,257,303,243,137665
518,137734,119,89,137,115,128,102,137666
518,137735,406,29,426,51,416,40,137667
518,137736,233,84,256,106,244,95,137668
518,137737,37,120,54,142,45,131,137669
518,137738,72,129,88,156,80,142,137670
518,137739,57,98,80,123,68,110,137671
518,137740,229,50,250,75,239,62,137672
518,137741,200,13,220,34,210,23,137673
518,137742,214,23,237,45,225,34,137674
518,137743,37,158,55,177,46,167,137675
518,137744,39,88,57,114,48,101,137676
518,137745,486,254,512,277,499,265,137677
518,137746,281,16,303,39,292,27,137678
518,137747,323,3,340,21,331,12,137679
518,137748,126,0,187,23,156,11,137680
518,137749,52,19,67,52,59,35,137681
518,137750,164,0,178,4,171,2,137682
518,137751,328,245,350,266,339,255,137683
518,137752,217,0,228,7,222,3,137684
518,137753,185,81,209,103,197,92,137685
518,137754,195,56,212,83,203,69,137686
518,137755,313,128,337,153,325,140,137687
518,137756,306,98,334,120,320,109,137688
518,137757,537,0,568,12,552,6,137689
518,137758,541,159,566,182,553,170,137690
518,137759,347,62,376,85,361,73,137691
518,137760,28,244,42,261,35,252,137692
518,137761,41,231,56,253,48,242,137693
518,137762,66,20,81,41,73,30,137694
518,137763,31,275,47,299,39,287,137695
518,137764,634,309,639,330,636,319,137696
518,137765,582,10,607,21,594,15,137697
518,137766,384,8,399,28,391,18,137698
518,137767,388,271,404,297,396,284,137699
518,137768,560,34,591,62,575,48,137700
518,137769,631,59,639,83,635,71,137701
518,137770,511,7,529,33,520,20,137702
518,137771,556,317,589,330,572,323,137703
518,137772,337,292,368,311,352,301,137704
518,137773,341,268,383,293,362,280,137705
518,137774,245,284,261,315,253,299,137706
518,137775,289,278,313,292,301,285,
518,137776,135,212,158,227,146,219,
519,137777,442,0,534,73,488,36,137707
519,137778,539,247,571,274,555,260,137708
519,137779,596,234,621,263,608,248,137709
519,137780,468,183,490,229,479,206,137710
519,137781,597,127,623,165,610,146,137711
519,137782,267,0,346,50,306,25,137712
519,137783,381,121,403,156,392,138,137713
519,137784,528,70,557,96,542,83,137714
519,137785,417,112,441,146,429,129,137715
519,137786,60,164,79,186,69,175,137716
519,137787,543,206,578,231,560,218,137717
519,137788,99,165,116,200,107,182,137718
519,137789,363,21,384,66,373,43,137719
519,137790,422,24,445,53,433,38,137720
519,137791,208,316,231,346,219,331,137721
519,137792,402,273,422,299,412,286,137722
519,137793,300,52,322,84,311,68,137723
519,137794,246,52,267,78,256,65,137724
519,137795,609,0,637,21,623,10,137725
519,137796,280,291,301,312,290,301,137726
519,137797,271,74,291,105,281,89,137727
519,137798,506,27,524,50,515,38,137728
519,137799,574,69,610,96,592,82,137729
519,137800,261,178,281,210,271,194,137730
519,137801,398,12,418,32,408,22,137731
519,137802,609,50,632,76,620,63,137732
519,137803,293,229,314,257,303,243,137733
519,137804,119,89,137,115,128,102,137734
519,137805,406,29,426,51,416,40,137735
519,137806,233,84,256,106,244,95,137736
519,137807,37,120,54,142,45,131,137737
519,137808,72,129,88,156,80,142,137738
519,137809,57,98,80,123,68,110,137739
519,137810,229,50,250,75,239,62,137740
519,137811,200,13,220,34,210,23,137741
519,137812,214,23,237,45,225,34,137742
519,137813,37,158,55,177,46,167,137743
519,137814,39,88,57,114,48,101,137744
519,137815,486,254,512,277,499,265,137745
519,137816,281,16,304,40,292,28,137746
519,137817,323,3,340,21,331,12,137747
519,137818,126,0,187,23,156,11,137748
519,137819,52,19,67,52,59,35,137749
519,137820,164,0,178,4,171,2,137750
519,137821,328,245,350,266,339,255,137751
519,137822,217,0,228,7,222,3,137752
519,137823,185,81,209,103,197,92,137753
519,137824,195,56,212,83,203,69,137754
519,137825,313,128,337,153,325,140,137755
519,137826,306,98,334,120,320,109,137756
519,137827,537,0,568,12,552,6,137757
519,137828,541,159,566,182,553,170,137758
519,137829,347,62,376,85,361,73,137759
519,137830,28,244,42,261,35,252,137760
519,137831,40,231,56,253,48,242,137761
519,137832,66,20,81,41,73,30,137762
519,137833,31,275,47,299,39,287,137763
519,137834,634,309,639,330,636,319,137764
519,137835,582,10,607,21,594,15,137765
519,137836,384,8,399,28,391,18,137766
519,137837,388,271,404,296,396,283,137767
519,137838,560,35,591,62,575,48,137768
519,137839,631,59,639,83,635,71,137769
519,137840,511,7,529,33,520,20,137770
519,137841,556,317,589,330,572,323,137771
519,137842,336,292,366,310,351,301,137772
519,137843,340,269,383,293,361,281,137773
519,137844,245,287,262,316,253,301,137774
519,137845,290,278,312,292,301,285,137775
519,137846,138,212,160,228,149,220,137776
520,137847,442,0,534,73,488,36,137777
520,137848,539,247,571,274,555,260,137778
520,137849,596,234,621,263,608,248,137779
520,137850,468,183,490,229,479,206,137780
520,137851,597,127,623,165,610,146,137781
520,137852,267,0,346,50,306,25,137782
520,137853,381,121,403,156,392,138,137783
520,137854,528,70,557,96,542,83,137784
520,137855,417,112,441,146,429,129,137785
520,137856,60,164,79,186,69,175,137786
520,137857,543,206,578,231,560,218,137787
520,137858,99,165,116,200,107,182,137788
520,137859,363,21,384,66,373,43,137789
520,137860,422,24,445,53,433,38,137790
520,137861,208,316,231,346,219,331,137791
520,137862,401,273,421,299,411,286,137792
520,137863,300,52,322,84,311,68,137793
520,137864,246,52,267,78,256,65,137794
520,137865,609,0,637,21,623,10,137795
520,137866,280,291,301,312,290,301,137796
520,137867,271,74,291,105,281,89,137797
520,137868,506,27,524,50,515,38,137798
520,137869,574,69,610,96,592,82,137799
520,137870,261,178,281,210,271,194,137800
520,137871,398,12,418,32,408,22,137801
520,137872,609,50,632,76,620,63,137802
520,137873,293,229,314,257,303,243,137803
520,137874,119,89,137,115,128,102,137804
520,137875,406,29,426,51,416,40,137805
520,137876,233,84,256,106,244,95,137806
520,137877,37,120,54,142,45,131,137807
520,137878,72,129,88,156,80,142,137808
520,137879,57,98,80,123,68,110,137809
520,137880,229,50,250,75,239,62,137810
520,137881,200,13,220,33,210,23,137811
520,137882,214,23,236,45,225,34,137812
520,137883,37,158,55,177,46,167,137813
520,137884,39,88,57,114,48,101,137814
520,137885,486,254,512,277,499,265,137815
520,137886,281,16,304,40,292,28,137816
520,137887,323,3,340,21,331,12,137817
520,137888,126,0,187,23,156,11,137818
520,137889,52,19,67,52,59,35,137819
520,137890,164,0,178,4,171,2,137820
520,137891,328,245,349,266,338,255,137821
520,137892,217,0,228,7,222,3,137822
520,137893,185,81,209,103,197,92,137823
520,137894,195,56,212,83,203,69,137824
520,137895,313,128,337,152,325,140,137825
520,137896,306,98,334,121,320,109,137826
520,137897,537,0,568,12,552,6,137827
520,137898,541,159,566,182,553,170,137828
520,137899,347,62,376,85,361,73,137829
520,137900,28,244,42,261,35,252,137830
520,137901,40,231,56,253,48,242,137831
520,137902,66,20,81,41,73,30,137832
520,137903,31,275,47,299,39,287,137833
520,137904,634,309,639,330,636,319,137834
520,137905,582,10,607,21,594,15,137835
520,137906,384,8,399,28,391,18,137836
520,137907,388,271,404,296,396,283,137837
520,137908,560,34,591,62,575,48,137838
520,137909,631,58,639,83,635,70,137839
520,137910,511,7,529,33,520,20,137840
520,137911,556,317,589,330,572,323,137841
520,137912,334,292,364,309,349,300,137842
520,137913,338,270,383,293,360,281,137843
520,137914,246,290,263,318,254,304,137844
520,137915,290,277,313,292,301,284,137845
520,137916,141,213,161,229,151,221,137846
521,137917,442,0,534,73,488,36,137847
521,137918,539,247,571,274,555,260,137848
521,137919,596,234,621,263,608,248,137849
521,137920,468,183,490,229,479,206,137850
521,137921,597,127,623,165,610,146,137851
521,137922,267,0,346,50,306,25,137852
521,137923,381,121,403,156,392,138,137853
521,137924,528,70,557,96,542,83,137854
521,137925,417,112,441,146,429,129,137855
521,137926,60,164,79,186,69,175,137856
521,137927,543,206,578,231,560,218,137857
521,137928,99,165,116,200,107,182,137858
521,137929,363,21,384,66,373,43,137859
521,137930,422,24,445,53,433,38,137860
521,137931,208,316,231,346,219,331,137861
521,137932,401,273,421,299,411,286,137862
521,137933,300,52,322,84,311,68,137863
521,137934,246,52,267,78,256,65,137864
521,137935,609,0,637,21,623,10,137865
521,137936,280,291,301,311,290,301,137866
521,137937,271,74,291,105,281,89,137867
521,137938,506,27,524,50,515,38,137868
521,137939,574,69,610,95,592,82,137869
521,137940,261,178,281,210,271,194,137870
521,137941,398,12,418,32,408,22,137871
521,137942,609,49,632,76,620,62,137872
521,137943,293,229,314,257,303,243,137873
521,137944,119,89,137,115,128,102,137874
521,137945,406,29,426,51,416,40,137875
521,137946,233,84,256,106,244,95,137876
521,137947,37,120,54,142,45,131,137877
521,137948,72,129,88,156,80,142,137878
521,137949,57,98,80,123,68,110,137879
521,137950,229,50,250,75,239,62,137880
521,137951,200,13,220,33,210,23,137881
521,137952,214,23,236,45,225,34,137882
521,137953,37,158,55,177,46,167,137883
521,137954,39,88,57,114,48,101,137884
521,137955,486,254,512,277,499,265,137885
521,137956,281,16,304,40,292,28,137886
521,137957,323,3,340,21,331,12,137887
521,137958,126,0,187,22,156,11,137888
521,137959,52,19,67,52,59,35,137889
521,137960,164,0,178,4,171,2,137890
521,137961,328,245,349,265,338,255,137891
521,137962,217,0,228,7,222,3,137892
521,137963,185,81,209,103,197,92,137893
521,137964,195,56,212,83,203,69,137894
521,137965,313,128,337,152,325,140,137895
521,137966,306,98,334,121,320,109,137896
521,137967,537,0,568,12,552,6,137897
521,137968,541,159,566,182,553,170,137898
521,137969,347,62,376,85,361,73,137899
521,137970,28,244,42,261,35,252,137900
521,137971,40,231,56,253,48,242,137901
521,137972,66,20,81,41,73,30,137902
521,137973,31,275,47,299,39,287,137903
521,137974,634,309,639,330,636,319,137904
521,137975,582,10,607,21,594,15,137905
521,137976,384,8,399,28,391,18,137906
521,137977,388,271,404,295,396,283,137907
521,137978,560,34,591,62,575,48,137908
521,137979,631,58,639,83,635,70,137909
521,137980,511,7,529,33,520,20,137910
521,137981,556,317,589,330,572,323,137911
521,137982,333,291,363,309,348,300,137912
521,137983,337,270,383,293,360,281,137913
521,137984,246,291,263,318,254,304,137914
521,137985,290,276,313,292,301,284,137915
521,137986,142,214,162,229,152,221,137916
522,137987,442,0,534,73,488,36,137917
522,137988,539,247,571,274,555,260,137918
522,137989,596,234,621,263,608,248,137919
522,137990,468,183,490,228,479,205,137920
522,137991,597,127,623,165,610,146,137921
522,137992,266,1,346,50,306,25,137922
522,137993,381,121,403,156,392,138,137923
522,137994,528,70,556,96,542,83,137924
522,137995,417,112,441,146,429,129,137925
522,137996,60,164,79,186,69,175,137926
522,137997,543,206,578,231,560,218,137927
522,137998,99,165,116,200,107,182,137928
522,137999,363,21,384,66,373,43,137929
522,138000,422,24,445,53,433,38,137930
522,138001,208,316,231,345,219,330,137931
522,138002,401,273,421,299,411,286,137932
522,138003,300,52,322,84,311,68,137933
522,138004,246,52,267,78,256,65,137934
522,138005,609,0,637,21,623,10,137935
522,138006,280,291,301,312,290,301,137936
522,138007,271,75,291,105,281,90,137937
522,138008,506,27,524,50,515,38,137938
522,138009,574,69,610,96,592,82,137939
522,138010,261,178,281,210,271,194,137940
522,138011,398,12,418,31,408,21,137941
522,138012,609,49,632,76,620,62,137942
522,138013,293,229,314,257,303,243,137943
522,138014,119,89,137,115,128,102,137944
522,138015,406,29,425,51,415,40,137945
522,138016,233,84,256,106,244,95,137946
522,138017,36,120,54,142,45,131,137947
522,138018,72,129,88,156,80,142,137948
522,138019,57,98,80,123,68,110,137949
522,138020,229,50,250,75,239,62,137950
522,138021,200,13,220,33,210,23,137951
522,138022,214,23,236,45,225,34,137952
522,138023,37,158,55,177,46,167,137953
522,138024,39,88,57,114,48,101,137954
522,138025,486,254,512,277,499,265,137955
522,138026,281,16,304,40,292,28,137956
522,138027,323,3,340,21,331,12,137957
522,138028,126,0,187,23,156,11,137958
522,138029,52,19,67,52,59,35,137959
522,138030,164,0,178,4,171,2,137960
522,138031,328,245,350,265,339,255,137961
522,138032,217,0,228,7,222,3,137962
522,138033,185,81,209,103,197,92,137963
522,138034,195,56,212,83,203,69,137964
522,138035,313,128,337,152,325,140,137965
522,138036,306,98,334,121,320,109,137966
522,138037,537,0,568,12,552,6,137967
522,138038,541,159,566,182,553,170,137968
522,138039,348,62,376,85,362,73,137969
522,138040,28,244,42,261,35,252,137970
522,138041,40,231,56,253,48,242,137971
522,138042,66,20,81,41,73,30,137972
522,138043,31,275,47,299,39,287,137973
522,138044,634,309,639,330,636,319,137974
522,138045,582,10,607,21,594,15,137975
522,138046,384,8,399,28,391,18,137976
522,138047,388,271,404,295,396,283,137977
522,138048,560,35,591,62,575,48,137978
522,138049,631,58,639,83,635,70,137979
522,138050,511,7,529,33,520,20,137980
522,138051,556,317,588,330,572,323,137981
522,138052,331,290,362,308,346,299,137982
522,138053,339,271,383,294,361,282,137983
522,138054,248,294,265,321,256,307,137984
522,138055,290,277,313,292,301,284,137985
522,138056,143,214,163,230,153,222,137986
523,138057,442,0,534,73,488,36,137987
523,138058,539,247,571,274,555,260,137988
523,138059,596,234,621,263,608,248,137989
523,138060,468,183,490,228,479,205,137990
523,138061,597,127,623,165,610,146,137991
523,138062,266,1,346,50,306,25,137992
523,138063,381,121,403,156,392,138,137993
523,138064,528,70,556,96,542,83,137994
523,138065,417,112,441,146,429,129,137995
523,138066,60,164,79,186,69,175,137996
523,138067,543,206,578,231,560,218,137997
523,138068,99,165,116,200,107,182,137998
523,138069,363,21,384,66,373,43,137999
523,138070,422,24,445,54,433,39,138000
523,138071,208,316,231,345,219,330,138001
523,138072,401,273,421,299,411,286,138002
523,138073,300,52,322,84,311,68,138003
523,138074,246,52,267,78,256,65,138004
523,138075,609,0,637,21,623,10,138005
523,138076,280,291,301,312,290,301,138006
523,138077,271,75,291,105,281,90,138007
523,138078,506,27,524,50,515,38,138008
523,138079,574,69,610,96,592,82,138009
523,138080,261,178,281,210,271,194,138010
523,138081,398,12,418,31,408,21,138011
523,138082,610,49,632,76,621,62,138012
523,138083,293,229,314,257,303,243,138013
523,138084,119,89,137,115,128,102,138014
523,138085,406,29,425,52,415,40,138015
523,138086,233,84,256,106,244,95,138016
523,138087,36,120,54,142,45,131,138017
523,138088,72,129,88,156,80,142,138018
523,138089,57,98,80,123,68,110,138019
523,138090,229,50,250,75,239,62,138020
523,138091,200,13,220,33,210,23,138021
523,138092,214,23,236,45,225,34,138022
523,138093,37,158,55,177,46,167,138023
523,138094,39,88,57,114,48,101,138024
523,138095,486,254,512,277,499,265,138025
523,138096,281,16,303,40,292,28,138026
523,138097,323,3,340,21,331,12,138027
523,138098,126,0,187,23,156,11,138028
523,138099,52,19,67,52,59,35,138029
523,138100,164,0,178,4,171,2,138030
523,138101,328,245,350,266,339,255,138031
523,138102,217,0,229,7,223,3,138032
523,138103,185,81,209,103,197,92,138033
523,138104,195,56,212,83,203,69,138034
523,138105,313,128,337,152,325,140,138035
523,138106,306,98,334,120,320,109,138036
523,138107,537,0,568,12,552,6,138037
523,138108,541,159,566,182,553,170,138038
523,138109,348,62,376,85,362,73,138039
523,138110,28,244,42,261,35,252,138040
523,138111,40,231,56,253,48,242,138041
523,138112,67,20,81,41,74,30,138042
523,138113,31,275,47,299,39,287,138043
523,138114,634,309,639,330,636,319,138044
523,138115,582,10,607,21,594,15,138045
523,138116,384,8,399,28,391,18,138046
523,138117,388,271,404,295,396,283,138047
523,138118,560,35,591,62,575,48,138048
523,138119,631,58,639,82,635,70,138049
523,138120,511,7,529,33,520,20,138050
523,138121,556,317,588,330,572,323,138051
523,138122,329,289,360,307,344,298,138052
523,138123,338,271,372,289,355,280,138053
523,138124,249,297,266,326,257,311,138054
523,138125,290,278,312,292,301,285,138055
523,138126,145,215,164,231,154,223,138056
524,138127,442,0,535,73,488,36,138057
524,138128,539,247,571,274,555,260,138058
524,138129,596,234,621,263,608,248,138059
524,138130,468,183,490,228,479,205,138060
524,138131,597,127,623,165,610,146,138061
524,138132,266,1,346,50,306,25,138062
524,138133,381,121,403,156,392,138,138063
524,138134,528,70,556,96,542,83,138064
524,138135,417,112,441,146,429,129,138065
524,138136,60,164,79,186,69,175,138066
524,138137,543,206,578,231,560,218,138067
524,138138,99,165,116,200,107,182,138068
524,138139,363,21,384,66,373,43,138069
524,138140,422,24,445,54,433,39,138070
524,138141,208,316,231,345,219,330,138071
524,138142,401,274,421,299,411,286,138072
524,138143,300,52,322,84,311,68,138073
524,138144,246,52,267,78,256,65,138074
524,138145,609,0,637,21,623,10,138075
524,138146,280,291,301,312,290,301,138076
524,138147,271,75,291,105,281,90,138077
524,138148,506,27,524,50,515,38,138078
524,138149,574,69,610,96,592,82,138079
524,138150,261,178,281,210,271,194,138080
524,138151,398,12,418,31,408,21,138081
524,138152,610,49,632,76,621,62,138082
524,138153,293,229,314,257,303,243,138083
524,138154,119,89,137,115,128,102,138084
524,138155,406,29,425,52,415,40,138085
524,138156,233,84,256,106,244,95,138086
524,138157,36,120,54,142,45,131,138087
524,138158,72,129,88,156,80,142,138088
524,138159,57,98,80,123,68,110,138089
524,138160,229,50,250,75,239,62,138090
524,138161,200,13,220,33,210,23,138091
524,138162,214,23,237,45,225,34,138092
524,138163,37,158,55,177,46,167,138093
524,138164,40,88,57,114,48,101,138094
524,138165,486,254,512,277,499,265,138095
524,138166,281,16,303,39,292,27,138096
524,138167,323,3,340,21,331,12,138097
524,138168,127,0,187,23,157,11,138098
524,138169,52,19,67,52,59,35,138099
524,138170,164,0,178,4,171,2,138100
524,138171,328,245,350,266,339,255,138101
524,138172,217,0,229,7,223,3,138102
524,138173,185,81,209,103,197,92,138103
524,138174,195,56,212,83,203,69,138104
524,138175,313,128,337,152,325,140,138105
524,138176,307,98,334,120,320,109,138106
524,138177,537,0,568,12,552,6,138107
524,138178,541,159,566,182,553,170,138108
524,138179,348,62,376,85,362,73,138109
524,138180,28,244,42,261,35,252,138110
524,138181,40,231,56,253,48,242,138111
524,138182,67,20,81,41,74,30,138112
524,138183,31,275,47,299,39,287,138113
524,138184,634,308,639,330,636,319,138114
524,138185,582,10,607,21,594,15,138115
524,138186,384,8,399,28,391,18,138116
524,138187,387,271,404,295,395,283,138117
524,138188,560,35,591,62,575,48,138118
524,138189,631,58,639,82,635,70,138119
524,138190,511,7,529,33,520,20,138120
524,138191,328,289,359,307,343,298,138122
524,138192,335,270,364,287,349,278,138123
524,138193,250,300,268,329,259,314,138124
524,138194,290,278,312,292,301,285,138125
525,138195,442,0,535,73,488,36,138127
525,138196,539,247,571,274,555,260,138128
525,138197,596,234,621,263,608,248,138129
525,138198,468,183,490,228,479,205,138130
525,138199,597,127,623,165,610,146,138131
525,138200,266,1,346,50,306,25,138132
525,138201,381,121,403,157,392,139,138133
525,138202,528,70,557,96,542,83,138134
525,138203,417,112,441,146,429,129,138135
525,138204,60,164,79,186,69,175,138136
525,138205,543,206,578,231,560,218,138137
525,138206,99,165,116,200,107,182,138138
525,138207,363,21,384,66,373,43,138139
525,138208,422,24,445,54,433,39,138140
525,138209,208,316,231,345,219,330,138141
525,138210,401,274,421,299,411,286,138142
525,138211,300,52,322,84,311,68,138143
525,138212,246,52,267,78,256,65,138144
525,138213,609,0,637,21,623,10,138145
525,138214,280,291,301,312,290,301,138146
525,138215,271,75,291,105,281,90,138147
525,138216,506,27,524,50,515,38,138148
525,138217,574,69,610,96,592,82,138149
525,138218,261,178,281,210,271,194,138150
525,138219,398,12,418,31,408,21,138151
525,138220,610,49,633,76,621,62,138152
525,138221,293,229,314,257,303,243,138153
525,138222,119,89,137,115,128,102,138154
525,138223,406,29,425,52,415,40,138155
525,138224,233,84,256,106,244,95,138156
525,138225,36,120,54,142,45,131,138157
525,138226,72,129,88,156,80,142,138158
525,138227,57,98,80,123,68,110,138159
525,138228,229,50,250,75,239,62,138160
525,138229,200,13,220,33,210,23,138161
525,138230,214,23,237,45,225,34,138162
525,138231,37,158,55,177,46,167,138163
525,138232,40,88,57,114,48,101,138164
525,138233,486,254,512,277,499,265,138165
525,138234,281,16,303,39,292,27,138166
525,138235,323,3,340,21,331,12,138167
525,138236,127,0,187,23,157,11,138168
525,138237,52,19,67,52,59,35,138169
525,138238,164,0,178,4,171,2,138170
525,138239,328,245,350,266,339,255,138171
525,138240,217,0,229,7,223,3,138172
525,138241,185,81,209,103,197,92,138173
525,138242,195,56,212,83,203,69,138174
525,138243,313,128,337,153,325,140,138175
525,138244,307,98,334,120,320,109,138176
525,138245,538,0,568,12,553,6,138177
525,138246,541,159,566,182,553,170,138178
525,138247,348,62,376,85,362,73,138179
525,138248,28,244,43,261,35,252,138180
525,138249,40,231,56,253,48,242,138181
525,138250,67,20,81,41,74,30,138182
525,138251,31,275,47,299,39,287,138183
525,138252,634,309,639,330,636,319,138184
525,138253,582,10,607,21,594,15,138185
525,138254,384,9,399,28,391,18,138186
525,138255,387,271,404,295,395,283,138187
525,138256,560,35,591,62,575,48,138188
525,138257,631,58,639,82,635,70,138189
525,138258,512,7,529,33,520,20,138190
525,138259,327,289,359,307,343,298,138191
525,138260,331,269,360,286,345,277,138192
525,138261,251,303,269,331,260,317,138193
525,138262,290,278,313,292,301,285,138194
525,138263,358,278,383,294,370,286,
526,138264,442,0,535,73,488,36,138195
526,138265,539,247,571,274,555,260,138196
526,138266,596,234,621,263,608,248,138197
526,138267,468,183,490,228,479,205,138198
526,138268,597,127,623,165,610,146,138199
526,138269,266,1,346,50,306,25,138200
526,138270,381,121,403,157,392,139,138201
526,138271,528,70,557,96,542,83,138202
526,138272,417,112,441,145,429,128,138203
526,138273,60,164,79,186,69,175,138204
526,138274,543,206,578,231,560,218,138205
526,138275,99,165,116,200,107,182,138206
526,138276,363,21,384,66,373,43,138207
526,138277,421,24,445,54,433,39,138208
526,138278,208,316,231,345,219,330,138209
526,138279,402,275,422,300,412,287,138210
526,138280,300,52,322,84,311,68,138211
526,138281,246,52,267,78,256,65,138212
526,138282,609,0,637,21,623,10,138213
526,138283,280,291,301,312,290,301,138214
526,138284,271,75,291,105,281,90,138215
526,138285,506,27,524,50,515,38,138216
526,138286,574,69,610,96,592,82,138217
526,138287,261,178,281,210,271,194,138218
526,138288,398,12,418,31,408,21,138219
526,138289,610,49,633,76,621,62,138220
526,138290,293,230,314,257,303,243,138221
526,138291,119,89,137,115,128,102,138222
526,138292,406,27,425,52,415,39,138223
526,138293,233,84,256,106,244,95,138224
526,138294,36,120,54,142,45,131,138225
526,138295,72,129,88,156,80,142,138226
526,138296,57,98,80,123,68,110,138227
526,138297,229,50,250,75,239,62,138228
526,138298,200,13,220,33,210,23,138229
526,138299,214,23,237,45,225,34,138230
526,138300,37,158,55,177,46,167,138231
526,138301,40,88,57,114,48,101,138232
526,138302,486,254,512,277,499,265,138233
526,138303,281,16,303,39,292,27,138234
526,138304,323,3,340,21,331,12,138235
526,138305,127,0,187,23,157,11,138236
526,138306,52,19,67,52,59,35,138237
526,138307,164,0,178,4,171,2,138238
526,138308,328,245,350,266,339,255,138239
526,138309,217,0,229,7,223,3,138240
526,138310,185,81,209,103,197,92,138241
526,138311,195,56,212,83,203,69,138242
526,138312,313,128,337,153,325,140,138243
526,138313,307,98,334,120,320,109,138244
526,138314,538,0,569,12,553,6,138245
526,138315,541,160,566,182,553,171,138246
526,138316,348,62,376,85,362,73,138247
526,138317,29,244,43,261,36,252,138248
526,138318,40,231,56,253,48,242,138249
526,138319,67,20,81,41,74,30,138250
526,138320,31,275,47,299,39,287,138251
526,138321,634,309,639,330,636,319,138252
526,138322,582,10,607,21,594,15,138253
526,138323,384,9,399,28,391,18,138254
526,138324,387,271,404,295,395,283,138255
526,138325,560,35,591,62,575,48,138256
526,138326,631,58,639,81,635,69,138257
526,138327,512,7,529,33,520,20,138258
526,138328,326,290,358,310,342,300,138259
526,138329,326,269,357,286,341,277,138260
526,138330,252,306,270,332,261,319,138261
526,138331,290,277,313,292,301,284,138262
526,138332,358,278,383,294,370,286,138263
526,138333,201,274,221,294,211,284,
526,138334,153,217,171,234,162,225,
527,138335,442,0,535,73,488,36,138264
527,138336,539,247,571,274,555,260,138265
527,138337,596,234,621,263,608,248,138266
527,138338,468,183,490,228,479,205,138267
527,138339,597,127,623,165,610,146,138268
527,138340,266,1,346,50,306,25,138269
527,138341,381,121,403,157,392,139,138270
527,138342,528,70,557,96,542,83,138271
527,138343,417,112,441,145,429,128,138272
527,138344,60,164,79,186,69,175,138273
527,138345,543,206,578,231,560,218,138274
527,138346,99,165,116,200,107,182,138275
527,138347,363,21,384,66,373,43,138276
527,138348,421,24,445,54,433,39,138277
527,138349,208,316,231,345,219,330,138278
527,138350,402,275,422,300,412,287,138279
527,138351,300,52,322,84,311,68,138280
527,138352,246,52,267,78,256,65,138281
527,138353,609,0,637,21,623,10,138282
527,138354,280,291,301,312,290,301,138283
527,138355,271,75,291,105,281,90,138284
527,138356,506,27,524,50,515,38,138285
527,138357,574,69,610,96,592,82,138286
527,138358,261,178,281,210,271,194,138287
527,138359,398,12,418,31,408,21,138288
527,138360,610,49,633,76,621,62,138289
527,138361,293,230,314,257,303,243,138290
527,138362,119,89,137,115,128,102,138291
527,138363,406,27,425,52,415,39,138292
527,138364,233,84,256,106,244,95,138293
527,138365,36,120,54,142,45,131,138294
527,138366,72,129,88,156,80,142,138295
527,138367,57,98,80,123,68,110,138296
527,138368,229,50,250,75,239,62,138297
527,138369,200,13,220,33,210,23,138298
527,138370,214,23,237,45,225,34,138299
527,138371,37,158,55,177,46,167,138300
527,138372,40,88,57,114,48,101,138301
527,138373,486,254,512,277,499,265,138302
527,138374,281,16,303,39,292,27,138303
527,138375,323,3,340,21,331,12,138304
527,138376,127,0,187,23,157,11,138305
527,138377,52,19,67,52,59,35,138306
527,138378,164,0,178,4,171,2,138307
527,138379,328,245,350,266,339,255,138308
527,138380,217,0,228,7,222,3,138309
527,138381,185,81,209,103,197,92,138310
527,138382,195,56,212,83,203,69,138311
527,138383,313,128,337,152,325,140,138312
527,138384,307,98,334,120,320,109,138313
527,138385,538,0,569,12,553,6,138314
527,138386,541,160,566,182,553,171,138315
527,138387,348,62,376,85,362,73,138316
527,138388,28,244,43,261,35,252,138317
527,138389,40,231,56,253,48,242,138318
527,138390,67,20,81,41,74,30,138319
527,138391,31,275,47,299,39,287,138320
527,138392,634,309,639,330,636,319,138321
527,138393,582,10,607,21,594,15,138322
527,138394,384,9,399,28,391,18,138323
527,138395,387,271,404,295,395,283,138324
527,138396,560,35,591,62,575,48,138325
527,138397,631,58,639,81,635,69,138326
527,138398,512,7,529,33,520,20,138327
527,138399,326,290,357,311,341,300,138328
527,138400,325,269,356,286,340,277,138329
527,138401,253,307,270,333,261,320,138330
527,138402,290,277,313,292,301,284,138331
527,138403,358,278,382,293,370,285,138332
527,138404,201,274,221,294,211,284,138333
527,138405,154,217,172,235,163,226,138334
528,138406,442,0,534,73,488,36,138335
528,138407,539,247,571,274,555,260,138336
528,138408,596,234,621,263,608,248,138337
528,138409,468,183,490,228,479,205,138338
528,138410,597,127,623,165,610,146,138339
528,138411,266,1,346,50,306,25,138340
528,138412,381,121,403,157,392,139,138341
528,138413,528,70,556,96,542,83,138342
528,138414,417,112,441,145,429,128,138343
528,138415,60,164,79,186,69,175,138344
528,138416,543,206,578,231,560,218,138345
528,138417,99,165,116,200,107,182,138346
528,138418,363,21,384,66,373,43,138347
528,138419,421,24,445,54,433,39,138348
528,138420,208,316,231,345,219,330,138349
528,138421,402,275,422,300,412,287,138350
528,138422,300,52,322,84,311,68,138351
528,138423,246,52,267,78,256,65,138352
528,138424,609,0,637,21,623,10,138353
528,138425,280,291,301,312,290,301,138354
528,138426,271,75,291,105,281,90,138355
528,138427,506,27,524,50,515,38,138356
528,138428,574,69,610,96,592,82,138357
528,138429,261,178,281,210,271,194,138358
528,138430,398,12,418,31,408,21,138359
528,138431,610,49,633,76,621,62,138360
528,138432,293,230,314,257,303,243,138361
528,138433,119,89,137,115,128,102,138362
528,138434,406,27,425,52,415,39,138363
528,138435,233,84,256,106,244,95,138364
528,138436,36,120,54,142,45,131,138365
528,138437,72,129,88,156,80,142,138366
528,138438,57,98,80,123,68,110,138367
528,138439,229,50,250,75,239,62,138368
528,138440,200,13,220,34,210,23,138369
528,138441,214,23,237,45,225,34,138370
528,138442,37,158,55,177,46,167,138371
528,138443,40,88,57,114,48,101,138372
528,138444,486,254,512,277,499,265,138373
528,138445,281,16,303,39,292,27,138374
528,138446,323,3,340,21,331,12,138375
528,138447,127,0,187,23,157,11,138376
528,138448,52,19,67,52,59,35,138377
528,138449,164,0,178,4,171,2,138378
528,138450,328,245,350,266,339,255,138379
528,138451,217,0,228,7,222,3,138380
528,138452,185,81,209,103,197,92,138381
528,138453,195,56,212,83,203,69,138382
528,138454,313,128,337,152,325,140,138383
528,138455,307,98,334,120,320,109,138384
528,138456,538,0,569,12,553,6,138385
528,138457,541,160,566,182,553,171,138386
528,138458,348,62,376,85,362,73,138387
528,138459,29,244,43,261,36,252,138388
528,138460,40,231,56,253,48,242,138389
528,138461,67,20,81,41,74,30,138390
528,138462,31,275,47,299,39,287,138391
528,138463,634,309,639,330,636,319,138392
528,138464,582,10,607,21,594,15,138393
528,138465,384,9,399,28,391,18,138394
528,138466,387,271,404,295,395,283,138395
528,138467,560,35,591,62,575,48,138396
528,138468,632,58,639,81,635,69,138397
528,138469,512,7,529,33,520,20,138398
528,138470,325,290,356,314,340,302,138399
528,138471,320,269,353,286,336,277,138400
528,138472,254,310,271,338,262,324,138401
528,138473,290,276,313,292,301,284,138402
528,138474,355,278,382,294,368,286,138403
528,138475,201,274,221,294,211,284,138404
528,138476,155,217,173,233,164,225,138405
529,138477,442,0,534,73,488,36,138406
529,138478,539,247,571,274,555,260,138407
529,138479,596,234,621,263,608,248,138408
529,138480,468,183,490,228,479,205,138409
529,138481,597,127,623,165,610,146,138410
529,138482,266,1,346,50,306,25,138411
529,138483,381,121,403,157,392,139,138412
529,138484,528,70,556,96,542,83,138413
529,138485,417,112,441,145,429,128,138414
529,138486,60,164,79,186,69,175,138415
529,138487,543,206,578,231,560,218,138416
529,138488,99,165,116,200,107,182,138417
529,138489,363,21,384,66,373,43,138418
529,138490,421,24,445,54,433,39,138419
529,138491,208,316,231,345,219,330,138420
529,138492,402,276,422,300,412,288,138421
529,138493,300,52,321,84,310,68,138422
529,138494,246,52,267,78,256,65,138423
529,138495,609,0,637,21,623,10,138424
529,138496,280,291,301,312,290,301,138425
529,138497,271,75,291,105,281,90,138426
529,138498,506,27,524,50,515,38,138427
529,138499,574,69,610,96,592,82,138428
529,138500,261,178,281,210,271,194,138429
529,138501,398,12,418,31,408,21,138430
529,138502,610,49,633,76,621,62,138431
529,138503,293,230,314,257,303,243,138432
529,138504,119,89,137,115,128,102,138433
529,138505,406,27,425,52,415,39,138434
529,138506,233,84,256,106,244,95,138435
529,138507,36,120,54,142,45,131,138436
529,138508,72,129,88,156,80,142,138437
529,138509,57,98,80,123,68,110,138438
529,138510,229,50,250,75,239,62,138439
529,138511,200,13,220,33,210,23,138440
529,138512,214,23,237,45,225,34,138441
529,138513,37,158,55,177,46,167,138442
529,138514,40,88,57,114,48,101,138443
529,138515,486,254,512,277,499,265,138444
529,138516,281,16,303,39,292,27,138445
529,138517,323,3,340,21,331,12,138446
529,138518,127,0,187,23,157,11,138447
529,138519,52,19,67,52,59,35,138448
529,138520,164,0,178,4,171,2,138449
529,138521,328,245,350,266,339,255,138450
529,138522,217,0,228,7,222,3,138451
529,138523,185,81,209,103,197,92,138452
529,138524,195,56,212,83,203,69,138453
529,138525,313,128,337,153,325,140,138454
529,138526,307,98,334,120,320,109,138455
529,138527,538,0,569,12,553,6,138456
529,138528,541,159,567,182,554,170,138457
529,138529,348,62,376,85,362,73,138458
529,138530,28,244,43,261,35,252,138459
529,138531,40,231,56,253,48,242,138460
529,138532,67,20,81,41,74,30,138461
529,138533,31,275,47,299,39,287,138462
529,138534,634,308,639,329,636,318,138463
529,138535,582,10,607,21,594,15,138464
529,138536,384,9,399,28,391,18,138465
529,138537,387,271,404,295,395,283,138466
529,138538,559,35,591,62,575,48,138467
529,138539,632,58,639,81,635,69,138468
529,138540,511,7,529,33,520,20,138469
529,138541,324,291,356,315,340,303,138470
529,138542,317,270,350,286,333,278,138471
529,138543,255,313,273,343,264,328,138472
529,138544,290,278,313,293,301,285,138473
529,138545,353,278,383,295,368,286,138474
529,138546,201,274,221,294,211,284,138475
530,138547,442,0,534,73,488,36,138477
530,138548,539,247,571,274,555,260,138478
530,138549,596,234,621,263,608,248,138479
530,138550,468,183,490,228,479,205,138480
530,138551,597,127,623,165,610,146,138481
530,138552,266,1,346,50,306,25,138482
530,138553,381,121,403,157,392,139,138483
530,138554,528,70,556,96,542,83,138484
530,138555,417,112,441,145,429,128,138485
530,138556,60,164,79,186,69,175,138486
530,138557,543,206,578,231,560,218,138487
530,138558,99,165,116,200,107,182,138488
530,138559,363,21,384,66,373,43,138489
530,138560,421,24,445,54,433,39,138490
530,138561,208,316,231,345,219,330,138491
530,138562,402,277,422,300,412,288,138492
530,138563,300,52,321,84,310,68,138493
530,138564,246,52,267,78,256,65,138494
530,138565,609,0,638,21,623,10,138495
530,138566,280,291,301,312,290,301,138496
530,138567,271,75,291,105,281,90,138497
530,138568,506,26,525,50,515,38,138498
530,138569,574,69,610,96,592,82,138499
530,138570,261,178,281,210,271,194,138500
530,138571,398,12,418,31,408,21,138501
530,138572,610,49,633,76,621,62,138502
530,138573,293,231,314,257,303,244,138503
530,138574,119,89,137,115,128,102,138504
530,138575,406,27,425,52,415,39,138505
530,138576,233,84,256,106,244,95,138506
530,138577,36,120,54,142,45,131,138507
530,138578,72,129,88,156,80,142,138508
530,138579,57,98,80,123,68,110,138509
530,138580,229,50,250,75,239,62,138510
530,138581,200,13,220,33,210,23,138511
530,138582,214,23,237,45,225,34,138512
530,138583,37,158,55,177,46,167,138513
530,138584,40,88,57,114,48,101,138514
530,138585,486,254,512,277,499,265,138515
530,138586,281,16,303,39,292,27,138516
530,138587,323,3,340,21,331,12,138517
530,138588,127,0,187,23,157,11,138518
530,138589,52,19,67,52,59,35,138519
530,138590,164,0,178,4,171,2,138520
530,138591,328,245,350,266,339,255,138521
530,138592,217,0,228,7,222,3,138522
530,138593,185,81,209,103,197,92,138523
530,138594,196,56,212,83,204,69,138524
530,138595,313,128,337,153,325,140,138525
530,138596,307,98,334,120,320,109,138526
530,138597,537,0,569,11,553,5,138527
530,138598,541,159,567,182,554,170,138528
530,138599,348,62,376,85,362,73,138529
530,138600,28,244,43,261,35,252,138530
530,138601,40,231,56,253,48,242,138531
530,138602,67,20,81,41,74,30,138532
530,138603,31,275,47,299,39,287,138533
530,138604,635,308,639,329,637,318,138534
530,138605,582,10,607,21,594,15,138535
530,138606,384,9,399,28,391,18,138536
530,138607,387,271,405,294,396,282,138537
530,138608,559,35,591,62,575,48,138538
530,138609,632,58,639,81,635,69,138539
530,138610,512,7,529,33,520,20,138540
530,138611,323,291,355,315,339,303,138541
530,138612,315,270,347,286,331,278,138542
530,138613,255,317,273,348,264,332,138543
530,138614,290,279,313,292,301,285,138544
530,138615,352,278,383,295,367,286,138545
530,138616,201,274,221,294,211,284,138546
531,138617,442,0,535,73,488,36,138547
531,138618,539,247,571,274,555,260,138548
531,138619,596,234,621,263,608,248,138549
531,138620,468,183,490,228,479,205,138550
531,138621,597,127,623,165,610,146,138551
531,138622,266,1,346,50,306,25,138552
531,138623,381,121,403,157,392,139,138553
531,138624,528,70,556,96,542,83,138554
531,138625,417,112,441,145,429,128,138555
531,138626,60,164,79,186,69,175,138556
531,138627,543,206,578,231,560,218,138557
531,138628,99,165,116,200,107,182,138558
531,138629,363,21,384,66,373,43,138559
531,138630,421,25,445,54,433,39,138560
531,138631,208,316,231,345,219,330,138561
531,138632,402,278,422,300,412,289,138562
531,138633,300,52,321,84,310,68,138563
531,138634,246,52,267,78,256,65,138564
531,138635,609,0,638,21,623,10,138565
531,138636,280,291,301,311,290,301,138566
531,138637,271,75,291,105,281,90,138567
531,138638,506,26,525,50,515,38,138568
531,138639,574,69,610,96,592,82,138569
531,138640,261,178,281,210,271,194,138570
531,138641,398,12,418,31,408,21,138571
531,138642,610,49,633,75,621,62,138572
531,138643,293,230,314,257,303,243,138573
531,138644,119,89,137,115,128,102,138574
531,138645,406,27,425,51,415,39,138575
531,138646,233,84,256,106,244,95,138576
531,138647,36,120,54,142,45,131,138577
531,138648,72,129,88,156,80,142,138578
531,138649,57,98,80,123,68,110,138579
531,138650,229,50,250,75,239,62,138580
531,138651,200,13,220,33,210,23,138581
531,138652,214,23,237,45,225,34,138582
531,138653,37,158,55,177,46,167,138583
531,138654,40,88,57,114,48,101,138584
531,138655,486,254,512,277,499,265,138585
531,138656,281,16,303,38,292,27,138586
531,138657,323,3,340,21,331,12,138587
531,138658,127,0,187,23,157,11,138588
531,138659,52,19,67,52,59,35,138589
531,138660,163,0,178,4,170,2,138590
531,138661,328,245,350,266,339,255,138591
531,138662,217,0,228,7,222,3,138592
531,138663,185,81,209,103,197,92,138593
531,138664,196,56,212,83,204,69,138594
531,138665,313,128,337,153,325,140,138595
531,138666,307,98,334,120,320,109,138596
531,138667,537,0,569,12,553,6,138597
531,138668,541,159,567,182,554,170,138598
531,138669,348,62,376,85,362,73,138599
531,138670,28,244,43,261,35,252,138600
531,138671,40,231,56,253,48,242,138601
531,138672,67,20,81,41,74,30,138602
531,138673,31,275,47,299,39,287,138603
531,138674,582,10,607,21,594,15,138605
531,138675,384,9,399,28,391,18,138606
531,138676,387,271,405,294,396,282,138607
531,138677,559,35,591,62,575,48,138608
531,138678,632,58,639,81,635,69,138609
531,138679,511,6,529,33,520,19,138610
531,138680,322,291,354,315,338,303,138611
531,138681,314,271,345,286,329,278,138612
531,138682,256,319,273,350,264,334,138613
531,138683,290,279,312,293,301,286,138614
531,138684,352,278,383,295,367,286,138615
531,138685,201,274,221,294,211,284,138616
531,138686,556,318,588,330,572,324,
532,138687,442,0,535,73,488,36,138617
532,138688,539,247,571,274,555,260,138618
532,138689,596,234,621,263,608,248,138619
532,138690,468,183,490,228,479,205,138620
532,138691,597,127,623,165,610,146,138621
532,138692,266,1,346,50,306,25,138622
532,138693,381,121,403,157,392,139,138623
532,138694,528,70,556,96,542,83,138624
532,138695,417,112,441,145,429,128,138625
532,138696,60,164,79,186,69,175,138626
532,138697,543,206,578,231,560,218,138627
532,138698,99,165,116,200,107,182,138628
532,138699,363,21,384,66,373,43,138629
532,138700,422,25,445,54,433,39,138630
532,138701,208,316,231,345,219,330,138631
532,138702,402,279,422,301,412,290,138632
532,138703,300,52,321,85,310,68,138633
532,138704,246,52,267,78,256,65,138634
532,138705,609,0,638,21,623,10,138635
532,138706,280,291,302,311,291,301,138636
532,138707,271,75,291,105,281,90,138637
532,138708,506,26,525,50,515,38,138638
532,138709,574,69,609,96,591,82,138639
532,138710,261,178,281,210,271,194,138640
532,138711,398,12,418,31,408,21,138641
532,138712,610,49,632,75,621,62,138642
532,138713,293,230,314,257,303,243,138643
532,138714,119,89,137,115,128,102,138644
532,138715,406,28,426,51,416,39,138645
532,138716,233,84,256,106,244,95,138646
532,138717,36,120,54,142,45,131,138647
532,138718,72,129,88,156,80,142,138648
532,138719,57,98,80,123,68,110,138649
532,138720,229,50,250,75,239,62,138650
532,138721,200,13,220,33,210,23,138651
532,138722,214,23,237,45,225,34,138652
532,138723,37,158,55,177,46,167,138653
532,138724,40,88,57,114,48,101,138654
532,138725,486,254,512,277,499,265,138655
532,138726,281,16,303,38,292,27,138656
532,138727,323,3,340,21,331,12,138657
532,138728,127,0,187,23,157,11,138658
532,138729,52,19,67,52,59,35,138659
532,138730,163,0,178,4,170,2,138660
532,138731,328,245,350,266,339,255,138661
532,138732,217,0,228,7,222,3,138662
532,138733,185,81,209,103,197,92,138663
532,138734,196,56,212,83,204,69,138664
532,138735,313,128,337,153,325,140,138665
532,138736,307,98,334,120,320,109,138666
532,138737,537,0,569,12,553,6,138667
532,138738,541,159,568,182,554,170,138668
532,138739,348,62,376,85,362,73,138669
532,138740,29,244,43,261,36,252,138670
532,138741,40,231,56,253,48,242,138671
532,138742,67,20,81,41,74,30,138672
532,138743,31,275,47,299,39,287,138673
532,138744,582,10,607,21,594,15,138674
532,138745,384,8,399,28,391,18,138675
532,138746,387,271,405,294,396,282,138676
532,138747,559,35,591,62,575,48,138677
532,138748,632,58,639,81,635,69,138678
532,138749,512,6,529,33,520,19,138679
532,138750,321,291,353,314,337,302,138680
532,138751,312,270,342,286,327,278,138681
532,138752,257,322,275,350,266,336,138682
532,138753,290,279,312,293,301,286,138683
532,138754,352,278,383,295,367,286,138684
532,138755,201,275,221,294,211,284,138685
532,138756,555,318,588,330,571,324,138686
532,138757,155,221,183,240,169,230,
533,138758,442,0,535,73,488,36,138687
533,138759,539,247,571,274,555,260,138688
533,138760,596,234,621,263,608,248,138689
533,138761,468,183,490,228,479,205,138690
533,138762,596,127,623,165,609,146,138691
533,138763,266,1,346,50,306,25,138692
533,138764,381,121,403,157,392,139,138693
533,138765,528,70,556,96,542,83,138694
533,138766,417,112,441,145,429,128,138695
533,138767,60,164,79,186,69,175,138696
533,138768,543,206,578,231,560,218,138697
533,138769,99,165,116,200,107,182,138698
533,138770,363,21,384,66,373,43,138699
533,138771,422,25,445,54,433,39,138700
533,138772,208,316,231,345,219,330,138701
533,138773,402,280,422,301,412,290,138702
533,138774,300,52,321,84,310,68,138703
533,138775,246,52,267,78,256,65,138704
533,138776,609,0,638,21,623,10,138705
533,138777,279,291,302,311,290,301,138706
533,138778,271,75,291,105,281,90,138707
533,138779,506,26,525,50,515,38,138708
533,138780,574,69,609,96,591,82,138709
533,138781,261,178,281,210,271,194,138710
533,138782,398,12,418,31,408,21,138711
533,138783,610,49,632,75,621,62,138712
533,138784,293,230,314,257,303,243,138713
533,138785,119,89,137,115,128,102,138714
533,138786,406,28,426,51,416,39,138715
533,138787,233,84,256,106,244,95,138716
533,138788,36,120,54,142,45,131,138717
533,138789,72,129,88,156,80,142,138718
533,138790,57,98,80,123,68,110,138719
533,138791,229,50,250,75,239,62,138720
533,138792,200,13,220,33,210,23,138721
533,138793,214,23,237,45,225,34,138722
533,138794,37,158,55,177,46,167,138723
533,138795,40,88,57,114,48,101,138724
533,138796,486,254,512,277,499,265,138725
533,138797,281,16,303,38,292,27,138726
533,138798,323,3,340,21,331,12,138727
533,138799,127,0,187,23,157,11,138728
533,138800,52,19,67,52,59,35,138729
533,138801,163,0,178,4,170,2,138730
533,138802,328,245,350,266,339,255,138731
533,138803,217,0,228,7,222,3,138732
533,138804,185,81,209,103,197,92,138733
533,138805,196,56,212,83,204,69,138734
533,138806,313,128,337,153,325,140,138735
533,138807,307,98,334,120,320,109,138736
533,138808,537,0,569,12,553,6,138737
533,138809,541,159,568,182,554,170,138738
533,138810,348,62,376,85,362,73,138739
533,138811,29,244,42,261,35,252,138740
533,138812,40,231,56,253,48,242,138741
533,138813,67,20,81,41,74,30,138742
533,138814,31,275,47,299,39,287,138743
533,138815,582,10,607,21,594,15,138744
533,138816,384,8,399,28,391,18,138745
533,138817,387,271,404,294,395,282,138746
533,138818,559,35,591,62,575,48,138747
533,138819,632,58,639,81,635,69,138748
533,138820,512,6,529,33,520,19,138749
533,138821,321,291,352,314,336,302,138750
533,138822,312,270,341,286,326,278,138751
533,138823,257,323,275,350,266,336,138752
533,138824,290,279,312,293,301,286,138753
533,138825,352,278,383,294,367,286,138754
533,138826,201,275,221,294,211,284,138755
533,138827,555,318,589,330,572,324,138756
533,138828,155,222,184,241,169,231,138757
534,138829,442,0,535,73,488,36,138758
534,138830,539,247,571,274,555,260,138759
534,138831,596,234,621,263,608,248,138760
534,138832,468,183,490,228,479,205,138761
534,138833,597,127,623,165,610,146,138762
534,138834,266,1,346,50,306,25,138763
534,138835,381,121,403,157,392,139,138764
534,138836,528,70,557,96,542,83,138765
534,138837,417,112,441,145,429,128,138766
534,138838,60,164,79,186,69,175,138767
534,138839,543,206,578,231,560,218,138768
534,138840,99,165,116,200,107,182,138769
534,138841,363,21,384,66,373,43,138770
534,138842,422,25,445,54,433,39,138771
534,138843,208,316,231,345,219,330,138772
534,138844,402,281,422,301,412,291,138773
534,138845,300,52,321,84,310,68,138774
534,138846,246,52,267,78,256,65,138775
534,138847,609,0,638,21,623,10,138776
534,138848,279,291,302,311,290,301,138777
534,138849,271,75,291,105,281,90,138778
534,138850,506,26,525,50,515,38,138779
534,138851,574,69,609,96,591,82,138780
534,138852,261,178,281,210,271,194,138781
534,138853,398,12,418,31,408,21,138782
534,138854,610,49,633,75,621,62,138783
534,138855,293,230,314,257,303,243,138784
534,138856,119,89,137,115,128,102,138785
534,138857,406,28,426,51,416,39,138786
534,138858,233,84,256,106,244,95,138787
534,138859,36,120,54,142,45,131,138788
534,138860,72,129,88,156,80,142,138789
534,138861,57,98,80,123,68,110,138790
534,138862,229,50,250,75,239,62,138791
534,138863,200,13,220,33,210,23,138792
534,138864,214,23,237,45,225,34,138793
534,138865,37,158,55,177,46,167,138794
534,138866,40,88,57,114,48,101,138795
534,138867,486,254,512,277,499,265,138796
534,138868,281,16,303,38,292,27,138797
534,138869,323,3,340,21,331,12,138798
534,138870,127,0,187,23,157,11,138799
534,138871,52,19,67,52,59,35,138800
534,138872,163,0,178,4,170,2,138801
534,138873,328,245,350,266,339,255,138802
534,138874,217,0,228,7,222,3,138803
534,138875,185,81,209,103,197,92,138804
534,138876,196,56,212,83,204,69,138805
534,138877,313,128,337,153,325,140,138806
534,138878,307,98,334,120,320,109,138807
534,138879,537,0,569,12,553,6,138808
534,138880,541,159,568,183,554,171,138809
534,138881,348,62,376,85,362,73,138810
534,138882,29,244,42,261,35,252,138811
534,138883,40,231,56,253,48,242,138812
534,138884,67,20,81,41,74,30,138813
534,138885,31,275,47,299,39,287,138814
534,138886,582,10,607,22,594,16,138815
534,138887,384,9,399,27,391,18,138816
534,138888,387,271,405,294,396,282,138817
534,138889,559,35,591,62,575,48,138818
534,138890,632,58,639,81,635,69,138819
534,138891,512,6,529,33,520,19,138820
534,138892,321,291,352,314,336,302,138821
534,138893,311,269,340,286,325,277,138822
534,138894,259,326,277,351,268,338,138823
534,138895,290,280,312,292,301,286,138824
534,138896,353,278,383,294,368,286,138825
534,138897,201,275,221,294,211,284,138826
534,138898,555,318,589,330,572,324,138827
534,138899,157,223,185,242,171,232,138828
535,138900,442,0,535,73,488,36,138829
535,138901,539,247,571,274,555,260,138830
535,138902,596,234,621,263,608,248,138831
535,138903,468,183,490,228,479,205,138832
535,138904,597,127,623,165,610,146,138833
535,138905,266,1,346,50,306,25,138834
535,138906,381,121,403,157,392,139,138835
535,138907,528,70,557,96,542,83,138836
535,138908,417,112,441,145,429,128,138837
535,138909,60,164,79,186,69,175,138838
535,138910,543,206,578,231,560,218,138839
535,138911,99,165,116,200,107,182,138840
535,138912,363,21,384,66,373,43,138841
535,138913,422,25,445,54,433,39,138842
535,138914,208,316,231,345,219,330,138843
535,138915,401,281,421,301,411,291,138844
535,138916,300,52,321,85,310,68,138845
535,138917,246,52,267,78,256,65,138846
535,138918,609,0,638,21,623,10,138847
535,138919,279,291,301,311,290,301,138848
535,138920,271,75,291,105,281,90,138849
535,138921,506,26,525,50,515,38,138850
535,138922,574,69,609,96,591,82,138851
535,138923,261,178,281,210,271,194,138852
535,138924,398,12,418,31,408,21,138853
535,138925,610,49,633,75,621,62,138854
535,138926,293,230,314,257,303,243,138855
535,138927,119,89,137,115,128,102,138856
535,138928,406,28,426,51,416,39,138857
535,138929,233,84,256,107,244,95,138858
535,138930,36,120,54,142,45,131,138859
535,138931,72,129,88,156,80,142,138860
535,138932,57,98,80,123,68,110,138861
535,138933,229,50,250,75,239,62,138862
535,138934,200,13,220,33,210,23,138863
535,138935,214,23,237,45,225,34,138864
535,138936,37,158,55,177,46,167,138865
535,138937,40,88,57,114,48,101,138866
535,138938,486,254,512,277,499,265,138867
535,138939,281,16,303,38,292,27,138868
535,138940,323,3,340,21,331,12,138869
535,138941,127,0,188,23,157,11,138870
535,138942,52,19,67,52,59,35,138871
535,138943,164,0,178,4,171,2,138872
535,138944,328,245,350,266,339,255,138873
535,138945,217,0,228,7,222,3,138874
535,138946,185,81,209,103,197,92,138875
535,138947,196,56,212,83,204,69,138876
535,138948,313,128,337,153,325,140,138877
535,138949,307,98,334,120,320,109,138878
535,138950,537,0,569,12,553,6,138879
535,138951,541,159,568,183,554,171,138880
535,138952,348,62,376,85,362,73,138881
535,138953,29,244,42,261,35,252,138882
535,138954,40,231,56,253,48,242,138883
535,138955,67,20,81,41,74,30,138884
535,138956,31,275,47,299,39,287,138885
535,138957,582,10,607,22,594,16,138886
535,138958,384,9,399,28,391,18,138887
535,138959,387,271,404,294,395,282,138888
535,138960,559,35,591,62,575,48,138889
535,138961,632,58,639,81,635,69,138890
535,138962,512,7,529,33,520,20,138891
535,138963,321,291,351,314,336,302,138892
535,138964,311,269,339,285,325,277,138893
535,138965,261,328,280,354,270,341,138894
535,138966,290,280,312,293,301,286,138895
535,138967,353,278,383,294,368,286,138896
535,138968,200,275,221,294,210,284,138897
535,138969,556,318,589,330,572,324,138898
536,138970,442,0,534,73,488,36,138900
536,138971,539,247,571,274,555,260,138901
536,138972,596,234,621,263,608,248,138902
536,138973,468,183,490,228,479,205,138903
536,138974,597,127,623,165,610,146,138904
536,138975,266,1,346,50,306,25,138905
536,138976,381,121,403,157,392,139,138906
536,138977,528,70,557,96,542,83,138907
536,138978,417,112,441,145,429,128,138908
536,138979,60,164,79,186,69,175,138909
536,138980,543,206,578,231,560,218,138910
536,138981,99,165,116,200,107,182,138911
536,138982,363,21,384,66,373,43,138912
536,138983,422,25,445,54,433,39,138913
536,138984,208,316,231,345,219,330,138914
536,138985,401,282,420,301,410,291,138915
536,138986,300,52,321,85,310,68,138916
536,138987,246,52,267,78,256,65,138917
536,138988,609,0,638,21,623,10,138918
536,138989,279,291,301,311,290,301,138919
536,138990,271,75,291,105,281,90,138920
536,138991,506,26,525,50,515,38,138921
536,138992,574,69,609,96,591,82,138922
536,138993,261,178,281,210,271,194,138923
536,138994,398,12,418,31,408,21,138924
536,138995,610,49,633,75,621,62,138925
536,138996,293,231,314,257,303,244,138926
536,138997,119,89,137,115,128,102,138927
536,138998,406,27,426,51,416,39,138928
536,138999,233,84,256,106,244,95,138929
536,139000,36,120,54,142,45,131,138930
536,139001,72,129,88,156,80,142,138931
536,139002,57,98,80,123,68,110,138932
536,139003,229,50,250,75,239,62,138933
536,139004,200,13,220,33,210,23,138934
536,139005,214,23,237,45,225,34,138935
536,139006,37,158,55,177,46,167,138936
536,139007,40,88,57,114,48,101,138937
536,139008,486,254,512,277,499,265,138938
536,139009,281,16,303,38,292,27,138939
536,139010,323,3,340,21,331,12,138940
536,139011,127,0,188,23,157,11,138941
536,139012,52,19,67,52,59,35,138942
536,139013,164,0,178,4,171,2,138943
536,139014,328,245,350,266,339,255,138944
536,139015,217,0,228,7,222,3,138945
536,139016,185,81,209,103,197,92,138946
536,139017,196,56,212,83,204,69,138947
536,139018,313,128,337,153,325,140,138948
536,139019,307,98,334,120,320,109,138949
536,139020,537,0,569,12,553,6,138950
536,139021,541,159,568,184,554,171,138951
536,139022,348,62,376,85,362,73,138952
536,139023,29,244,42,261,35,252,138953
536,139024,40,231,56,253,48,242,138954
536,139025,67,20,81,41,74,30,138955
536,139026,31,275,47,299,39,287,138956
536,139027,582,10,607,22,594,16,138957
536,139028,384,9,399,28,391,18,138958
536,139029,387,271,404,294,395,282,138959
536,139030,559,35,590,62,574,48,138960
536,139031,632,58,639,81,635,69,138961
536,139032,512,7,529,33,520,20,138962
536,139033,321,291,351,314,336,302,138963
536,139034,311,268,338,285,324,276,138964
536,139035,263,331,282,357,272,344,138965
536,139036,290,279,312,293,301,286,138966
536,139037,353,278,383,294,368,286,138967
536,139038,200,275,221,294,210,284,138968
537,139039,442,0,534,73,488,36,138970
537,139040,539,247,571,274,555,260,138971
537,139041,596,234,621,263,608,248,138972
537,139042,468,183,490,228,479,205,138973
537,139043,597,127,623,165,610,146,138974
537,139044,266,1,346,50,306,25,138975
537,139045,381,121,403,157,392,139,138976
537,139046,528,70,557,96,542,83,138977
537,139047,417,112,441,145,429,128,138978
537,139048,60,164,79,186,69,175,138979
537,139049,543,206,578,231,560,218,138980
537,139050,99,165,116,200,107,182,138981
537,139051,363,21,384,66,373,43,138982
537,139052,422,25,445,54,433,39,138983
537,139053,208,316,231,345,219,330,138984
537,139054,401,283,420,301,410,292,138985
537,139055,300,52,321,85,310,68,138986
537,139056,246,52,267,78,256,65,138987
537,139057,609,0,638,21,623,10,138988
537,139058,279,291,301,311,290,301,138989
537,139059,271,75,291,105,281,90,138990
537,139060,506,26,525,50,515,38,138991
537,139061,574,69,609,96,591,82,138992
537,139062,261,178,281,210,271,194,138993
537,139063,398,12,418,32,408,22,138994
537,139064,609,49,633,75,621,62,138995
537,139065,293,231,314,257,303,244,138996
537,139066,119,89,137,115,128,102,138997
537,139067,406,27,426,51,416,39,138998
537,139068,233,84,256,106,244,95,138999
537,139069,36,120,54,142,45,131,139000
537,139070,72,129,88,156,80,142,139001
537,139071,57,98,80,123,68,110,139002
537,139072,229,50,250,75,239,62,139003
537,139073,200,13,220,33,210,23,139004
537,139074,214,23,237,45,225,34,139005
537,139075,37,158,55,177,46,167,139006
537,139076,40,88,57,114,48,101,139007
537,139077,486,254,512,277,499,265,139008
537,139078,281,16,303,38,292,27,139009
537,139079,323,3,340,21,331,12,139010
537,139080,127,0,188,23,157,11,139011
537,139081,52,19,67,52,59,35,139012
537,139082,163,0,178,4,170,2,139013
537,139083,328,245,350,266,339,255,139014
537,139084,217,0,228,7,222,3,139015
537,139085,185,81,209,103,197,92,139016
537,139086,196,56,212,83,204,69,139017
537,139087,313,128,337,153,325,140,139018
537,139088,307,98,334,120,320,109,139019
537,139089,537,0,569,12,553,6,139020
537,139090,541,159,568,184,554,171,139021
537,139091,348,62,376,85,362,73,139022
537,139092,29,244,42,261,35,252,139023
537,139093,40,231,56,253,48,242,139024
537,139094,67,20,81,41,74,30,139025
537,139095,31,275,47,299,39,287,139026
537,139096,582,10,607,21,594,15,139027
537,139097,384,9,399,28,391,18,139028
537,139098,387,271,404,294,395,282,139029
537,139099,559,35,590,62,574,48,139030
537,139100,632,58,639,81,635,69,139031
537,139101,512,7,529,33,520,20,139032
537,139102,321,291,351,314,336,302,139033
537,139103,311,268,338,284,324,276,139034
537,139104,264,334,284,359,274,346,139035
537,139105,290,280,312,293,301,286,139036
537,139106,353,278,383,294,368,286,139037
538,139107,442,0,535,73,488,36,139039
538,139108,539,247,571,274,555,260,139040
538,139109,596,234,621,263,608,248,139041
538,139110,468,183,490,228,479,205,139042
538,139111,597,127,623,165,610,146,139043
538,139112,266,1,346,50,306,25,139044
538,139113,381,121,403,157,392,139,139045
538,139114,528,70,557,96,542,83,139046
538,139115,417,112,441,145,429,128,139047
538,139116,60,164,79,186,69,175,139048
538,139117,543,206,578,231,560,218,139049
538,139118,99,165,116,200,107,182,139050
538,139119,363,21,384,66,373,43,139051
538,139120,422,25,445,54,433,39,139052
538,139121,208,316,231,345,219,330,139053
538,139122,401,283,419,301,410,292,139054
538,139123,300,52,321,85,310,68,139055
538,139124,246,52,267,78,256,65,139056
538,139125,609,0,638,21,623,10,139057
538,139126,280,291,301,311,290,301,139058
538,139127,271,75,291,105,281,90,139059
538,139128,506,26,525,50,515,38,139060
538,139129,574,69,609,96,591,82,139061
538,139130,261,178,281,210,271,194,139062
538,139131,398,12,418,32,408,22,139063
538,139132,609,49,633,75,621,62,139064
538,139133,292,231,314,257,303,244,139065
538,139134,119,89,137,115,128,102,139066
538,139135,406,27,426,51,416,39,139067
538,139136,233,84,256,106,244,95,139068
538,139137,36,120,54,142,45,131,139069
538,139138,72,129,88,156,80,142,139070
538,139139,57,98,80,123,68,110,139071
538,139140,229,50,250,75,239,62,139072
538,139141,200,13,220,33,210,23,139073
538,139142,214,23,236,45,225,34,139074
538,139143,37,158,55,177,46,167,139075
538,139144,40,88,57,114,48,101,139076
538,139145,486,254,512,277,499,265,139077
538,139146,281,16,303,38,292,27,139078
538,139147,323,3,340,21,331,12,139079
538,139148,127,0,187,23,157,11,139080
538,139149,52,19,67,52,59,35,139081
538,139150,164,0,178,4,171,2,139082
538,139151,328,245,350,266,339,255,139083
538,139152,217,0,228,7,222,3,139084
538,139153,185,81,209,103,197,92,139085
538,139154,196,56,212,83,204,69,139086
538,139155,313,128,337,153,325,140,139087
538,139156,307,98,334,120,320,109,139088
538,139157,537,0,569,11,553,5,139089
538,139158,541,159,567,184,554,171,139090
538,139159,348,62,376,85,362,73,139091
538,139160,29,244,42,261,35,252,139092
538,139161,40,231,56,253,48,242,139093
538,139162,67,20,81,41,74,30,139094
538,139163,31,275,47,299,39,287,139095
538,139164,582,10,607,21,594,15,139096
538,139165,384,9,399,28,391,18,139097
538,139166,387,271,404,294,395,282,139098
538,139167,559,35,590,62,574,48,139099
538,139168,632,57,639,81,635,69,139100
538,139169,512,7,529,33,520,20,139101
538,139170,321,291,350,313,335,302,139102
538,139171,310,267,338,284,324,275,139103
538,139172,266,336,285,359,275,347,139104
538,139173,290,280,312,293,301,286,139105
538,139174,353,278,383,295,368,286,139106
539,139175,443,0,535,73,489,36,139107
539,139176,539,247,571,274,555,260,139108
539,139177,596,234,621,263,608,248,139109
539,139178,468,183,490,229,479,206,139110
539,139179,597,127,623,165,610,146,139111
539,139180,266,1,346,50,306,25,139112
539,139181,381,121,402,157,391,139,139113
539,139182,528,70,557,96,542,83,139114
539,139183,417,112,441,145,429,128,139115
539,139184,60,164,79,186,69,175,139116
539,139185,543,206,578,231,560,218,139117
539,139186,99,165,116,200,107,182,139118
539,139187,363,21,384,66,373,43,139119
539,139188,423,25,445,54,434,39,139120
539,139189,208,316,231,345,219,330,139121
539,139190,401,283,419,301,410,292,139122
539,139191,300,52,321,85,310,68,139123
539,139192,246,52,267,78,256,65,139124
539,139193,609,0,638,21,623,10,139125
539,139194,280,291,301,311,290,301,139126
539,139195,271,75,291,105,281,90,139127
539,139196,506,26,525,50,515,38,139128
539,139197,574,69,609,96,591,82,139129
539,139198,261,178,281,210,271,194,139130
539,139199,398,12,418,32,408,22,139131
539,139200,609,49,633,75,621,62,139132
539,139201,292,231,314,257,303,244,139133
539,139202,119,89,137,115,128,102,139134
539,139203,406,27,426,51,416,39,139135
539,139204,233,84,256,107,244,95,139136
539,139205,36,120,54,142,45,131,139137
539,139206,72,129,88,156,80,142,139138
539,139207,57,98,79,123,68,110,139139
539,139208,229,50,250,75,239,62,139140
539,139209,200,13,220,33,210,23,139141
539,139210,214,23,237,45,225,34,139142
539,139211,37,158,55,177,46,167,139143
539,139212,40,88,57,114,48,101,139144
539,139213,486,254,512,277,499,265,139145
539,139214,281,16,303,38,292,27,139146
539,139215,323,3,340,21,331,12,139147
539,139216,128,0,187,23,157,11,139148
539,139217,52,19,67,52,59,35,139149
539,139218,164,0,178,4,171,2,139150
539,139219,328,245,350,266,339,255,139151
539,139220,217,0,228,7,222,3,139152
539,139221,185,81,209,103,197,92,139153
539,139222,196,56,212,83,204,69,139154
539,139223,313,128,337,153,325,140,139155
539,139224,307,98,334,120,320,109,139156
539,139225,537,0,569,11,553,5,139157
539,139226,541,159,567,184,554,171,139158
539,139227,348,62,376,85,362,73,139159
539,139228,29,244,42,261,35,252,139160
539,139229,40,231,56,253,48,242,139161
539,139230,67,20,81,41,74,30,139162
539,139231,31,275,47,299,39,287,139163
539,139232,582,10,607,22,594,16,139164
539,139233,384,9,399,28,391,18,139165
539,139234,387,271,404,294,395,282,139166
539,139235,559,36,590,62,574,49,139167
539,139236,631,57,639,81,635,69,139168
539,139237,512,7,529,33,520,20,139169
539,139238,320,291,350,312,335,301,139170
539,139239,310,267,338,284,324,275,139171
539,139240,267,339,287,360,277,349,139172
539,139241,290,280,311,293,300,286,139173
539,139242,353,278,383,295,368,286,139174
539,139243,555,318,589,330,572,324,
540,139244,443,0,535,73,489,36,139175
540,139245,539,247,571,274,555,260,139176
540,139246,596,234,621,263,608,248,139177
540,139247,468,183,490,229,479,206,139178
540,139248,597,127,623,165,610,146,139179
540,139249,266,1,346,50,306,25,139180
540,139250,381,121,402,157,391,139,139181
540,139251,528,70,557,96,542,83,139182
540,139252,417,112,441,145,429,128,139183
540,139253,60,164,79,186,69,175,139184
540,139254,543,206,578,231,560,218,139185
540,139255,99,165,116,200,107,182,139186
540,139256,363,21,384,66,373,43,139187
540,139257,423,25,445,54,434,39,139188
540,139258,208,316,231,345,219,330,139189
540,139259,400,283,419,301,409,292,139190
540,139260,300,52,321,85,310,68,139191
540,139261,246,52,267,78,256,65,139192
540,139262,609,0,638,21,623,10,139193
540,139263,280,291,301,311,290,301,139194
540,139264,271,75,291,105,281,90,139195
540,139265,506,26,525,50,515,38,139196
540,139266,574,69,609,96,591,82,139197
540,139267,261,178,281,210,271,194,139198
540,139268,398,12,418,32,408,22,139199
540,139269,609,49,633,75,621,62,139200
540,139270,292,231,314,257,303,244,139201
540,139271,119,89,137,115,128,102,139202
540,139272,406,27,426,51,416,39,139203
540,139273,233,84,256,106,244,95,139204
540,139274,36,120,54,142,45,131,139205
540,139275,72,129,88,156,80,142,139206
540,139276,57,98,79,123,68,110,139207
540,139277,229,50,250,75,239,62,139208
540,139278,200,13,220,33,210,23,139209
540,139279,214,23,237,45,225,34,139210
540,139280,37,158,55,177,46,167,139211
540,139281,40,88,57,114,48,101,139212
540,139282,486,254,512,277,499,265,139213
540,139283,281,16,303,38,292,27,139214
540,139284,323,3,340,21,331,12,139215
540,139285,128,0,187,23,157,11,139216
540,139286,52,19,67,52,59,35,139217
540,139287,164,0,178,4,171,2,139218
540,139288,328,245,350,266,339,255,139219
540,139289,217,0,228,7,222,3,139220
540,139290,185,81,209,103,197,92,139221
540,139291,196,56,212,83,204,69,139222
540,139292,313,128,337,153,325,140,139223
540,139293,307,98,334,120,320,109,139224
540,139294,537,0,569,11,553,5,139225
540,139295,541,159,567,184,554,171,139226
540,139296,348,62,376,86,362,74,139227
540,139297,29,244,42,261,35,252,139228
540,139298,40,231,56,253,48,242,139229
540,139299,67,20,81,41,74,30,139230
540,139300,31,275,47,299,39,287,139231
540,139301,582,10,607,22,594,16,139232
540,139302,384,9,399,28,391,18,139233
540,139303,387,271,404,294,395,282,139234
540,139304,559,36,590,62,574,49,139235
540,139305,631,57,639,81,635,69,139236
540,139306,512,7,529,33,520,20,139237
540,139307,319,291,350,311,334,301,139238
540,139308,310,267,338,284,324,275,139239
540,139309,268,339,288,360,278,349,139240
540,139310,290,280,311,293,300,286,139241
540,139311,353,277,383,296,368,286,139242
540,139312,555,318,589,330,572,324,139243
541,139313,442,0,535,73,488,36,139244
541,139314,539,247,571,274,555,260,139245
541,139315,596,234,621,263,608,248,139246
541,139316,468,183,490,229,479,206,139247
541,139317,597,127,623,165,610,146,139248
541,139318,266,1,346,50,306,25,139249
541,139319,381,121,402,157,391,139,139250
541,139320,528,70,556,96,542,83,139251
541,139321,417,112,441,145,429,128,139252
541,139322,60,164,79,186,69,175,139253
541,139323,543,206,578,231,560,218,139254
541,139324,99,165,116,200,107,182,139255
541,139325,363,21,384,66,373,43,139256
541,139326,424,25,445,54,434,39,139257
541,139327,208,316,231,345,219,330,139258
541,139328,400,284,419,301,409,292,139259
541,139329,300,52,321,85,310,68,139260
541,139330,246,52,267,78,256,65,139261
541,139331,609,0,638,21,623,10,139262
541,139332,280,291,301,311,290,301,139263
541,139333,271,75,291,105,281,90,139264
541,139334,506,26,525,50,515,38,139265
541,139335,574,69,609,96,591,82,139266
541,139336,261,178,281,210,271,194,139267
541,139337,398,12,418,32,408,22,139268
541,139338,609,49,633,75,621,62,139269
541,139339,292,231,314,257,303,244,139270
541,139340,119,89,137,115,128,102,139271
541,139341,406,26,427,51,416,38,139272
541,139342,233,84,256,106,244,95,139273
541,139343,36,120,54,142,45,131,139274
541,139344,72,129,88,156,80,142,139275
541,139345,57,98,79,123,68,110,139276
541,139346,229,50,250,75,239,62,139277
541,139347,200,13,221,33,210,23,139278
541,139348,214,23,237,45,225,34,139279
541,139349,37,158,55,177,46,167,139280
541,139350,40,88,56,114,48,101,139281
541,139351,486,254,512,277,499,265,139282
541,139352,281,16,303,38,292,27,139283
541,139353,323,3,340,21,331,12,139284
541,139354,128,0,187,23,157,11,139285
541,139355,52,19,67,52,59,35,139286
541,139356,164,0,178,4,171,2,139287
541,139357,328,245,350,266,339,255,139288
541,139358,217,0,228,7,222,3,139289
541,139359,185,81,209,103,197,92,139290
541,139360,196,56,212,83,204,69,139291
541,139361,313,128,337,152,325,140,139292
541,139362,307,98,334,121,320,109,139293
541,139363,537,0,568,12,552,6,139294
541,139364,541,159,567,184,554,171,139295
541,139365,348,62,376,85,362,73,139296
541,139366,29,244,42,261,35,252,139297
541,139367,40,231,56,254,48,242,139298
541,139368,67,20,81,41,74,30,139299
541,139369,31,275,47,299,39,287,139300
541,139370,582,10,607,22,594,16,139301
541,139371,384,8,399,28,391,18,139302
541,139372,387,271,404,294,395,282,139303
541,139373,559,35,590,63,574,49,139304
541,139374,631,57,639,81,635,69,139305
541,139375,512,7,529,33,520,20,139306
541,139376,319,291,350,311,334,301,139307
541,139377,310,267,338,284,324,275,139308
541,139378,270,341,289,360,279,350,139309
541,139379,290,280,311,293,300,286,139310
541,139380,353,278,383,295,368,286,139311
541,139381,555,318,589,330,572,324,139312
542,139382,442,0,535,73,488,36,139313
542,139383,539,247,571,274,555,260,139314
542,139384,596,234,621,263,608,248,139315
542,139385,468,183,490,229,479,206,139316
542,139386,597,127,623,165,610,146,139317
542,139387,267,1,346,50,306,25,139318
542,139388,381,121,402,157,391,139,139319
542,139389,528,70,556,96,542,83,139320
542,139390,417,112,441,146,429,129,139321
542,139391,60,164,79,186,69,175,139322
542,139392,543,206,578,231,560,218,139323
542,139393,99,165,116,200,107,182,139324
542,139394,363,21,384,66,373,43,139325
542,139395,424,25,445,54,434,39,139326
542,139396,208,316,231,345,219,330,139327
542,139397,400,284,419,301,409,292,139328
542,139398,300,52,321,85,310,68,139329
542,139399,246,52,267,78,256,65,139330
542,139400,609,0,638,21,623,10,139331
542,139401,280,291,301,311,290,301,139332
542,139402,271,75,291,105,281,90,139333
542,139403,506,26,525,50,515,38,139334
542,139404,574,70,610,96,592,83,139335
542,139405,261,178,281,210,271,194,139336
542,139406,398,12,418,32,408,22,139337
542,139407,609,49,633,75,621,62,139338
542,139408,292,231,314,257,303,244,139339
542,139409,119,89,137,115,128,102,139340
542,139410,406,26,427,51,416,38,139341
542,139411,233,84,256,106,244,95,139342
542,139412,36,120,54,142,45,131,139343
542,139413,72,129,88,156,80,142,139344
542,139414,57,97,79,123,68,110,139345
542,139415,229,50,250,75,239,62,139346
542,139416,200,13,220,33,210,23,139347
542,139417,215,23,237,45,226,34,139348
542,139418,37,158,55,177,46,167,139349
542,139419,40,88,56,114,48,101,139350
542,139420,486,254,512,277,499,265,139351
542,139421,281,16,303,38,292,27,139352
542,139422,323,3,340,21,331,12,139353
542,139423,128,0,187,23,157,11,139354
542,139424,52,19,67,52,59,35,139355
542,139425,164,0,178,4,171,2,139356
542,139426,328,245,350,266,339,255,139357
542,139427,217,0,228,7,222,3,139358
542,139428,185,81,209,103,197,92,139359
542,139429,196,56,212,83,204,69,139360
542,139430,313,128,337,152,325,140,139361
542,139431,307,98,334,121,320,109,139362
542,139432,537,0,568,12,552,6,139363
542,139433,541,159,567,185,554,172,139364
542,139434,348,62,376,85,362,73,139365
542,139435,29,244,42,261,35,252,139366
542,139436,40,231,56,253,48,242,139367
542,139437,67,20,81,41,74,30,139368
542,139438,31,275,47,299,39,287,139369
542,139439,582,10,607,22,594,16,139370
542,139440,384,8,399,28,391,18,139371
542,139441,387,271,404,294,395,282,139372
542,139442,559,35,590,62,574,48,139373
542,139443,631,58,639,81,635,69,139374
542,139444,512,7,529,33,520,20,139375
542,139445,319,290,349,310,334,300,139376
542,139446,310,267,338,284,324,275,139377
542,139447,273,344,291,360,282,352,139378
542,139448,291,280,310,293,300,286,139379
542,139449,353,278,383,296,368,287,139380
543,139450,442,0,534,73,488,36,139382
543,139451,539,247,571,274,555,260,139383
543,139452,596,234,621,263,608,248,139384
543,139453,468,183,490,229,479,206,139385
543,139454,597,127,623,165,610,146,139386
543,139455,267,1,346,50,306,25,139387
543,139456,381,121,402,157,391,139,139388
543,139457,528,70,556,95,542,82,139389
543,139458,417,112,441,146,429,129,139390
543,139459,60,164,79,186,69,175,139391
543,139460,543,206,578,231,560,218,139392
543,139461,99,165,116,200,107,182,139393
543,139462,363,21,384,66,373,43,139394
543,139463,424,25,445,54,434,39,139395
543,139464,208,316,231,345,219,330,139396
543,139465,400,284,419,301,409,292,139397
543,139466,300,52,321,85,310,68,139398
543,139467,246,52,267,78,256,65,139399
543,139468,609,0,638,21,623,10,139400
543,139469,280,291,301,311,290,301,139401
543,139470,271,75,291,105,281,90,139402
543,139471,506,26,525,50,515,38,139403
543,139472,574,70,610,96,592,83,139404
543,139473,261,178,281,210,271,194,139405
543,139474,398,12,418,32,408,22,139406
543,139475,609,49,633,75,621,62,139407
543,139476,292,231,314,257,303,244,139408
543,139477,119,89,137,115,128,102,139409
543,139478,406,26,427,51,416,38,139410
543,139479,233,84,256,106,244,95,139411
543,139480,36,120,54,142,45,131,139412
543,139481,72,129,88,156,80,142,139413
543,139482,57,97,79,123,68,110,139414
543,139483,229,50,250,75,239,62,139415
543,139484,200,13,220,33,210,23,139416
543,139485,215,23,237,45,226,34,139417
543,139486,37,158,55,177,46,167,139418
543,139487,40,88,56,114,48,101,139419
543,139488,486,254,512,277,499,265,139420
543,139489,281,16,303,38,292,27,139421
543,139490,323,3,340,21,331,12,139422
543,139491,128,0,187,22,157,11,139423
543,139492,52,19,67,52,59,35,139424
543,139493,164,0,178,4,171,2,139425
543,139494,328,245,350,266,339,255,139426
543,139495,217,0,228,7,222,3,139427
543,139496,185,81,209,103,197,92,139428
543,139497,195,56,212,83,203,69,139429
543,139498,313,128,337,152,325,140,139430
543,139499,307,98,334,121,320,109,139431
543,139500,537,0,568,12,552,6,139432
543,139501,541,160,566,185,553,172,139433
543,139502,348,62,376,85,362,73,139434
543,139503,29,244,42,261,35,252,139435
543,139504,40,232,56,253,48,242,139436
543,139505,67,20,81,41,74,30,139437
543,139506,31,275,47,299,39,287,139438
543,139507,582,10,607,22,594,16,139439
543,139508,384,8,399,28,391,18,139440
543,139509,387,271,404,294,395,282,139441
543,139510,559,36,590,62,574,49,139442
543,139511,631,57,639,80,635,68,139443
543,139512,512,6,529,33,520,19,139444
543,139513,318,290,349,309,333,299,139445
543,139514,310,267,338,284,324,275,139446
543,139515,275,346,294,360,284,353,139447
543,139516,291,281,309,295,300,288,139448
543,139517,352,278,383,296,367,287,139449
544,139518,442,0,534,73,488,36,139450
544,139519,539,247,571,274,555,260,139451
544,139520,596,234,621,263,608,248,139452
544,139521,468,183,490,229,479,206,139453
544,139522,597,127,623,165,610,146,139454
544,139523,266,1,346,50,306,25,139455
544,139524,381,121,402,157,391,139,139456
544,139525,528,70,556,95,542,82,139457
544,139526,417,112,441,146,429,129,139458
544,139527,60,164,79,186,69,175,139459
544,139528,543,206,578,231,560,218,139460
544,139529,99,165,116,200,107,182,139461
544,139530,363,21,384,66,373,43,139462
544,139531,424,25,445,54,434,39,139463
544,139532,208,316,231,345,219,330,139464
544,139533,400,284,419,302,409,293,139465
544,139534,300,52,321,85,310,68,139466
544,139535,246,52,267,78,256,65,139467
544,139536,609,0,638,21,623,10,139468
544,139537,280,292,302,311,291,301,139469
544,139538,271,75,291,105,281,90,139470
544,139539,506,26,525,50,515,38,139471
544,139540,574,70,610,96,592,83,139472
544,139541,261,178,281,210,271,194,139473
544,139542,398,12,418,32,408,22,139474
544,139543,609,49,633,75,621,62,139475
544,139544,292,230,314,257,303,243,139476
544,139545,119,90,137,115,128,102,139477
544,139546,406,26,427,51,416,38,139478
544,139547,233,84,256,106,244,95,139479
544,139548,36,120,54,142,45,131,139480
544,139549,72,129,88,156,80,142,139481
544,139550,57,97,79,123,68,110,139482
544,139551,229,50,250,75,239,62,139483
544,139552,200,13,221,34,210,23,139484
544,139553,215,23,237,45,226,34,139485
544,139554,37,158,55,177,46,167,139486
544,139555,40,88,56,114,48,101,139487
544,139556,486,254,512,277,499,265,139488
544,139557,281,16,303,38,292,27,139489
544,139558,323,3,340,21,331,12,139490
544,139559,129,0,187,22,158,11,139491
544,139560,52,19,67,52,59,35,139492
544,139561,164,0,178,4,171,2,139493
544,139562,328,245,350,266,339,255,139494
544,139563,217,0,228,7,222,3,139495
544,139564,185,81,209,103,197,92,139496
544,139565,195,56,212,83,203,69,139497
544,139566,313,128,337,152,325,140,139498
544,139567,307,98,334,121,320,109,139499
544,139568,537,0,568,12,552,6,139500
544,139569,541,160,566,185,553,172,139501
544,139570,348,62,376,85,362,73,139502
544,139571,29,244,43,262,36,253,139503
544,139572,40,232,56,253,48,242,139504
544,139573,67,20,81,41,74,30,139505
544,139574,31,275,47,299,39,287,139506
544,139575,581,10,607,22,594,16,139507
544,139576,384,8,399,28,391,18,139508
544,139577,387,271,404,295,395,283,139509
544,139578,558,36,590,62,574,49,139510
544,139579,631,57,639,80,635,68,139511
544,139580,511,6,529,33,520,19,139512
544,139581,318,290,349,309,333,299,139513
544,139582,309,267,338,284,323,275,139514
544,139583,277,349,296,360,286,354,139515
544,139584,291,281,309,296,300,288,139516
544,139585,352,278,383,295,367,286,139517
544,139586,201,275,221,294,211,284,
544,139587,553,318,586,330,569,324,
545,139588,442,0,534,73,488,36,139518
545,139589,539,247,571,274,555,260,139519
545,139590,596,234,621,263,608,248,139520
545,139591,468,183,490,229,479,206,139521
545,139592,597,127,623,165,610,146,139522
545,139593,267,1,346,50,306,25,139523
545,139594,381,121,402,157,391,139,139524
545,139595,528,71,556,95,542,83,139525
545,139596,417,112,441,145,429,128,139526
545,139597,60,164,79,186,69,175,139527
545,139598,543,206,578,231,560,218,139528
545,139599,99,165,116,200,107,182,139529
545,139600,363,21,384,66,373,43,139530
545,139601,424,25,445,54,434,39,139531
545,139602,208,316,231,345,219,330,139532
545,139603,400,284,420,302,410,293,139533
545,139604,300,52,321,85,310,68,139534
545,139605,246,52,267,78,256,65,139535
545,139606,609,0,638,21,623,10,139536
545,139607,280,292,302,311,291,301,139537
545,139608,271,75,291,105,281,90,139538
545,139609,506,26,525,50,515,38,139539
545,139610,574,70,610,96,592,83,139540
545,139611,261,178,281,210,271,194,139541
545,139612,398,12,418,32,408,22,139542
545,139613,609,49,633,75,621,62,139543
545,139614,292,230,314,257,303,243,139544
545,139615,119,90,137,115,128,102,139545
545,139616,407,26,427,51,417,38,139546
545,139617,233,84,256,106,244,95,139547
545,139618,36,120,54,142,45,131,139548
545,139619,72,129,88,156,80,142,139549
545,139620,57,97,79,123,68,110,139550
545,139621,229,50,250,75,239,62,139551
545,139622,200,13,221,34,210,23,139552
545,139623,215,23,237,45,226,34,139553
545,139624,37,158,55,177,46,167,139554
545,139625,40,88,56,114,48,101,139555
545,139626,486,254,512,277,499,265,139556
545,139627,281,16,303,38,292,27,139557
545,139628,323,3,340,21,331,12,139558
545,139629,129,0,187,22,158,11,139559
545,139630,52,19,67,52,59,35,139560
545,139631,164,0,178,4,171,2,139561
545,139632,328,245,350,266,339,255,139562
545,139633,217,0,228,7,222,3,139563
545,139634,185,81,209,103,197,92,139564
545,139635,195,56,212,83,203,69,139565
545,139636,313,128,337,152,325,140,139566
545,139637,307,98,334,121,320,109,139567
545,139638,537,0,568,12,552,6,139568
545,139639,541,160,566,185,553,172,139569
545,139640,348,62,376,85,362,73,139570
545,139641,29,244,43,262,36,253,139571
545,139642,40,232,56,253,48,242,139572
545,139643,67,20,81,41,74,30,139573
545,139644,31,275,47,299,39,287,139574
545,139645,581,10,607,22,594,16,139575
545,139646,384,8,399,28,391,18,139576
545,139647,387,271,404,295,395,283,139577
545,139648,558,36,590,62,574,49,139578
545,139649,631,57,639,80,635,68,139579
545,139650,511,6,529,33,520,19,139580
545,139651,318,290,349,309,333,299,139581
545,139652,308,267,338,284,323,275,139582
545,139653,278,349,296,359,287,354,139583
545,139654,291,281,310,297,300,289,139584
545,139655,351,278,383,295,367,286,139585
545,139656,201,275,221,294,211,284,139586
545,139657,553,318,586,331,569,324,139587
546,139658,442,0,534,73,488,36,139588
546,139659,539,247,571,274,555,260,139589
546,139660,596,234,621,263,608,248,139590
546,139661,468,183,490,229,479,206,139591
546,139662,597,127,623,165,610,146,139592
546,139663,267,1,346,50,306,25,139593
546,139664,381,121,402,157,391,139,139594
546,139665,528,71,556,95,542,83,139595
546,139666,417,112,441,146,429,129,139596
546,139667,60,164,79,186,69,175,139597
546,139668,543,206,578,231,560,218,139598
546,139669,99,165,116,200,107,182,139599
546,139670,363,21,384,66,373,43,139600
546,139671,423,25,445,54,434,39,139601
546,139672,208,316,231,345,219,330,139602
546,139673,400,284,421,302,410,293,139603
546,139674,300,52,321,85,310,68,139604
546,139675,246,52,267,78,256,65,139605
546,139676,609,0,638,21,623,10,139606
546,139677,280,292,301,311,290,301,139607
546,139678,271,75,291,105,281,90,139608
546,139679,506,26,525,50,515,38,139609
546,139680,574,69,610,96,592,82,139610
546,139681,261,178,281,210,271,194,139611
546,139682,397,12,418,32,407,22,139612
546,139683,609,49,633,75,621,62,139613
546,139684,292,230,314,257,303,243,139614
546,139685,119,90,137,115,128,102,139615
546,139686,407,26,426,51,416,38,139616
546,139687,233,84,256,106,244,95,139617
546,139688,36,120,54,142,45,131,139618
546,139689,72,129,88,156,80,142,139619
546,139690,57,97,79,123,68,110,139620
546,139691,229,50,250,75,239,62,139621
546,139692,200,13,221,34,210,23,139622
546,139693,215,23,237,45,226,34,139623
546,139694,37,158,55,177,46,167,139624
546,139695,40,88,56,114,48,101,139625
546,139696,485,254,512,277,498,265,139626
546,139697,281,16,303,39,292,27,139627
546,139698,323,3,340,21,331,12,139628
546,139699,129,0,187,22,158,11,139629
546,139700,52,19,67,52,59,35,139630
546,139701,164,0,178,4,171,2,139631
546,139702,328,245,350,266,339,255,139632
546,139703,217,0,228,7,222,3,139633
546,139704,185,81,209,103,197,92,139634
546,139705,196,56,212,83,204,69,139635
546,139706,313,128,337,152,325,140,139636
546,139707,307,98,334,121,320,109,139637
546,139708,537,0,568,12,552,6,139638
546,139709,541,160,566,185,553,172,139639
546,139710,348,62,376,85,362,73,139640
546,139711,29,244,43,262,36,253,139641
546,139712,40,232,56,253,48,242,139642
546,139713,67,20,81,41,74,30,139643
546,139714,31,275,47,299,39,287,139644
546,139715,581,10,607,22,594,16,139645
546,139716,384,8,399,28,391,18,139646
546,139717,387,271,404,295,395,283,139647
546,139718,557,37,590,61,573,49,139648
546,139719,631,57,639,80,635,68,139649
546,139720,511,6,529,33,520,19,139650
546,139721,317,290,349,308,333,299,139651
546,139722,307,267,338,284,322,275,139652
546,139723,279,351,297,359,288,355,139653
546,139724,292,281,310,297,301,289,139654
546,139725,201,276,221,294,211,285,139656
546,139726,552,318,586,331,569,324,139657
547,139727,442,0,534,73,488,36,139658
547,139728,539,247,571,274,555,260,139659
547,139729,596,234,621,263,608,248,139660
547,139730,468,183,490,229,479,206,139661
547,139731,597,127,623,165,610,146,139662
547,139732,267,1,346,50,306,25,139663
547,139733,381,121,402,157,391,139,139664
547,139734,528,71,556,95,542,83,139665
547,139735,417,112,441,146,429,129,139666
547,139736,60,164,79,186,69,175,139667
547,139737,543,206,578,231,560,218,139668
547,139738,99,165,116,200,107,182,139669
547,139739,363,21,384,66,373,43,139670
547,139740,423,25,445,54,434,39,139671
547,139741,208,316,231,345,219,330,139672
547,139742,401,285,422,302,411,293,139673
547,139743,300,52,321,85,310,68,139674
547,139744,246,52,267,78,256,65,139675
547,139745,609,0,638,21,623,10,139676
547,139746,280,292,301,311,290,301,139677
547,139747,271,75,291,105,281,90,139678
547,139748,506,26,524,50,515,38,139679
547,139749,574,69,610,96,592,82,139680
547,139750,261,178,281,210,271,194,139681
547,139751,397,11,418,32,407,21,139682
547,139752,609,49,633,75,621,62,139683
547,139753,292,230,314,257,303,243,139684
547,139754,119,90,137,115,128,102,139685
547,139755,407,26,426,51,416,38,139686
547,139756,233,84,256,106,244,95,139687
547,139757,36,120,54,142,45,131,139688
547,139758,72,129,88,156,80,142,139689
547,139759,57,97,79,123,68,110,139690
547,139760,229,50,250,75,239,62,139691
547,139761,200,13,221,34,210,23,139692
547,139762,215,23,237,45,226,34,139693
547,139763,37,158,55,177,46,167,139694
547,139764,40,88,56,114,48,101,139695
547,139765,485,254,512,277,498,265,139696
547,139766,281,16,303,39,292,27,139697
547,139767,323,3,340,21,331,12,139698
547,139768,129,0,187,22,158,11,139699
547,139769,52,19,67,52,59,35,139700
547,139770,164,0,178,4,171,2,139701
547,139771,328,245,350,266,339,255,139702
547,139772,217,0,228,7,222,3,139703
547,139773,185,81,209,103,197,92,139704
547,139774,195,56,212,83,203,69,139705
547,139775,313,128,337,152,325,140,139706
547,139776,307,98,334,121,320,109,139707
547,139777,537,0,568,12,552,6,139708
547,139778,541,159,566,185,553,172,139709
547,139779,348,62,376,85,362,73,139710
547,139780,29,244,43,262,36,253,139711
547,139781,40,232,56,253,48,242,139712
547,139782,66,20,81,41,73,30,139713
547,139783,31,276,47,299,39,287,139714
547,139784,581,10,607,22,594,16,139715
547,139785,384,8,399,28,391,18,139716
547,139786,387,271,404,295,395,283,139717
547,139787,555,38,589,61,572,49,139718
547,139788,631,57,639,79,635,68,139719
547,139789,511,6,529,33,520,19,139720
547,139790,315,289,348,307,331,298,139721
547,139791,307,267,338,284,322,275,139722
547,139792,293,279,311,298,302,288,139724
547,139793,551,318,585,331,568,324,139726
547,139794,351,277,381,295,366,286,
548,139795,442,0,534,73,488,36,139727
548,139796,539,247,571,273,555,260,139728
548,139797,596,234,621,263,608,248,139729
548,139798,468,183,490,229,479,206,139730
548,139799,597,127,623,165,610,146,139731
548,139800,267,1,346,50,306,25,139732
548,139801,381,121,402,157,391,139,139733
548,139802,528,71,556,95,542,83,139734
548,139803,417,112,441,146,429,129,139735
548,139804,60,164,79,186,69,175,139736
548,139805,543,206,578,231,560,218,139737
548,139806,99,165,116,200,107,182,139738
548,139807,363,21,384,66,373,43,139739
548,139808,423,25,445,54,434,39,139740
548,139809,208,316,231,345,219,330,139741
548,139810,401,285,423,302,412,293,139742
548,139811,300,52,321,85,310,68,139743
548,139812,246,52,267,78,256,65,139744
548,139813,609,0,638,21,623,10,139745
548,139814,280,292,301,311,290,301,139746
548,139815,271,75,291,105,281,90,139747
548,139816,506,26,524,49,515,37,139748
548,139817,574,69,610,96,592,82,139749
548,139818,261,178,281,210,271,194,139750
548,139819,397,11,418,32,407,21,139751
548,139820,609,49,633,75,621,62,139752
548,139821,292,230,314,257,303,243,139753
548,139822,119,90,137,115,128,102,139754
548,139823,407,26,426,51,416,38,139755
548,139824,233,84,256,106,244,95,139756
548,139825,36,120,54,142,45,131,139757
548,139826,72,129,88,156,80,142,139758
548,139827,57,97,79,123,68,110,139759
548,139828,229,50,250,75,239,62,139760
548,139829,200,13,221,34,210,23,139761
548,139830,215,23,237,45,226,34,139762
548,139831,37,158,55,177,46,167,139763
548,139832,40,88,56,114,48,101,139764
548,139833,485,254,512,277,498,265,139765
548,139834,281,17,303,40,292,28,139766
548,139835,323,3,340,21,331,12,139767
548,139836,129,0,187,22,158,11,139768
548,139837,52,19,67,52,59,35,139769
548,139838,164,0,178,4,171,2,139770
548,139839,328,245,350,266,339,255,139771
548,139840,217,0,228,7,222,3,139772
548,139841,185,81,209,103,197,92,139773
548,139842,195,56,212,83,203,69,139774
548,139843,313,128,337,152,325,140,139775
548,139844,307,98,334,121,320,109,139776
548,139845,537,0,568,12,552,6,139777
548,139846,541,159,566,185,553,172,139778
548,139847,348,62,376,85,362,73,139779
548,139848,29,245,43,262,36,253,139780
548,139849,40,232,56,253,48,242,139781
548,139850,66,20,81,41,73,30,139782
548,139851,31,276,47,299,39,287,139783
548,139852,581,10,607,22,594,16,139784
548,139853,384,8,399,28,391,18,139785
548,139854,387,271,405,295,396,283,139786
548,139855,553,38,588,62,570,50,139787
548,139856,631,57,639,79,635,68,139788
548,139857,511,6,529,33,520,19,139789
548,139858,306,267,337,284,321,275,139791
548,139859,292,279,311,298,301,288,139792
548,139860,551,317,584,331,567,324,139793
549,139861,442,0,534,73,488,36,139795
549,139862,539,247,571,273,555,260,139796
549,139863,596,234,621,263,608,248,139797
549,139864,468,183,490,229,479,206,139798
549,139865,597,127,623,165,610,146,139799
549,139866,267,1,346,50,306,25,139800
549,139867,381,121,402,157,391,139,139801
549,139868,528,71,557,95,542,83,139802
549,139869,417,112,441,146,429,129,139803
549,139870,60,164,79,186,69,175,139804
549,139871,543,206,578,231,560,218,139805
549,139872,99,165,116,200,107,182,139806
549,139873,363,21,384,66,373,43,139807
549,139874,424,25,445,54,434,39,139808
549,139875,208,316,231,345,219,330,139809
549,139876,401,286,423,303,412,294,139810
549,139877,300,52,322,85,311,68,139811
549,139878,246,52,267,78,256,65,139812
549,139879,609,0,638,21,623,10,139813
549,139880,280,292,301,311,290,301,139814
549,139881,271,75,291,105,281,90,139815
549,139882,506,26,524,49,515,37,139816
549,139883,574,69,610,96,592,82,139817
549,139884,261,178,281,210,271,194,139818
549,139885,397,11,418,32,407,21,139819
549,139886,609,49,633,75,621,62,139820
549,139887,292,230,314,257,303,243,139821
549,139888,119,90,137,115,128,102,139822
549,139889,407,26,427,51,417,38,139823
549,139890,233,84,256,106,244,95,139824
549,139891,36,120,54,142,45,131,139825
549,139892,72,129,88,156,80,142,139826
549,139893,57,97,79,123,68,110,139827
549,139894,229,50,250,74,239,62,139828
549,139895,200,13,221,34,210,23,139829
549,139896,215,23,237,45,226,34,139830
549,139897,37,158,55,177,46,167,139831
549,139898,40,88,56,114,48,101,139832
549,139899,485,254,512,277,498,265,139833
549,139900,281,17,303,40,292,28,139834
549,139901,323,3,340,21,331,12,139835
549,139902,128,0,187,22,157,11,139836
549,139903,52,19,67,52,59,35,139837
549,139904,164,0,178,4,171,2,139838
549,139905,328,245,350,266,339,255,139839
549,139906,217,0,228,7,222,3,139840
549,139907,185,81,209,103,197,92,139841
549,139908,195,56,212,83,203,69,139842
549,139909,313,128,337,152,325,140,139843
549,139910,307,98,334,121,320,109,139844
549,139911,537,0,568,12,552,6,139845
549,139912,541,159,566,185,553,172,139846
549,139913,348,62,376,85,362,73,139847
549,139914,29,245,43,262,36,253,139848
549,139915,40,232,56,252,48,242,139849
549,139916,66,20,81,41,73,30,139850
549,139917,31,275,47,299,39,287,139851
549,139918,581,10,607,22,594,16,139852
549,139919,384,8,399,28,391,18,139853
549,139920,387,271,405,295,396,283,139854
549,139921,551,39,586,62,568,50,139855
549,139922,631,57,639,79,635,68,139856
549,139923,511,5,529,33,520,19,139857
549,139924,307,266,337,284,322,275,139858
549,139925,292,280,311,299,301,289,139859
549,139926,551,317,583,331,567,324,139860
549,139927,312,288,345,304,328,296,
550,139928,442,0,534,73,488,36,139861
550,139929,539,247,571,273,555,260,139862
550,139930,596,234,621,262,608,248,139863
550,139931,468,183,490,229,479,206,139864
550,139932,597,127,623,165,610,146,139865
550,139933,267,1,346,50,306,25,139866
550,139934,381,121,402,157,391,139,139867
550,139935,528,71,557,96,542,83,139868
550,139936,417,112,441,145,429,128,139869
550,139937,60,164,79,186,69,175,139870
550,139938,543,206,578,231,560,218,139871
550,139939,99,165,116,200,107,182,139872
550,139940,363,21,384,66,373,43,139873
550,139941,424,25,445,54,434,39,139874
550,139942,208,316,231,345,219,330,139875
550,139943,402,286,424,303,413,294,139876
550,139944,300,52,322,85,311,68,139877
550,139945,246,52,267,78,256,65,139878
550,139946,609,0,638,21,623,10,139879
550,139947,280,292,301,311,290,301,139880
550,139948,271,75,291,105,281,90,139881
550,139949,506,25,524,49,515,37,139882
550,139950,574,69,610,96,592,82,139883
550,139951,261,178,281,210,271,194,139884
550,139952,397,11,418,32,407,21,139885
550,139953,609,49,633,75,621,62,139886
550,139954,292,230,314,257,303,243,139887
550,139955,119,90,137,115,128,102,139888
550,139956,407,26,427,51,417,38,139889
550,139957,233,84,256,106,244,95,139890
550,139958,36,120,54,142,45,131,139891
550,139959,72,129,88,156,80,142,139892
550,139960,57,97,79,123,68,110,139893
550,139961,229,50,250,74,239,62,139894
550,139962,200,13,221,34,210,23,139895
550,139963,215,23,237,45,226,34,139896
550,139964,37,158,55,177,46,167,139897
550,139965,40,88,56,114,48,101,139898
550,139966,486,254,512,277,499,265,139899
550,139967,281,17,303,40,292,28,139900
550,139968,323,3,340,21,331,12,139901
550,139969,129,0,187,22,158,11,139902
550,139970,52,19,67,52,59,35,139903
550,139971,164,0,178,4,171,2,139904
550,139972,328,244,350,265,339,254,139905
550,139973,217,0,228,7,222,3,139906
550,139974,185,82,209,103,197,92,139907
550,139975,196,56,212,83,204,69,139908
550,139976,313,128,337,152,325,140,139909
550,139977,307,98,334,121,320,109,139910
550,139978,537,0,568,12,552,6,139911
550,139979,541,160,566,185,553,172,139912
550,139980,348,62,376,85,362,73,139913
550,139981,29,245,43,262,36,253,139914
550,139982,40,232,57,252,48,242,139915
550,139983,66,20,81,41,73,30,139916
550,139984,31,276,47,299,39,287,139917
550,139985,581,10,607,22,594,16,139918
550,139986,384,8,399,28,391,18,139919
550,139987,387,271,405,295,396,283,139920
550,139988,549,39,584,63,566,51,139921
550,139989,631,57,639,79,635,68,139922
550,139990,509,5,529,32,519,18,139923
550,139991,307,266,337,284,322,275,139924
550,139992,292,279,311,299,301,289,139925
550,139993,551,315,582,331,566,323,139926
550,139994,310,287,344,304,327,295,139927
550,139995,201,276,221,294,211,285,
551,139996,442,0,534,73,488,36,139928
551,139997,539,247,571,273,555,260,139929
551,139998,596,234,621,262,608,248,139930
551,139999,468,183,490,229,479,206,139931
551,140000,597,127,623,165,610,146,139932
551,140001,267,1,346,50,306,25,139933
551,140002,381,121,403,156,392,138,139934
551,140003,528,71,557,96,542,83,139935
551,140004,417,112,441,145,429,128,139936
551,140005,60,164,79,186,69,175,139937
551,140006,543,206,578,231,560,218,139938
551,140007,99,165,116,200,107,182,139939
551,140008,363,21,384,66,373,43,139940
551,140009,424,25,445,54,434,39,139941
551,140010,208,316,231,345,219,330,139942
551,140011,402,286,424,303,413,294,139943
551,140012,300,52,322,85,311,68,139944
551,140013,246,52,267,78,256,65,139945
551,140014,609,0,638,21,623,10,139946
551,140015,280,292,301,311,290,301,139947
551,140016,271,75,291,105,281,90,139948
551,140017,506,25,524,48,515,36,139949
551,140018,574,69,610,96,592,82,139950
551,140019,261,178,281,210,271,194,139951
551,140020,397,11,418,32,407,21,139952
551,140021,609,49,633,75,621,62,139953
551,140022,292,230,314,257,303,243,139954
551,140023,119,90,137,115,128,102,139955
551,140024,407,26,427,51,417,38,139956
551,140025,233,84,256,106,244,95,139957
551,140026,36,120,54,142,45,131,139958
551,140027,72,129,88,156,80,142,139959
551,140028,57,97,79,123,68,110,139960
551,140029,229,50,250,74,239,62,139961
551,140030,200,13,221,34,210,23,139962
551,140031,215,23,237,45,226,34,139963
551,140032,37,158,55,177,46,167,139964
551,140033,40,88,56,114,48,101,139965
551,140034,486,254,512,277,499,265,139966
551,140035,281,17,303,40,292,28,139967
551,140036,323,3,340,21,331,12,139968
551,140037,129,0,187,22,158,11,139969
551,140038,52,19,67,52,59,35,139970
551,140039,164,0,178,4,171,2,139971
551,140040,328,244,350,265,339,254,139972
551,140041,217,0,228,7,222,3,139973
551,140042,185,81,209,103,197,92,139974
551,140043,196,56,212,83,204,69,139975
551,140044,313,128,337,152,325,140,139976
551,140045,307,98,334,121,320,109,139977
551,140046,537,0,568,12,552,6,139978
551,140047,541,160,566,185,553,172,139979
551,140048,348,62,376,85,362,73,139980
551,140049,29,245,43,262,36,253,139981
551,140050,40,232,57,252,48,242,139982
551,140051,66,20,81,41,73,30,139983
551,140052,31,276,47,299,39,287,139984
551,140053,581,10,607,22,594,16,139985
551,140054,384,8,399,28,391,18,139986
551,140055,387,271,405,295,396,283,139987
551,140056,548,40,584,63,566,51,139988
551,140057,631,57,639,79,635,68,139989
551,140058,509,5,529,32,519,18,139990
551,140059,307,266,336,284,321,275,139991
551,140060,293,279,311,300,302,289,139992
551,140061,551,314,581,331,566,322,139993
551,140062,309,286,343,303,326,294,139994
551,140063,201,276,221,294,211,285,139995
552,140064,442,0,534,73,488,36,139996
552,140065,539,247,571,273,555,260,139997
552,140066,596,234,621,262,608,248,139998
552,140067,468,183,490,229,479,206,139999
552,140068,597,127,623,165,610,146,140000
552,140069,267,1,346,50,306,25,140001
552,140070,381,121,402,156,391,138,140002
552,140071,528,71,557,96,542,83,140003
552,140072,417,112,441,145,429,128,140004
552,140073,60,164,79,186,69,175,140005
552,140074,543,206,578,231,560,218,140006
552,140075,99,165,116,200,107,182,140007
552,140076,363,21,384,66,373,43,140008
552,140077,423,25,445,54,434,39,140009
552,140078,208,316,231,345,219,330,140010
552,140079,402,286,424,303,413,294,140011
552,140080,300,52,322,85,311,68,140012
552,140081,246,52,267,78,256,65,140013
552,140082,609,0,638,21,623,10,140014
552,140083,280,292,301,311,290,301,140015
552,140084,271,75,291,105,281,90,140016
552,140085,506,25,524,48,515,36,140017
552,140086,574,69,610,96,592,82,140018
552,140087,261,178,281,210,271,194,140019
552,140088,397,11,418,32,407,21,140020
552,140089,609,49,633,75,621,62,140021
552,140090,292,230,314,257,303,243,140022
552,140091,119,90,137,115,128,102,140023
552,140092,407,26,427,51,417,38,140024
552,140093,233,84,256,106,244,95,140025
552,140094,36,120,54,142,45,131,140026
552,140095,72,129,88,156,80,142,140027
552,140096,57,97,79,123,68,110,140028
552,140097,229,50,250,74,239,62,140029
552,140098,200,13,221,34,210,23,140030
552,140099,215,23,237,45,226,34,140031
552,140100,37,158,55,177,46,167,140032
552,140101,40,88,56,114,48,101,140033
552,140102,486,254,512,277,499,265,140034
552,140103,281,17,303,40,292,28,140035
552,140104,323,3,340,21,331,12,140036
552,140105,129,0,187,22,158,11,140037
552,140106,52,19,67,52,59,35,140038
552,140107,164,0,178,4,171,2,140039
552,140108,328,244,350,265,339,254,140040
552,140109,217,0,228,7,222,3,140041
552,140110,185,81,209,103,197,92,140042
552,140111,196,56,212,83,204,69,140043
552,140112,313,128,337,152,325,140,140044
552,140113,307,98,334,121,320,109,140045
552,140114,537,0,568,12,552,6,140046
552,140115,541,160,566,185,553,172,140047
552,140116,348,62,376,85,362,73,140048
552,140117,29,244,43,262,36,253,140049
552,140118,40,232,57,252,48,242,140050
552,140119,66,20,81,41,73,30,140051
552,140120,31,276,47,299,39,287,140052
552,140121,581,10,607,22,594,16,140053
552,140122,384,8,399,28,391,18,140054
552,140123,387,271,405,295,396,283,140055
552,140124,545,40,583,63,564,51,140056
552,140125,631,56,639,79,635,67,140057
552,140126,508,4,529,32,518,18,140058
552,140127,307,265,336,284,321,274,140059
552,140128,292,280,310,300,301,290,140060
552,140129,550,313,580,331,565,322,140061
552,140130,309,285,342,303,325,294,140062
552,140131,201,276,221,294,211,285,140063
552,140132,338,271,371,290,354,280,
553,140133,442,0,534,73,488,36,140064
553,140134,539,247,571,273,555,260,140065
553,140135,596,234,621,262,608,248,140066
553,140136,468,183,490,229,479,206,140067
553,140137,597,127,623,165,610,146,140068
553,140138,267,1,346,50,306,25,140069
553,140139,381,121,402,156,391,138,140070
553,140140,528,71,557,96,542,83,140071
553,140141,417,112,441,145,429,128,140072
553,140142,60,164,79,186,69,175,140073
553,140143,543,206,578,231,560,218,140074
553,140144,99,165,116,200,107,182,140075
553,140145,363,21,384,66,373,43,140076
553,140146,424,25,445,54,434,39,140077
553,140147,208,316,231,345,219,330,140078
553,140148,402,286,424,303,413,294,140079
553,140149,300,52,322,85,311,68,140080
553,140150,246,52,267,78,256,65,140081
553,140151,609,0,638,21,623,10,140082
553,140152,280,292,301,311,290,301,140083
553,140153,271,75,291,105,281,90,140084
553,140154,506,25,524,48,515,36,140085
553,140155,574,69,610,96,592,82,140086
553,140156,261,178,281,210,271,194,140087
553,140157,397,11,418,32,407,21,140088
553,140158,609,49,633,75,621,62,140089
553,140159,292,230,314,257,303,243,140090
553,140160,119,90,137,115,128,102,140091
553,140161,407,26,427,51,417,38,140092
553,140162,233,84,256,106,244,95,140093
553,140163,36,120,54,142,45,131,140094
553,140164,72,129,88,156,80,142,140095
553,140165,57,97,79,123,68,110,140096
553,140166,229,50,250,74,239,62,140097
553,140167,200,13,221,33,210,23,140098
553,140168,215,23,237,45,226,34,140099
553,140169,37,158,55,177,46,167,140100
553,140170,40,88,56,114,48,101,140101
553,140171,486,254,512,277,499,265,140102
553,140172,281,17,303,40,292,28,140103
553,140173,322,3,340,21,331,12,140104
553,140174,129,0,187,22,158,11,140105
553,140175,52,19,67,52,59,35,140106
553,140176,164,0,178,4,171,2,140107
553,140177,328,244,350,265,339,254,140108
553,140178,217,0,228,7,222,3,140109
553,140179,185,81,209,103,197,92,140110
553,140180,196,56,212,83,204,69,140111
553,140181,313,128,337,152,325,140,140112
553,140182,307,98,334,121,320,109,140113
553,140183,537,0,568,12,552,6,140114
553,140184,541,160,566,185,553,172,140115
553,140185,348,62,376,85,362,73,140116
553,140186,29,244,43,262,36,253,140117
553,140187,40,232,57,252,48,242,140118
553,140188,66,20,81,41,73,30,140119
553,140189,31,276,47,299,39,287,140120
553,140190,581,10,607,22,594,16,140121
553,140191,384,8,399,28,391,18,140122
553,140192,386,271,405,295,395,283,140123
553,140193,544,40,581,64,562,52,140124
553,140194,631,56,639,79,635,67,140125
553,140195,509,5,529,32,519,18,140126
553,140196,307,265,336,283,321,274,140127
553,140197,291,281,309,300,300,290,140128
553,140198,548,312,579,331,563,321,140129
553,140199,308,284,340,303,324,293,140130
553,140200,201,276,221,294,211,285,140131
553,140201,337,270,368,289,352,279,140132
554,140202,442,0,534,73,488,36,140133
554,140203,539,247,571,273,555,260,140134
554,140204,596,234,621,262,608,248,140135
554,140205,468,183,490,229,479,206,140136
554,140206,597,127,623,165,610,146,140137
554,140207,267,0,346,50,306,25,140138
554,140208,381,121,402,156,391,138,140139
554,140209,528,71,557,96,542,83,140140
554,140210,417,112,441,145,429,128,140141
554,140211,60,164,79,186,69,175,140142
554,140212,543,206,578,231,560,218,140143
554,140213,99,165,116,200,107,182,140144
554,140214,363,21,384,66,373,43,140145
554,140215,424,25,445,54,434,39,140146
554,140216,208,316,231,345,219,330,140147
554,140217,402,286,424,303,413,294,140148
554,140218,300,52,322,85,311,68,140149
554,140219,246,52,267,78,256,65,140150
554,140220,609,0,638,21,623,10,140151
554,140221,280,292,301,311,290,301,140152
554,140222,271,75,291,105,281,90,140153
554,140223,506,25,524,48,515,36,140154
554,140224,574,69,610,96,592,82,140155
554,140225,261,178,281,210,271,194,140156
554,140226,397,11,418,32,407,21,140157
554,140227,609,49,633,75,621,62,140158
554,140228,292,230,314,257,303,243,140159
554,140229,119,90,137,115,128,102,140160
554,140230,407,26,427,51,417,38,140161
554,140231,233,84,256,106,244,95,140162
554,140232,36,120,54,142,45,131,140163
554,140233,72,129,88,156,80,142,140164
554,140234,57,97,79,123,68,110,140165
554,140235,229,50,250,74,239,62,140166
554,140236,200,13,221,33,210,23,140167
554,140237,215,23,237,45,226,34,140168
554,140238,37,158,55,177,46,167,140169
554,140239,40,88,56,114,48,101,140170
554,140240,486,254,512,277,499,265,140171
554,140241,281,17,303,40,292,28,140172
554,140242,323,3,340,20,331,11,140173
554,140243,129,0,187,22,158,11,140174
554,140244,52,19,67,52,59,35,140175
554,140245,164,0,178,4,171,2,140176
554,140246,328,244,350,265,339,254,140177
554,140247,217,0,228,7,222,3,140178
554,140248,185,82,209,103,197,92,140179
554,140249,196,56,212,83,204,69,140180
554,140250,313,128,337,152,325,140,140181
554,140251,307,98,334,121,320,109,140182
554,140252,537,0,568,12,552,6,140183
554,140253,541,160,566,185,553,172,140184
554,140254,348,62,376,85,362,73,140185
554,140255,29,244,43,262,36,253,140186
554,140256,40,232,57,252,48,242,140187
554,140257,66,20,81,41,73,30,140188
554,140258,31,275,47,299,39,287,140189
554,140259,581,10,607,22,594,16,140190
554,140260,384,8,399,28,391,18,140191
554,140261,387,271,405,295,396,283,140192
554,140262,543,41,580,65,561,53,140193
554,140263,631,56,639,79,635,67,140194
554,140264,510,6,529,32,519,19,140195
554,140265,308,265,336,283,322,274,140196
554,140266,291,281,308,299,299,290,140197
554,140267,548,311,578,331,563,321,140198
554,140268,308,284,338,303,323,293,140199
554,140269,201,276,221,294,211,285,140200
554,140270,336,270,365,288,350,279,140201
555,140271,442,0,534,73,488,36,140202
555,140272,539,247,571,273,555,260,140203
555,140273,596,234,621,262,608,248,140204
555,140274,468,183,490,229,479,206,140205
555,140275,597,127,623,165,610,146,140206
555,140276,266,0,346,50,306,25,140207
555,140277,381,121,403,156,392,138,140208
555,140278,528,71,557,95,542,83,140209
555,140279,417,112,441,145,429,128,140210
555,140280,60,164,79,186,69,175,140211
555,140281,543,206,578,231,560,218,140212
555,140282,99,165,116,200,107,182,140213
555,140283,363,21,384,66,373,43,140214
555,140284,424,24,445,54,434,39,140215
555,140285,208,316,231,345,219,330,140216
555,140286,402,286,424,303,413,294,140217
555,140287,300,52,322,85,311,68,140218
555,140288,246,52,267,78,256,65,140219
555,140289,609,0,638,21,623,10,140220
555,140290,280,292,301,311,290,301,140221
555,140291,271,75,291,105,281,90,140222
555,140292,506,25,524,48,515,36,140223
555,140293,574,69,610,96,592,82,140224
555,140294,261,178,281,210,271,194,140225
555,140295,397,11,418,32,407,21,140226
555,140296,609,49,632,75,620,62,140227
555,140297,292,230,314,257,303,243,140228
555,140298,119,90,137,115,128,102,140229
555,140299,407,26,427,51,417,38,140230
555,140300,233,84,256,106,244,95,140231
555,140301,36,120,54,142,45,131,140232
555,140302,72,129,88,156,80,142,140233
555,140303,57,97,79,123,68,110,140234
555,140304,229,50,250,74,239,62,140235
555,140305,200,13,220,33,210,23,140236
555,140306,215,23,237,45,226,34,140237
555,140307,37,158,55,177,46,167,140238
555,140308,40,88,56,114,48,101,140239
555,140309,486,254,512,277,499,265,140240
555,140310,281,17,303,40,292,28,140241
555,140311,323,2,339,20,331,11,140242
555,140312,129,0,187,22,158,11,140243
555,140313,52,19,67,52,59,35,140244
555,140314,164,0,178,4,171,2,140245
555,140315,328,244,350,265,339,254,140246
555,140316,217,0,228,7,222,3,140247
555,140317,185,82,209,103,197,92,140248
555,140318,196,56,212,83,204,69,140249
555,140319,313,128,337,152,325,140,140250
555,140320,307,98,334,121,320,109,140251
555,140321,538,0,568,12,553,6,140252
555,140322,541,160,566,185,553,172,140253
555,140323,348,62,376,85,362,73,140254
555,140324,29,244,43,263,36,253,140255
555,140325,40,232,57,252,48,242,140256
555,140326,67,20,81,41,74,30,140257
555,140327,31,275,47,299,39,287,140258
555,140328,581,10,607,22,594,16,140259
555,140329,384,8,399,29,391,18,140260
555,140330,387,271,406,295,396,283,140261
555,140331,543,41,578,65,560,53,140262
555,140332,631,56,639,79,635,67,140263
555,140333,511,7,529,32,520,19,140264
555,140334,308,265,336,283,322,274,140265
555,140335,290,281,308,299,299,290,140266
555,140336,547,310,578,330,562,320,140267
555,140337,308,284,337,303,322,293,140268
555,140338,200,276,221,294,210,285,140269
555,140339,335,270,363,287,349,278,140270
556,140340,442,0,534,73,488,36,140271
556,140341,539,247,571,273,555,260,140272
556,140342,596,234,621,262,608,248,140273
556,140343,468,183,490,229,479,206,140274
556,140344,597,127,623,165,610,146,140275
556,140345,266,0,346,50,306,25,140276
556,140346,381,121,403,156,392,138,140277
556,140347,528,71,557,95,542,83,140278
556,140348,417,112,441,145,429,128,140279
556,140349,60,164,79,186,69,175,140280
556,140350,543,206,578,231,560,218,140281
556,140351,99,165,116,200,107,182,140282
556,140352,363,21,384,66,373,43,140283
556,140353,424,24,445,54,434,39,140284
556,140354,208,316,231,345,219,330,140285
556,140355,402,286,424,303,413,294,140286
556,140356,300,52,322,85,311,68,140287
556,140357,246,52,267,78,256,65,140288
556,140358,609,0,638,21,623,10,140289
556,140359,280,292,301,311,290,301,140290
556,140360,271,75,291,105,281,90,140291
556,140361,506,25,524,49,515,37,140292
556,140362,574,69,610,96,592,82,140293
556,140363,261,178,281,210,271,194,140294
556,140364,397,11,418,32,407,21,140295
556,140365,609,49,632,75,620,62,140296
556,140366,292,230,313,257,302,243,140297
556,140367,119,90,137,115,128,102,140298
556,140368,407,26,427,51,417,38,140299
556,140369,233,84,256,106,244,95,140300
556,140370,36,120,54,142,45,131,140301
556,140371,72,129,88,156,80,142,140302
556,140372,57,97,79,123,68,110,140303
556,140373,229,50,250,74,239,62,140304
556,140374,200,13,221,34,210,23,140305
556,140375,215,23,237,45,226,34,140306
556,140376,37,158,55,177,46,167,140307
556,140377,40,88,56,114,48,101,140308
556,140378,486,254,512,277,499,265,140309
556,140379,281,17,304,40,292,28,140310
556,140380,322,1,339,20,330,10,140311
556,140381,129,0,187,22,158,11,140312
556,140382,52,19,67,52,59,35,140313
556,140383,164,0,178,4,171,2,140314
556,140384,328,244,350,265,339,254,140315
556,140385,217,0,228,7,222,3,140316
556,140386,185,82,209,103,197,92,140317
556,140387,196,56,212,83,204,69,140318
556,140388,313,128,337,153,325,140,140319
556,140389,307,98,334,121,320,109,140320
556,140390,538,0,569,12,553,6,140321
556,140391,541,159,566,185,553,172,140322
556,140392,348,62,376,85,362,73,140323
556,140393,29,244,43,263,36,253,140324
556,140394,41,232,58,252,49,242,140325
556,140395,67,20,81,41,74,30,140326
556,140396,31,275,47,299,39,287,140327
556,140397,581,10,606,22,593,16,140328
556,140398,384,8,399,29,391,18,140329
556,140399,387,271,406,295,396,283,140330
556,140400,543,41,578,64,560,52,140331
556,140401,631,56,639,79,635,67,140332
556,140402,511,7,529,32,520,19,140333
556,140403,290,281,308,299,299,290,140335
556,140404,547,309,577,330,562,319,140336
556,140405,308,272,337,304,322,288,140337
556,140406,200,276,221,294,210,285,140338
556,140407,334,271,361,288,347,279,140339
557,140408,442,0,534,73,488,36,140340
557,140409,539,247,571,273,555,260,140341
557,140410,596,234,621,262,608,248,140342
557,140411,468,183,490,229,479,206,140343
557,140412,597,127,623,165,610,146,140344
557,140413,266,0,346,50,306,25,140345
557,140414,381,121,403,156,392,138,140346
557,140415,528,71,557,95,542,83,140347
557,140416,417,112,441,145,429,128,140348
557,140417,60,164,79,186,69,175,140349
557,140418,543,206,578,231,560,218,140350
557,140419,99,165,116,200,107,182,140351
557,140420,363,21,384,66,373,43,140352
557,140421,424,24,445,54,434,39,140353
557,140422,208,316,231,345,219,330,140354
557,140423,402,286,424,303,413,294,140355
557,140424,300,52,322,85,311,68,140356
557,140425,246,52,267,78,256,65,140357
557,140426,609,0,638,21,623,10,140358
557,140427,280,292,301,311,290,301,140359
557,140428,271,75,291,105,281,90,140360
557,140429,506,25,524,49,515,37,140361
557,140430,574,69,610,96,592,82,140362
557,140431,261,178,281,210,271,194,140363
557,140432,397,11,418,32,407,21,140364
557,140433,609,49,632,75,620,62,140365
557,140434,292,230,313,257,302,243,140366
557,140435,119,90,137,115,128,102,140367
557,140436,407,26,427,51,417,38,140368
557,140437,233,84,256,106,244,95,140369
557,140438,36,120,54,142,45,131,140370
557,140439,72,129,88,156,80,142,140371
557,140440,57,97,79,123,68,110,140372
557,140441,229,50,250,74,239,62,140373
557,140442,200,13,221,34,210,23,140374
557,140443,215,23,237,45,226,34,140375
557,140444,37,158,55,177,46,167,140376
557,140445,40,88,56,114,48,101,140377
557,140446,486,254,512,277,499,265,140378
557,140447,281,17,304,40,292,28,140379
557,140448,321,1,339,20,330,10,140380
557,140449,129,0,187,22,158,11,140381
557,140450,52,19,67,52,59,35,140382
557,140451,164,0,178,4,171,2,140383
557,140452,328,244,350,264,339,254,140384
557,140453,217,0,228,7,222,3,140385
557,140454,185,82,209,103,197,92,140386
557,140455,196,56,212,83,204,69,140387
557,140456,313,128,337,153,325,140,140388
557,140457,307,98,334,121,320,109,140389
557,140458,538,0,569,12,553,6,140390
557,140459,541,159,566,185,553,172,140391
557,140460,348,62,376,85,362,73,140392
557,140461,29,244,43,263,36,253,140393
557,140462,41,232,58,252,49,242,140394
557,140463,67,20,81,41,74,30,140395
557,140464,31,275,47,299,39,287,140396
557,140465,582,10,606,22,594,16,140397
557,140466,384,8,399,29,391,18,140398
557,140467,387,271,406,295,396,283,140399
557,140468,543,41,577,64,560,52,140400
557,140469,631,56,639,79,635,67,140401
557,140470,511,7,529,32,520,19,140402
557,140471,290,281,308,299,299,290,140403
557,140472,547,309,577,330,562,319,140404
557,140473,307,268,337,304,322,286,140405
557,140474,200,276,221,294,210,285,140406
557,140475,334,271,360,288,347,279,140407
558,140476,442,0,534,73,488,36,140408
558,140477,539,247,571,273,555,260,140409
558,140478,596,234,621,262,608,248,140410
558,140479,468,183,490,229,479,206,140411
558,140480,597,127,623,165,610,146,140412
558,140481,266,0,346,50,306,25,140413
558,140482,381,121,403,156,392,138,140414
558,140483,528,71,557,95,542,83,140415
558,140484,417,112,441,145,429,128,140416
558,140485,60,164,79,186,69,175,140417
558,140486,543,206,578,231,560,218,140418
558,140487,99,165,116,200,107,182,140419
558,140488,363,21,385,66,374,43,140420
558,140489,424,24,445,54,434,39,140421
558,140490,208,316,231,345,219,330,140422
558,140491,402,286,424,303,413,294,140423
558,140492,300,52,322,85,311,68,140424
558,140493,246,52,267,78,256,65,140425
558,140494,609,0,638,21,623,10,140426
558,140495,280,292,301,311,290,301,140427
558,140496,271,75,291,105,281,90,140428
558,140497,506,26,524,49,515,37,140429
558,140498,574,69,610,96,592,82,140430
558,140499,261,178,281,210,271,194,140431
558,140500,397,11,418,32,407,21,140432
558,140501,609,49,632,75,620,62,140433
558,140502,292,231,313,257,302,244,140434
558,140503,119,90,137,115,128,102,140435
558,140504,407,25,427,51,417,38,140436
558,140505,233,84,256,106,244,95,140437
558,140506,36,120,54,142,45,131,140438
558,140507,72,129,88,156,80,142,140439
558,140508,57,97,79,123,68,110,140440
558,140509,229,50,250,74,239,62,140441
558,140510,200,13,221,34,210,23,140442
558,140511,215,22,237,45,226,33,140443
558,140512,37,158,55,177,46,167,140444
558,140513,40,88,56,114,48,101,140445
558,140514,486,254,512,277,499,265,140446
558,140515,281,17,304,40,292,28,140447
558,140516,321,1,339,19,330,10,140448
558,140517,129,0,187,22,158,11,140449
558,140518,52,19,67,52,59,35,140450
558,140519,164,0,178,4,171,2,140451
558,140520,328,244,349,263,338,253,140452
558,140521,217,0,228,7,222,3,140453
558,140522,185,82,209,103,197,92,140454
558,140523,196,56,212,83,204,69,140455
558,140524,313,128,337,153,325,140,140456
558,140525,307,98,334,121,320,109,140457
558,140526,538,0,569,12,553,6,140458
558,140527,541,159,566,185,553,172,140459
558,140528,348,62,376,85,362,73,140460
558,140529,29,244,43,263,36,253,140461
558,140530,41,232,58,252,49,242,140462
558,140531,67,20,81,41,74,30,140463
558,140532,31,275,47,299,39,287,140464
558,140533,582,10,606,22,594,16,140465
558,140534,384,8,399,29,391,18,140466
558,140535,387,271,406,296,396,283,140467
558,140536,543,41,576,64,559,52,140468
558,140537,631,56,639,79,635,67,140469
558,140538,511,7,529,32,520,19,140470
558,140539,290,279,308,298,299,288,140471
558,140540,547,308,577,330,562,319,140472
558,140541,307,267,337,304,322,285,140473
558,140542,200,276,221,294,210,285,140474
558,140543,334,271,357,288,345,279,140475
559,140544,442,0,534,73,488,36,140476
559,140545,539,247,571,273,555,260,140477
559,140546,596,234,621,262,608,248,140478
559,140547,468,183,490,229,479,206,140479
559,140548,597,127,623,165,610,146,140480
559,140549,266,0,346,50,306,25,140481
559,140550,381,121,403,156,392,138,140482
559,140551,528,71,557,95,542,83,140483
559,140552,417,112,441,145,429,128,140484
559,140553,60,164,79,186,69,175,140485
559,140554,543,206,578,231,560,218,140486
559,140555,99,165,116,200,107,182,140487
559,140556,363,21,385,66,374,43,140488
559,140557,424,24,445,54,434,39,140489
559,140558,208,316,231,345,219,330,140490
559,140559,401,286,424,303,412,294,140491
559,140560,300,52,322,85,311,68,140492
559,140561,246,52,267,78,256,65,140493
559,140562,609,0,638,21,623,10,140494
559,140563,280,291,301,311,290,301,140495
559,140564,271,75,291,105,281,90,140496
559,140565,506,26,524,50,515,38,140497
559,140566,574,69,610,96,592,82,140498
559,140567,261,178,281,210,271,194,140499
559,140568,397,11,418,32,407,21,140500
559,140569,609,49,632,75,620,62,140501
559,140570,292,231,313,257,302,244,140502
559,140571,119,90,137,115,128,102,140503
559,140572,406,25,427,51,416,38,140504
559,140573,233,84,256,106,244,95,140505
559,140574,36,120,54,142,45,131,140506
559,140575,72,129,88,156,80,142,140507
559,140576,57,97,79,123,68,110,140508
559,140577,229,50,250,74,239,62,140509
559,140578,200,13,221,34,210,23,140510
559,140579,215,22,237,45,226,33,140511
559,140580,37,158,55,177,46,167,140512
559,140581,40,88,56,114,48,101,140513
559,140582,486,254,512,277,499,265,140514
559,140583,281,17,304,40,292,28,140515
559,140584,321,1,339,18,330,9,140516
559,140585,129,0,187,22,158,11,140517
559,140586,52,19,67,52,59,35,140518
559,140587,164,0,178,4,171,2,140519
559,140588,327,244,349,262,338,253,140520
559,140589,217,0,228,7,222,3,140521
559,140590,185,82,209,103,197,92,140522
559,140591,196,56,212,83,204,69,140523
559,140592,313,128,337,153,325,140,140524
559,140593,307,98,334,121,320,109,140525
559,140594,538,0,569,12,553,6,140526
559,140595,541,159,567,185,554,172,140527
559,140596,348,62,376,85,362,73,140528
559,140597,29,244,43,263,36,253,140529
559,140598,41,232,58,252,49,242,140530
559,140599,67,20,81,41,74,30,140531
559,140600,31,275,47,299,39,287,140532
559,140601,582,10,606,22,594,16,140533
559,140602,384,8,399,29,391,18,140534
559,140603,387,271,406,296,396,283,140535
559,140604,542,41,575,64,558,52,140536
559,140605,631,56,639,80,635,68,140537
559,140606,511,7,530,32,520,19,140538
559,140607,291,279,308,298,299,288,140539
559,140608,547,308,577,330,562,319,140540
559,140609,307,266,337,304,322,285,140541
559,140610,200,276,221,294,210,285,140542
559,140611,333,270,355,288,344,279,140543
560,140612,442,0,533,73,487,36,140544
560,140613,539,247,571,274,555,260,140545
560,140614,596,234,621,263,608,248,140546
560,140615,468,183,490,228,479,205,140547
560,140616,597,127,623,164,610,145,140548
560,140617,266,0,347,50,306,25,140549
560,140618,381,121,402,156,391,138,140550
560,140619,528,71,557,95,542,83,140551
560,140620,417,112,441,145,429,128,140552
560,140621,60,164,79,186,69,175,140553
560,140622,543,206,578,231,560,218,140554
560,140623,99,165,116,200,107,182,140555
560,140624,363,21,385,66,374,43,140556
560,140625,422,24,445,54,433,39,140557
560,140626,208,316,231,345,219,330,140558
560,140627,402,285,424,303,413,294,140559
560,140628,300,52,321,85,310,68,140560
560,140629,246,52,267,78,256,65,140561
560,140630,610,0,638,21,624,10,140562
560,140631,280,291,301,311,290,301,140563
560,140632,271,75,291,105,281,90,140564
560,140633,506,26,524,50,515,38,140565
560,140634,574,69,610,96,592,82,140566
560,140635,261,178,281,210,271,194,140567
560,140636,397,11,418,32,407,21,140568
560,140637,609,49,633,75,621,62,140569
560,140638,292,230,313,257,302,243,140570
560,140639,119,90,137,115,128,102,140571
560,140640,406,27,425,51,415,39,140572
560,140641,233,84,256,106,244,95,140573
560,140642,36,120,54,142,45,131,140574
560,140643,72,129,88,156,80,142,140575
560,140644,57,97,80,123,68,110,140576
560,140645,229,50,250,74,239,62,140577
560,140646,200,13,220,34,210,23,140578
560,140647,215,22,237,45,226,33,140579
560,140648,37,158,55,177,46,167,140580
560,140649,40,88,56,114,48,101,140581
560,140650,486,254,512,277,499,265,140582
560,140651,281,17,304,40,292,28,140583
560,140652,321,0,338,16,329,8,140584
560,140653,127,0,187,22,157,11,140585
560,140654,52,19,66,52,59,35,140586
560,140655,163,0,178,4,170,2,140587
560,140656,327,244,348,262,337,253,140588
560,140657,217,0,229,7,223,3,140589
560,140658,185,81,208,103,196,92,140590
560,140659,196,56,212,83,204,69,140591
560,140660,313,128,337,153,325,140,140592
560,140661,307,98,334,121,320,109,140593
560,140662,538,0,569,12,553,6,140594
560,140663,541,159,566,185,553,172,140595
560,140664,348,62,376,86,362,74,140596
560,140665,29,244,42,263,35,253,140597
560,140666,41,233,58,252,49,242,140598
560,140667,66,20,81,41,73,30,140599
560,140668,31,275,47,299,39,287,140600
560,140669,582,10,607,22,594,16,140601
560,140670,384,9,400,30,392,19,140602
560,140671,387,271,405,296,396,283,140603
560,140672,540,41,574,64,557,52,140604
560,140673,631,57,639,80,635,68,140605
560,140674,511,7,529,32,520,19,140606
560,140675,291,279,309,297,300,288,140607
560,140676,546,308,577,329,561,318,140608
560,140677,308,267,347,294,327,280,140609
561,140678,443,0,533,73,488,36,140612
561,140679,539,247,571,274,555,260,140613
561,140680,596,234,621,263,608,248,140614
561,140681,468,183,490,228,479,205,140615
561,140682,597,127,623,164,610,145,140616
561,140683,266,0,347,50,306,25,140617
561,140684,381,121,402,156,391,138,140618
561,140685,528,71,557,95,542,83,140619
561,140686,417,112,442,145,429,128,140620
561,140687,60,164,79,186,69,175,140621
561,140688,543,206,578,231,560,218,140622
561,140689,99,165,116,201,107,183,140623
561,140690,363,21,385,66,374,43,140624
561,140691,421,24,446,54,433,39,140625
561,140692,208,316,231,345,219,330,140626
561,140693,402,285,424,303,413,294,140627
561,140694,300,52,321,85,310,68,140628
561,140695,246,52,267,78,256,65,140629
561,140696,610,0,638,21,624,10,140630
561,140697,280,291,301,311,290,301,140631
561,140698,271,75,291,105,281,90,140632
561,140699,506,26,524,49,515,37,140633
561,140700,574,69,610,96,592,82,140634
561,140701,261,178,281,210,271,194,140635
561,140702,397,11,418,32,407,21,140636
561,140703,609,49,633,75,621,62,140637
561,140704,292,230,313,257,302,243,140638
561,140705,119,90,137,115,128,102,140639
561,140706,406,27,425,51,415,39,140640
561,140707,233,84,256,106,244,95,140641
561,140708,36,120,54,142,45,131,140642
561,140709,72,129,88,155,80,142,140643
561,140710,57,97,80,123,68,110,140644
561,140711,229,50,250,74,239,62,140645
561,140712,200,13,220,34,210,23,140646
561,140713,216,22,237,45,226,33,140647
561,140714,37,158,55,177,46,167,140648
561,140715,40,88,56,114,48,101,140649
561,140716,486,254,512,277,499,265,140650
561,140717,281,17,304,40,292,28,140651
561,140718,321,0,338,15,329,7,140652
561,140719,126,0,187,22,156,11,140653
561,140720,52,19,66,52,59,35,140654
561,140721,163,0,177,4,170,2,140655
561,140722,327,244,348,262,337,253,140656
561,140723,217,0,229,7,223,3,140657
561,140724,185,81,208,104,196,92,140658
561,140725,196,56,212,83,204,69,140659
561,140726,313,128,337,153,325,140,140660
561,140727,307,98,334,121,320,109,140661
561,140728,539,0,569,12,554,6,140662
561,140729,541,159,566,185,553,172,140663
561,140730,348,62,376,86,362,74,140664
561,140731,29,244,42,263,35,253,140665
561,140732,41,233,58,253,49,243,140666
561,140733,66,20,82,41,74,30,140667
561,140734,31,275,47,299,39,287,140668
561,140735,582,10,607,22,594,16,140669
561,140736,384,9,400,31,392,20,140670
561,140737,387,270,405,296,396,283,140671
561,140738,539,40,574,63,556,51,140672
561,140739,631,57,639,80,635,68,140673
561,140740,511,7,529,32,520,19,140674
561,140741,292,279,309,296,300,287,140675
561,140742,546,308,577,329,561,318,140676
561,140743,308,267,351,290,329,278,140677
561,140744,133,0,149,12,141,6,
561,140745,308,288,336,304,322,296,
562,140746,443,0,533,73,488,36,140678
562,140747,539,247,571,274,555,260,140679
562,140748,596,234,621,263,608,248,140680
562,140749,468,183,490,229,479,206,140681
562,140750,597,127,623,164,610,145,140682
562,140751,266,0,347,50,306,25,140683
562,140752,381,121,402,156,391,138,140684
562,140753,528,71,557,95,542,83,140685
562,140754,417,112,442,145,429,128,140686
562,140755,59,164,79,186,69,175,140687
562,140756,543,206,578,231,560,218,140688
562,140757,99,165,116,201,107,183,140689
562,140758,363,21,385,66,374,43,140690
562,140759,421,24,446,54,433,39,140691
562,140760,208,316,231,346,219,331,140692
562,140761,402,285,425,303,413,294,140693
562,140762,300,52,321,85,310,68,140694
562,140763,246,52,267,78,256,65,140695
562,140764,610,0,638,21,624,10,140696
562,140765,280,291,301,310,290,300,140697
562,140766,271,75,291,105,281,90,140698
562,140767,506,26,524,49,515,37,140699
562,140768,574,69,609,96,591,82,140700
562,140769,261,178,281,210,271,194,140701
562,140770,397,11,418,32,407,21,140702
562,140771,609,49,633,75,621,62,140703
562,140772,292,230,313,257,302,243,140704
562,140773,119,90,137,115,128,102,140705
562,140774,406,27,424,51,415,39,140706
562,140775,233,84,256,106,244,95,140707
562,140776,36,120,54,142,45,131,140708
562,140777,72,129,88,155,80,142,140709
562,140778,57,97,80,123,68,110,140710
562,140779,229,50,250,74,239,62,140711
562,140780,200,13,220,34,210,23,140712
562,140781,216,22,237,45,226,33,140713
562,140782,37,158,55,177,46,167,140714
562,140783,40,88,56,114,48,101,140715
562,140784,486,254,512,277,499,265,140716
562,140785,281,17,304,40,292,28,140717
562,140786,321,0,338,15,329,7,140718
562,140787,128,0,188,22,158,11,140719
562,140788,52,19,66,52,59,35,140720
562,140789,163,0,177,4,170,2,140721
562,140790,327,244,348,262,337,253,140722
562,140791,217,0,229,7,223,3,140723
562,140792,185,81,208,104,196,92,140724
562,140793,196,56,212,83,204,69,140725
562,140794,313,128,337,153,325,140,140726
562,140795,306,98,334,121,320,109,140727
562,140796,539,0,569,12,554,6,140728
562,140797,541,159,566,185,553,172,140729
562,140798,348,62,376,86,362,74,140730
562,140799,29,244,42,263,35,253,140731
562,140800,41,233,58,253,49,243,140732
562,140801,66,20,82,41,74,30,140733
562,140802,31,275,47,299,39,287,140734
562,140803,582,10,607,22,594,16,140735
562,140804,384,9,400,30,392,19,140736
562,140805,387,270,405,296,396,283,140737
562,140806,539,40,573,63,556,51,140738
562,140807,631,57,639,80,635,68,140739
562,140808,511,7,529,32,520,19,140740
562,140809,292,280,309,296,300,288,140741
562,140810,546,308,577,329,561,318,140742
562,140811,308,267,352,289,330,278,140743
562,140812,133,0,149,12,141,6,140744
562,140813,308,288,336,304,322,296,140745
563,140814,443,0,534,73,488,36,140746
563,140815,539,247,571,274,555,260,140747
563,140816,596,234,621,263,608,248,140748
563,140817,468,183,490,229,479,206,140749
563,140818,597,127,623,164,610,145,140750
563,140819,266,0,347,50,306,25,140751
563,140820,381,121,402,156,391,138,140752
563,140821,528,71,557,95,542,83,140753
563,140822,417,112,442,145,429,128,140754
563,140823,59,164,79,186,69,175,140755
563,140824,543,206,578,231,560,218,140756
563,140825,99,165,116,201,107,183,140757
563,140826,363,21,385,66,374,43,140758
563,140827,421,24,446,54,433,39,140759
563,140828,208,316,231,345,219,330,140760
563,140829,402,284,424,303,413,293,140761
563,140830,300,52,321,85,310,68,140762
563,140831,246,52,267,78,256,65,140763
563,140832,610,0,638,21,624,10,140764
563,140833,280,291,302,310,291,300,140765
563,140834,271,75,291,105,281,90,140766
563,140835,506,26,524,50,515,38,140767
563,140836,574,69,609,96,591,82,140768
563,140837,261,177,281,210,271,193,140769
563,140838,397,11,418,32,407,21,140770
563,140839,609,49,633,75,621,62,140771
563,140840,292,230,313,257,302,243,140772
563,140841,119,90,137,115,128,102,140773
563,140842,406,27,424,51,415,39,140774
563,140843,233,84,256,106,244,95,140775
563,140844,36,120,54,142,45,131,140776
563,140845,72,129,88,155,80,142,140777
563,140846,57,97,80,123,68,110,140778
563,140847,229,50,250,74,239,62,140779
563,140848,200,13,220,34,210,23,140780
563,140849,216,22,237,45,226,33,140781
563,140850,37,159,55,177,46,168,140782
563,140851,40,88,56,114,48,101,140783
563,140852,486,254,512,277,499,265,140784
563,140853,281,17,304,40,292,28,140785
563,140854,126,0,187,22,156,11,140787
563,140855,52,19,66,52,59,35,140788
563,140856,163,0,177,4,170,2,140789
563,140857,327,244,348,261,337,252,140790
563,140858,217,0,229,7,223,3,140791
563,140859,185,81,208,104,196,92,140792
563,140860,196,56,212,82,204,69,140793
563,140861,313,128,337,153,325,140,140794
563,140862,306,98,334,121,320,109,140795
563,140863,539,0,569,12,554,6,140796
563,140864,541,160,567,185,554,172,140797
563,140865,348,62,376,86,362,74,140798
563,140866,29,244,42,263,35,253,140799
563,140867,41,233,58,253,49,243,140800
563,140868,66,20,82,41,74,30,140801
563,140869,31,275,47,300,39,287,140802
563,140870,582,10,607,22,594,16,140803
563,140871,384,9,400,31,392,20,140804
563,140872,387,270,405,296,396,283,140805
563,140873,537,40,573,63,555,51,140806
563,140874,631,57,639,80,635,68,140807
563,140875,511,7,529,32,520,19,140808
563,140876,292,279,310,295,301,287,140809
563,140877,545,308,577,329,561,318,140810
563,140878,308,267,351,288,329,277,140811
563,140879,133,0,149,12,141,6,140812
564,140880,442,0,533,73,487,36,140814
564,140881,539,247,571,274,555,260,140815
564,140882,596,234,621,263,608,248,140816
564,140883,468,183,490,229,479,206,140817
564,140884,597,127,623,164,610,145,140818
564,140885,266,0,347,50,306,25,140819
564,140886,381,121,402,156,391,138,140820
564,140887,528,71,557,95,542,83,140821
564,140888,417,112,442,145,429,128,140822
564,140889,59,164,79,186,69,175,140823
564,140890,543,206,578,231,560,218,140824
564,140891,99,165,116,201,107,183,140825
564,140892,363,21,384,66,373,43,140826
564,140893,421,24,446,54,433,39,140827
564,140894,208,316,231,345,219,330,140828
564,140895,401,284,425,303,413,293,140829
564,140896,300,52,321,85,310,68,140830
564,140897,246,52,268,78,257,65,140831
564,140898,610,0,638,21,624,10,140832
564,140899,280,291,302,310,291,300,140833
564,140900,271,75,291,105,281,90,140834
564,140901,507,26,524,50,515,38,140835
564,140902,574,69,609,96,591,82,140836
564,140903,261,178,281,210,271,194,140837
564,140904,397,11,418,32,407,21,140838
564,140905,609,50,633,75,621,62,140839
564,140906,292,230,313,257,302,243,140840
564,140907,119,90,137,115,128,102,140841
564,140908,406,27,425,51,415,39,140842
564,140909,233,84,256,106,244,95,140843
564,140910,36,120,54,142,45,131,140844
564,140911,72,129,88,156,80,142,140845
564,140912,57,97,80,123,68,110,140846
564,140913,229,50,250,74,239,62,140847
564,140914,200,13,220,33,210,23,140848
564,140915,215,22,237,45,226,33,140849
564,140916,37,158,55,177,46,167,140850
564,140917,40,88,56,114,48,101,140851
564,140918,486,254,512,277,499,265,140852
564,140919,281,17,304,40,292,28,140853
564,140920,126,0,187,22,156,11,140854
564,140921,53,19,66,52,59,35,140855
564,140922,163,0,177,4,170,2,140856
564,140923,326,243,347,261,336,252,140857
564,140924,217,0,229,7,223,3,140858
564,140925,185,81,208,104,196,92,140859
564,140926,196,56,212,82,204,69,140860
564,140927,313,128,337,153,325,140,140861
564,140928,306,98,334,121,320,109,140862
564,140929,539,0,569,12,554,6,140863
564,140930,541,159,567,185,554,172,140864
564,140931,348,62,376,86,362,74,140865
564,140932,29,244,42,263,35,253,140866
564,140933,41,233,59,253,50,243,140867
564,140934,66,20,82,41,74,30,140868
564,140935,31,275,47,300,39,287,140869
564,140936,582,10,607,22,594,16,140870
564,140937,384,9,400,31,392,20,140871
564,140938,387,271,405,296,396,283,140872
564,140939,535,39,571,61,553,50,140873
564,140940,631,56,639,80,635,68,140874
564,140941,511,7,529,32,520,19,140875
564,140942,543,306,577,328,560,317,140877
564,140943,308,265,348,287,328,276,140878
564,140944,133,0,149,12,141,6,140879
565,140945,442,0,533,73,487,36,140880
565,140946,539,247,571,274,555,260,140881
565,140947,596,234,621,263,608,248,140882
565,140948,468,183,490,229,479,206,140883
565,140949,597,127,623,164,610,145,140884
565,140950,266,0,347,50,306,25,140885
565,140951,381,121,402,156,391,138,140886
565,140952,528,71,557,95,542,83,140887
565,140953,417,112,442,145,429,128,140888
565,140954,59,164,79,186,69,175,140889
565,140955,543,206,578,231,560,218,140890
565,140956,99,165,116,201,107,183,140891
565,140957,363,21,384,66,373,43,140892
565,140958,422,25,446,54,434,39,140893
565,140959,208,316,231,345,219,330,140894
565,140960,400,284,425,303,412,293,140895
565,140961,300,52,321,85,310,68,140896
565,140962,246,52,268,78,257,65,140897
565,140963,610,0,638,21,624,10,140898
565,140964,280,291,302,311,291,301,140899
565,140965,271,75,291,105,281,90,140900
565,140966,507,26,524,50,515,38,140901
565,140967,574,69,609,96,591,82,140902
565,140968,261,178,281,210,271,194,140903
565,140969,397,11,418,32,407,21,140904
565,140970,609,50,633,75,621,62,140905
565,140971,292,231,313,257,302,244,140906
565,140972,119,90,137,115,128,102,140907
565,140973,406,27,426,51,416,39,140908
565,140974,233,84,256,106,244,95,140909
565,140975,36,120,54,142,45,131,140910
565,140976,72,129,87,156,79,142,140911
565,140977,57,97,80,123,68,110,140912
565,140978,229,50,250,74,239,62,140913
565,140979,200,13,220,32,210,22,140914
565,140980,215,22,237,45,226,33,140915
565,140981,37,158,55,177,46,167,140916
565,140982,40,88,56,114,48,101,140917
565,140983,486,254,512,277,499,265,140918
565,140984,281,17,304,40,292,28,140919
565,140985,126,0,187,22,156,11,140920
565,140986,53,19,66,52,59,35,140921
565,140987,163,0,177,4,170,2,140922
565,140988,326,243,347,261,336,252,140923
565,140989,217,0,229,7,223,3,140924
565,140990,185,81,208,104,196,92,140925
565,140991,196,56,212,82,204,69,140926
565,140992,313,128,337,153,325,140,140927
565,140993,306,98,334,121,320,109,140928
565,140994,539,0,569,12,554,6,140929
565,140995,541,159,567,185,554,172,140930
565,140996,348,62,376,86,362,74,140931
565,140997,29,244,42,263,35,253,140932
565,140998,41,233,59,253,50,243,140933
565,140999,67,20,82,40,74,30,140934
565,141000,31,276,47,300,39,288,140935
565,141001,582,10,607,22,594,16,140936
565,141002,384,9,400,31,392,20,140937
565,141003,386,271,405,297,395,284,140938
565,141004,534,38,570,60,552,49,140939
565,141005,631,55,639,80,635,67,140940
565,141006,511,7,529,32,520,19,140941
565,141007,541,305,576,328,558,316,140942
565,141008,309,265,346,287,327,276,140943
565,141009,133,0,149,12,141,6,140944
565,141010,324,1,339,13,331,7,
566,141011,442,0,533,73,487,36,140945
566,141012,539,247,571,274,555,260,140946
566,141013,596,234,621,263,608,248,140947
566,141014,468,183,490,229,479,206,140948
566,141015,597,127,623,164,610,145,140949
566,141016,266,0,347,50,306,25,140950
566,141017,381,121,402,156,391,138,140951
566,141018,528,71,557,95,542,83,140952
566,141019,417,112,442,145,429,128,140953
566,141020,60,164,79,186,69,175,140954
566,141021,543,206,578,231,560,218,140955
566,141022,99,165,116,201,107,183,140956
566,141023,363,21,384,66,373,43,140957
566,141024,423,25,446,54,434,39,140958
566,141025,208,316,231,345,219,330,140959
566,141026,399,283,425,303,412,293,140960
566,141027,300,52,321,85,310,68,140961
566,141028,246,52,268,78,257,65,140962
566,141029,610,0,638,21,624,10,140963
566,141030,280,291,302,311,291,301,140964
566,141031,271,75,291,105,281,90,140965
566,141032,507,26,524,50,515,38,140966
566,141033,574,69,609,96,591,82,140967
566,141034,261,178,281,211,271,194,140968
566,141035,397,11,418,32,407,21,140969
566,141036,609,50,633,75,621,62,140970
566,141037,292,231,313,257,302,244,140971
566,141038,119,90,137,115,128,102,140972
566,141039,406,27,426,51,416,39,140973
566,141040,233,84,256,106,244,95,140974
566,141041,36,120,54,142,45,131,140975
566,141042,72,129,88,156,80,142,140976
566,141043,57,97,80,123,68,110,140977
566,141044,229,50,250,74,239,62,140978
566,141045,200,13,220,32,210,22,140979
566,141046,215,22,237,45,226,33,140980
566,141047,37,158,55,177,46,167,140981
566,141048,40,88,56,114,48,101,140982
566,141049,486,254,512,277,499,265,140983
566,141050,281,17,304,40,292,28,140984
566,141051,126,0,187,22,156,11,140985
566,141052,53,19,66,52,59,35,140986
566,141053,163,0,177,4,170,2,140987
566,141054,326,243,347,261,336,252,140988
566,141055,217,0,229,7,223,3,140989
566,141056,185,81,208,104,196,92,140990
566,141057,196,56,212,82,204,69,140991
566,141058,314,128,337,153,325,140,140992
566,141059,307,98,334,120,320,109,140993
566,141060,539,0,569,12,554,6,140994
566,141061,541,159,567,185,554,172,140995
566,141062,348,62,376,86,362,74,140996
566,141063,29,244,43,263,36,253,140997
566,141064,41,233,58,253,49,243,140998
566,141065,67,20,81,40,74,30,140999
566,141066,31,275,47,299,39,287,141000
566,141067,582,10,607,22,594,16,141001
566,141068,384,9,400,31,392,20,141002
566,141069,387,271,405,297,396,284,141003
566,141070,534,37,570,60,552,48,141004
566,141071,631,55,639,80,635,67,141005
566,141072,511,7,529,32,520,19,141006
566,141073,540,305,575,328,557,316,141007
566,141074,308,266,345,287,326,276,141008
566,141075,133,0,149,12,141,6,141009
566,141076,325,1,339,13,332,7,141010
567,141077,442,0,533,73,487,36,141011
567,141078,539,247,571,274,555,260,141012
567,141079,596,234,621,262,608,248,141013
567,141080,468,183,490,229,479,206,141014
567,141081,597,127,623,164,610,145,141015
567,141082,267,0,346,50,306,25,141016
567,141083,381,121,402,156,391,138,141017
567,141084,528,71,557,95,542,83,141018
567,141085,417,112,442,145,429,128,141019
567,141086,60,164,79,186,69,175,141020
567,141087,543,206,578,231,560,218,141021
567,141088,99,165,116,201,107,183,141022
567,141089,363,21,384,66,373,43,141023
567,141090,421,26,446,54,433,40,141024
567,141091,208,316,231,345,219,330,141025
567,141092,401,283,425,303,413,293,141026
567,141093,300,52,321,85,310,68,141027
567,141094,246,52,268,78,257,65,141028
567,141095,610,0,638,21,624,10,141029
567,141096,280,291,302,311,291,301,141030
567,141097,271,75,291,105,281,90,141031
567,141098,507,26,524,50,515,38,141032
567,141099,574,69,609,96,591,82,141033
567,141100,261,178,281,211,271,194,141034
567,141101,397,11,418,32,407,21,141035
567,141102,609,50,633,75,621,62,141036
567,141103,292,231,313,257,302,244,141037
567,141104,119,90,137,115,128,102,141038
567,141105,406,27,425,51,415,39,141039
567,141106,233,84,256,106,244,95,141040
567,141107,36,120,54,142,45,131,141041
567,141108,72,129,88,156,80,142,141042
567,141109,57,97,80,123,68,110,141043
567,141110,229,50,250,74,239,62,141044
567,141111,200,13,220,32,210,22,141045
567,141112,215,22,237,45,226,33,141046
567,141113,37,158,55,177,46,167,141047
567,141114,40,88,56,114,48,101,141048
567,141115,486,254,512,277,499,265,141049
567,141116,281,17,304,40,292,28,141050
567,141117,126,0,187,22,156,11,141051
567,141118,53,19,66,52,59,35,141052
567,141119,163,0,177,4,170,2,141053
567,141120,326,242,347,261,336,251,141054
567,141121,217,0,229,7,223,3,141055
567,141122,185,81,208,104,196,92,141056
567,141123,196,56,212,82,204,69,141057
567,141124,314,128,337,153,325,140,141058
567,141125,307,98,334,120,320,109,141059
567,141126,539,0,569,12,554,6,141060
567,141127,541,159,567,185,554,172,141061
567,141128,348,62,376,86,362,74,141062
567,141129,29,244,43,263,36,253,141063
567,141130,41,233,58,253,49,243,141064
567,141131,67,20,81,40,74,30,141065
567,141132,31,275,47,300,39,287,141066
567,141133,582,10,607,22,594,16,141067
567,141134,384,9,400,31,392,20,141068
567,141135,386,271,405,297,395,284,141069
567,141136,534,37,570,60,552,48,141070
567,141137,632,55,639,80,635,67,141071
567,141138,511,7,529,32,520,19,141072
567,141139,539,305,574,327,556,316,141073
567,141140,308,266,345,287,326,276,141074
567,141141,133,0,149,12,141,6,141075
567,141142,325,1,340,13,332,7,141076
567,141143,178,224,196,242,187,233,
568,141144,442,0,533,73,487,36,141077
568,141145,539,247,571,274,555,260,141078
568,141146,596,234,621,262,608,248,141079
568,141147,468,183,490,229,479,206,141080
568,141148,597,127,623,164,610,145,141081
568,141149,267,1,346,50,306,25,141082
568,141150,381,121,402,156,391,138,141083
568,141151,528,71,557,95,542,83,141084
568,141152,417,112,442,145,429,128,141085
568,141153,60,164,79,186,69,175,141086
568,141154,543,206,578,231,560,218,141087
568,141155,99,165,116,201,107,183,141088
568,141156,363,21,384,66,373,43,141089
568,141157,422,26,446,54,434,40,141090
568,141158,208,316,231,345,219,330,141091
568,141159,401,284,424,303,412,293,141092
568,141160,300,52,321,85,310,68,141093
568,141161,246,52,268,78,257,65,141094
568,141162,610,0,638,21,624,10,141095
568,141163,279,290,302,311,290,300,141096
568,141164,271,75,291,105,281,90,141097
568,141165,507,26,524,50,515,38,141098
568,141166,574,69,609,96,591,82,141099
568,141167,261,178,281,211,271,194,141100
568,141168,397,11,418,32,407,21,141101
568,141169,609,50,632,75,620,62,141102
568,141170,292,231,313,257,302,244,141103
568,141171,119,90,137,115,128,102,141104
568,141172,406,27,426,51,416,39,141105
568,141173,233,84,256,106,244,95,141106
568,141174,36,120,54,142,45,131,141107
568,141175,72,129,88,156,80,142,141108
568,141176,57,97,80,123,68,110,141109
568,141177,229,50,250,74,239,62,141110
568,141178,200,13,220,31,210,22,141111
568,141179,215,22,237,45,226,33,141112
568,141180,37,158,55,177,46,167,141113
568,141181,40,88,56,115,48,101,141114
568,141182,486,254,512,277,499,265,141115
568,141183,281,17,303,40,292,28,141116
568,141184,126,0,187,22,156,11,141117
568,141185,53,19,66,52,59,35,141118
568,141186,163,0,177,4,170,2,141119
568,141187,326,242,347,261,336,251,141120
568,141188,217,0,229,7,223,3,141121
568,141189,185,81,208,104,196,92,141122
568,141190,196,56,212,82,204,69,141123
568,141191,314,128,337,153,325,140,141124
568,141192,306,98,334,120,320,109,141125
568,141193,539,0,569,12,554,6,141126
568,141194,541,159,567,185,554,172,141127
568,141195,348,62,376,86,362,74,141128
568,141196,29,244,43,263,36,253,141129
568,141197,41,233,58,253,49,243,141130
568,141198,67,20,81,40,74,30,141131
568,141199,31,276,47,300,39,288,141132
568,141200,582,10,607,22,594,16,141133
568,141201,384,9,399,29,391,19,141134
568,141202,386,271,405,297,395,284,141135
568,141203,534,37,570,60,552,48,141136
568,141204,631,55,639,80,635,67,141137
568,141205,511,7,529,32,520,19,141138
568,141206,539,304,572,326,555,315,141139
568,141207,308,266,344,287,326,276,141140
568,141208,133,0,149,12,141,6,141141
568,141209,325,1,340,13,332,7,141142
568,141210,179,224,199,242,189,233,141143
569,141211,442,0,533,73,487,36,141144
569,141212,539,247,571,274,555,260,141145
569,141213,596,234,621,262,608,248,141146
569,141214,468,183,490,229,479,206,141147
569,141215,597,127,623,164,610,145,141148
569,141216,267,1,346,50,306,25,141149
569,141217,381,121,402,156,391,138,141150
569,141218,528,71,557,95,542,83,141151
569,141219,417,112,442,145,429,128,141152
569,141220,60,164,79,186,69,175,141153
569,141221,543,206,578,231,560,218,141154
569,141222,99,165,116,201,107,183,141155
569,141223,363,21,384,66,373,43,141156
569,141224,422,26,446,54,434,40,141157
569,141225,208,316,231,345,219,330,141158
569,141226,400,284,424,303,412,293,141159
569,141227,300,52,321,85,310,68,141160
569,141228,247,52,268,78,257,65,141161
569,141229,610,0,638,21,624,10,141162
569,141230,279,290,302,311,290,300,141163
569,141231,271,75,291,105,281,90,141164
569,141232,507,26,524,50,515,38,141165
569,141233,574,69,609,96,591,82,141166
569,141234,261,178,281,211,271,194,141167
569,141235,397,11,418,32,407,21,141168
569,141236,609,50,632,75,620,62,141169
569,141237,292,231,313,257,302,244,141170
569,141238,119,90,137,115,128,102,141171
569,141239,406,27,426,51,416,39,141172
569,141240,233,84,256,106,244,95,141173
569,141241,36,120,54,142,45,131,141174
569,141242,72,129,88,156,80,142,141175
569,141243,57,97,80,123,68,110,141176
569,141244,229,50,250,74,239,62,141177
569,141245,200,13,220,31,210,22,141178
569,141246,215,22,237,45,226,33,141179
569,141247,37,158,55,177,46,167,141180
569,141248,40,88,56,115,48,101,141181
569,141249,485,254,512,277,498,265,141182
569,141250,281,17,303,40,292,28,141183
569,141251,126,0,187,22,156,11,141184
569,141252,53,19,66,52,59,35,141185
569,141253,163,0,177,4,170,2,141186
569,141254,326,242,347,261,336,251,141187
569,141255,217,0,229,7,223,3,141188
569,141256,185,81,208,104,196,92,141189
569,141257,196,56,212,82,204,69,141190
569,141258,314,128,337,153,325,140,141191
569,141259,306,98,334,120,320,109,141192
569,141260,539,0,569,12,554,6,141193
569,141261,541,159,567,185,554,172,141194
569,141262,348,62,376,86,362,74,141195
569,141263,29,244,43,263,36,253,141196
569,141264,41,233,58,253,49,243,141197
569,141265,67,20,81,40,74,30,141198
569,141266,31,276,47,300,39,288,141199
569,141267,582,10,607,22,594,16,141200
569,141268,384,8,399,29,391,18,141201
569,141269,386,271,405,297,395,284,141202
569,141270,534,37,570,60,552,48,141203
569,141271,631,55,639,80,635,67,141204
569,141272,512,7,529,32,520,19,141205
569,141273,539,304,572,326,555,315,141206
569,141274,308,266,344,287,326,276,141207
569,141275,133,0,149,12,141,6,141208
569,141276,325,1,340,13,332,7,141209
569,141277,180,224,200,242,190,233,141210
570,141278,442,0,533,73,487,36,141211
570,141279,539,247,571,274,555,260,141212
570,141280,596,234,621,262,608,248,141213
570,141281,468,183,490,229,479,206,141214
570,141282,597,127,623,164,610,145,141215
570,141283,267,1,346,50,306,25,141216
570,141284,381,121,402,156,391,138,141217
570,141285,528,71,557,95,542,83,141218
570,141286,417,112,442,145,429,128,141219
570,141287,60,164,79,186,69,175,141220
570,141288,543,206,578,231,560,218,141221
570,141289,99,165,116,201,107,183,141222
570,141290,363,21,384,66,373,43,141223
570,141291,422,25,446,54,434,39,141224
570,141292,208,316,231,345,219,330,141225
570,141293,400,284,424,303,412,293,141226
570,141294,300,52,321,85,310,68,141227
570,141295,247,52,268,78,257,65,141228
570,141296,610,0,638,21,624,10,141229
570,141297,279,291,302,311,290,301,141230
570,141298,271,75,291,105,281,90,141231
570,141299,507,26,524,50,515,38,141232
570,141300,574,69,609,96,591,82,141233
570,141301,261,178,281,211,271,194,141234
570,141302,397,11,418,32,407,21,141235
570,141303,609,50,632,75,620,62,141236
570,141304,292,231,313,257,302,244,141237
570,141305,119,90,137,115,128,102,141238
570,141306,406,27,426,51,416,39,141239
570,141307,233,84,256,106,244,95,141240
570,141308,36,120,54,142,45,131,141241
570,141309,72,129,88,156,80,142,141242
570,141310,57,97,80,123,68,110,141243
570,141311,229,50,250,74,239,62,141244
570,141312,200,12,220,31,210,21,141245
570,141313,215,22,237,45,226,33,141246
570,141314,37,158,55,177,46,167,141247
570,141315,40,88,56,115,48,101,141248
570,141316,485,254,512,277,498,265,141249
570,141317,281,17,303,40,292,28,141250
570,141318,126,0,187,22,156,11,141251
570,141319,53,19,66,52,59,35,141252
570,141320,163,0,177,4,170,2,141253
570,141321,326,242,347,261,336,251,141254
570,141322,217,0,229,7,223,3,141255
570,141323,185,81,208,104,196,92,141256
570,141324,196,56,212,82,204,69,141257
570,141325,314,128,337,153,325,140,141258
570,141326,306,98,334,120,320,109,141259
570,141327,539,0,569,12,554,6,141260
570,141328,541,159,567,185,554,172,141261
570,141329,348,62,376,86,362,74,141262
570,141330,29,244,43,263,36,253,141263
570,141331,41,233,58,254,49,243,141264
570,141332,67,20,81,40,74,30,141265
570,141333,31,275,47,300,39,287,141266
570,141334,582,10,607,22,594,16,141267
570,141335,384,8,399,29,391,18,141268
570,141336,386,271,405,297,395,284,141269
570,141337,534,37,570,60,552,48,141270
570,141338,631,55,639,80,635,67,141271
570,141339,511,7,529,32,520,19,141272
570,141340,538,305,570,326,554,315,141273
570,141341,308,266,344,287,326,276,141274
570,141342,133,0,149,12,141,6,141275
570,141343,325,1,341,13,333,7,141276
570,141344,182,225,202,241,192,233,141277
571,141345,442,0,533,73,487,36,141278
571,141346,539,247,571,274,555,260,141279
571,141347,596,234,621,263,608,248,141280
571,141348,468,183,490,226,479,204,141281
571,141349,597,127,623,164,610,145,141282
571,141350,267,1,346,51,306,26,141283
571,141351,381,121,402,156,391,138,141284
571,141352,528,71,557,95,542,83,141285
571,141353,417,112,442,146,429,129,141286
571,141354,60,164,79,186,69,175,141287
571,141355,543,206,578,231,560,218,141288
571,141356,99,165,116,201,107,183,141289
571,141357,363,21,384,66,373,43,141290
571,141358,422,24,446,54,434,39,141291
571,141359,208,316,231,345,219,330,141292
571,141360,401,284,424,303,412,293,141293
571,141361,300,52,321,85,310,68,141294
571,141362,246,52,268,78,257,65,141295
571,141363,610,0,638,21,624,10,141296
571,141364,280,291,302,311,291,301,141297
571,141365,271,75,291,105,281,90,141298
571,141366,507,25,524,50,515,37,141299
571,141367,574,69,609,96,591,82,141300
571,141368,261,178,281,211,271,194,141301
571,141369,397,11,418,32,407,21,141302
571,141370,609,50,632,75,620,62,141303
571,141371,292,231,313,257,302,244,141304
571,141372,119,90,137,115,128,102,141305
571,141373,406,27,426,51,416,39,141306
571,141374,233,84,255,106,244,95,141307
571,141375,36,120,54,142,45,131,141308
571,141376,72,129,87,156,79,142,141309
571,141377,57,97,80,123,68,110,141310
571,141378,229,50,250,74,239,62,141311
571,141379,200,12,220,31,210,21,141312
571,141380,215,22,237,45,226,33,141313
571,141381,37,158,55,177,46,167,141314
571,141382,40,88,56,115,48,101,141315
571,141383,485,254,512,277,498,265,141316
571,141384,281,17,303,40,292,28,141317
571,141385,127,0,187,22,157,11,141318
571,141386,53,19,66,52,59,35,141319
571,141387,163,0,177,4,170,2,141320
571,141388,326,242,347,261,336,251,141321
571,141389,217,0,229,6,223,3,141322
571,141390,185,81,208,104,196,92,141323
571,141391,196,56,212,82,204,69,141324
571,141392,313,128,337,153,325,140,141325
571,141393,306,98,334,121,320,109,141326
571,141394,538,0,569,12,553,6,141327
571,141395,541,159,567,185,554,172,141328
571,141396,348,62,376,86,362,74,141329
571,141397,29,244,43,263,36,253,141330
571,141398,42,232,58,255,50,243,141331
571,141399,31,275,47,300,39,287,141333
571,141400,582,10,607,22,594,16,141334
571,141401,384,9,399,29,391,19,141335
571,141402,386,271,405,297,395,284,141336
571,141403,534,37,570,60,552,48,141337
571,141404,631,56,639,80,635,68,141338
571,141405,511,7,529,32,520,19,141339
571,141406,536,305,568,326,552,315,141340
571,141407,309,266,343,288,326,277,141341
571,141408,133,0,149,12,141,6,141342
571,141409,325,1,341,13,333,7,141343
571,141410,185,225,207,241,196,233,141344
571,141411,297,279,312,295,304,287,
572,141412,442,0,533,73,487,36,141345
572,141413,539,247,571,274,555,260,141346
572,141414,596,234,621,263,608,248,141347
572,141415,468,183,490,225,479,204,141348
572,141416,597,127,623,164,610,145,141349
572,141417,267,1,346,51,306,26,141350
572,141418,381,121,403,156,392,138,141351
572,141419,528,71,557,95,542,83,141352
572,141420,417,112,442,146,429,129,141353
572,141421,60,164,79,186,69,175,141354
572,141422,543,206,578,231,560,218,141355
572,141423,99,165,116,200,107,182,141356
572,141424,363,21,384,66,373,43,141357
572,141425,422,24,446,54,434,39,141358
572,141426,208,316,231,345,219,330,141359
572,141427,401,284,424,303,412,293,141360
572,141428,300,52,321,85,310,68,141361
572,141429,246,52,268,78,257,65,141362
572,141430,610,0,638,21,624,10,141363
572,141431,280,291,302,311,291,301,141364
572,141432,271,75,291,105,281,90,141365
572,141433,507,25,524,50,515,37,141366
572,141434,574,69,609,96,591,82,141367
572,141435,261,178,281,211,271,194,141368
572,141436,397,11,418,32,407,21,141369
572,141437,609,50,632,75,620,62,141370
572,141438,292,231,313,257,302,244,141371
572,141439,119,90,137,115,128,102,141372
572,141440,406,27,427,51,416,39,141373
572,141441,233,84,255,106,244,95,141374
572,141442,36,121,54,142,45,131,141375
572,141443,72,129,87,156,79,142,141376
572,141444,57,97,80,123,68,110,141377
572,141445,229,50,250,74,239,62,141378
572,141446,200,12,220,31,210,21,141379
572,141447,215,22,236,45,225,33,141380
572,141448,37,158,55,177,46,167,141381
572,141449,40,88,56,115,48,101,141382
572,141450,485,254,512,277,498,265,141383
572,141451,281,17,304,40,292,28,141384
572,141452,128,0,187,22,157,11,141385
572,141453,53,18,66,52,59,35,141386
572,141454,163,0,177,4,170,2,141387
572,141455,326,242,347,260,336,251,141388
572,141456,217,0,229,6,223,3,141389
572,141457,185,81,208,104,196,92,141390
572,141458,196,56,212,82,204,69,141391
572,141459,313,128,337,153,325,140,141392
572,141460,306,98,334,121,320,109,141393
572,141461,538,0,569,12,553,6,141394
572,141462,541,159,567,185,554,172,141395
572,141463,348,62,376,86,362,74,141396
572,141464,28,244,43,263,35,253,141397
572,141465,42,232,58,255,50,243,141398
572,141466,31,275,47,300,39,287,141399
572,141467,582,10,607,22,594,16,141400
572,141468,384,9,399,29,391,19,141401
572,141469,386,271,405,297,395,284,141402
572,141470,534,37,570,60,552,48,141403
572,141471,631,56,639,80,635,68,141404
572,141472,511,8,529,32,520,20,141405
572,141473,532,306,566,326,549,316,141406
572,141474,309,266,342,287,325,276,141407
572,141475,133,0,149,12,141,6,141408
572,141476,324,1,340,13,332,7,141409
572,141477,189,226,210,242,199,234,141410
572,141478,298,279,312,295,305,287,141411
573,141479,442,0,533,73,487,36,141412
573,141480,539,247,571,274,555,260,141413
573,141481,596,234,621,263,608,248,141414
573,141482,468,183,490,225,479,204,141415
573,141483,597,127,623,164,610,145,141416
573,141484,267,0,346,51,306,25,141417
573,141485,381,121,403,156,392,138,141418
573,141486,528,71,557,95,542,83,141419
573,141487,417,112,442,146,429,129,141420
573,141488,59,164,79,186,69,175,141421
573,141489,543,206,578,231,560,218,141422
573,141490,99,165,116,200,107,182,141423
573,141491,363,21,384,66,373,43,141424
573,141492,422,23,445,54,433,38,141425
573,141493,208,316,231,345,219,330,141426
573,141494,401,284,424,303,412,293,141427
573,141495,300,52,321,85,310,68,141428
573,141496,247,52,268,78,257,65,141429
573,141497,610,0,638,22,624,11,141430
573,141498,280,291,302,311,291,301,141431
573,141499,271,75,291,105,281,90,141432
573,141500,507,25,524,49,515,37,141433
573,141501,574,69,609,95,591,82,141434
573,141502,261,178,281,211,271,194,141435
573,141503,397,12,418,32,407,22,141436
573,141504,609,50,632,75,620,62,141437
573,141505,292,231,313,257,302,244,141438
573,141506,119,90,137,115,128,102,141439
573,141507,406,28,427,51,416,39,141440
573,141508,233,84,255,106,244,95,141441
573,141509,36,121,54,142,45,131,141442
573,141510,72,129,87,156,79,142,141443
573,141511,57,97,80,123,68,110,141444
573,141512,229,50,250,74,239,62,141445
573,141513,200,12,220,31,210,21,141446
573,141514,214,22,236,45,225,33,141447
573,141515,37,158,55,177,46,167,141448
573,141516,40,88,56,114,48,101,141449
573,141517,485,254,512,277,498,265,141450
573,141518,281,17,304,40,292,28,141451
573,141519,128,0,187,22,157,11,141452
573,141520,53,18,66,52,59,35,141453
573,141521,163,0,177,4,170,2,141454
573,141522,326,242,347,261,336,251,141455
573,141523,217,0,229,6,223,3,141456
573,141524,185,81,208,104,196,92,141457
573,141525,196,56,212,82,204,69,141458
573,141526,313,128,337,153,325,140,141459
573,141527,306,98,334,121,320,109,141460
573,141528,537,0,569,12,553,6,141461
573,141529,541,159,567,185,554,172,141462
573,141530,348,62,376,86,362,74,141463
573,141531,28,244,43,263,35,253,141464
573,141532,43,232,58,255,50,243,141465
573,141533,31,275,47,300,39,287,141466
573,141534,582,10,607,22,594,16,141467
573,141535,384,9,399,28,391,18,141468
573,141536,386,271,405,297,395,284,141469
573,141537,534,37,570,60,552,48,141470
573,141538,631,56,639,80,635,68,141471
573,141539,511,8,529,32,520,20,141472
573,141540,528,307,562,326,545,316,141473
573,141541,308,266,341,287,324,276,141474
573,141542,133,0,149,12,141,6,141475
573,141543,324,1,340,13,332,7,141476
573,141544,192,227,213,243,202,235,141477
573,141545,298,280,312,295,305,287,141478
574,141546,442,0,533,73,487,36,141479
574,141547,539,247,571,274,555,260,141480
574,141548,596,234,621,263,608,248,141481
574,141549,468,183,490,225,479,204,141482
574,141550,597,127,623,165,610,146,141483
574,141551,267,0,346,51,306,25,141484
574,141552,381,121,403,156,392,138,141485
574,141553,528,71,557,95,542,83,141486
574,141554,417,112,442,146,429,129,141487
574,141555,59,164,80,186,69,175,141488
574,141556,543,206,578,231,560,218,141489
574,141557,98,165,116,200,107,182,141490
574,141558,363,21,384,66,373,43,141491
574,141559,422,23,445,54,433,38,141492
574,141560,208,316,231,345,219,330,141493
574,141561,401,284,424,303,412,293,141494
574,141562,300,52,322,85,311,68,141495
574,141563,246,52,268,78,257,65,141496
574,141564,610,0,638,22,624,11,141497
574,141565,279,291,302,311,290,301,141498
574,141566,271,75,291,105,281,90,141499
574,141567,507,25,524,49,515,37,141500
574,141568,574,69,609,96,591,82,141501
574,141569,261,178,281,211,271,194,141502
574,141570,397,11,418,32,407,21,141503
574,141571,609,50,633,75,621,62,141504
574,141572,292,231,313,257,302,244,141505
574,141573,119,90,137,115,128,102,141506
574,141574,406,28,427,51,416,39,141507
574,141575,233,84,255,106,244,95,141508
574,141576,36,121,54,142,45,131,141509
574,141577,72,129,87,156,79,142,141510
574,141578,57,97,80,123,68,110,141511
574,141579,229,50,250,74,239,62,141512
574,141580,201,12,220,31,210,21,141513
574,141581,214,22,235,45,224,33,141514
574,141582,37,158,55,177,46,167,141515
574,141583,40,88,56,114,48,101,141516
574,141584,485,254,512,277,498,265,141517
574,141585,281,17,304,40,292,28,141518
574,141586,128,0,188,22,158,11,141519
574,141587,53,18,66,52,59,35,141520
574,141588,163,0,177,4,170,2,141521
574,141589,326,242,347,261,336,251,141522
574,141590,217,0,229,6,223,3,141523
574,141591,185,81,208,104,196,92,141524
574,141592,196,56,212,82,204,69,141525
574,141593,313,128,337,153,325,140,141526
574,141594,307,98,334,121,320,109,141527
574,141595,537,0,569,12,553,6,141528
574,141596,541,159,567,185,554,172,141529
574,141597,348,62,376,86,362,74,141530
574,141598,28,244,43,264,35,254,141531
574,141599,43,232,58,256,50,244,141532
574,141600,32,275,47,300,39,287,141533
574,141601,582,10,607,22,594,16,141534
574,141602,384,9,399,28,391,18,141535
574,141603,386,271,405,297,395,284,141536
574,141604,535,37,570,60,552,48,141537
574,141605,631,57,639,80,635,68,141538
574,141606,510,9,529,32,519,20,141539
574,141607,524,308,559,326,541,317,141540
574,141608,308,265,341,287,324,276,141541
574,141609,133,0,149,12,141,6,141542
574,141610,324,1,339,13,331,7,141543
574,141611,195,228,216,243,205,235,141544
574,141612,298,280,312,296,305,288,141545
575,141613,442,0,533,73,487,36,141546
575,141614,539,247,571,274,555,260,141547
575,141615,596,234,621,263,608,248,141548
575,141616,468,183,490,225,479,204,141549
575,141617,597,127,623,164,610,145,141550
575,141618,267,0,346,51,306,25,141551
575,141619,381,121,403,156,392,138,141552
575,141620,528,71,557,95,542,83,141553
575,141621,417,112,442,146,429,129,141554
575,141622,59,164,80,186,69,175,141555
575,141623,543,206,578,231,560,218,141556
575,141624,98,165,116,200,107,182,141557
575,141625,363,21,384,66,373,43,141558
575,141626,422,23,445,54,433,38,141559
575,141627,208,316,231,345,219,330,141560
575,141628,401,284,424,303,412,293,141561
575,141629,300,52,321,85,310,68,141562
575,141630,246,52,268,78,257,65,141563
575,141631,610,0,638,21,624,10,141564
575,141632,279,291,302,311,290,301,141565
575,141633,271,75,291,105,281,90,141566
575,141634,507,25,525,49,516,37,141567
575,141635,574,69,609,96,591,82,141568
575,141636,261,178,281,211,271,194,141569
575,141637,397,11,418,32,407,21,141570
575,141638,609,50,633,75,621,62,141571
575,141639,292,231,313,257,302,244,141572
575,141640,119,90,137,115,128,102,141573
575,141641,406,28,427,51,416,39,141574
575,141642,233,84,255,106,244,95,141575
575,141643,36,121,54,142,45,131,141576
575,141644,72,129,87,156,79,142,141577
575,141645,57,97,80,123,68,110,141578
575,141646,229,50,250,74,239,62,141579
575,141647,201,11,220,31,210,21,141580
575,141648,214,22,235,45,224,33,141581
575,141649,37,158,55,177,46,167,141582
575,141650,40,88,56,114,48,101,141583
575,141651,485,254,512,277,498,265,141584
575,141652,281,17,304,40,292,28,141585
575,141653,128,0,188,22,158,11,141586
575,141654,53,18,66,52,59,35,141587
575,141655,163,0,177,4,170,2,141588
575,141656,326,242,347,261,336,251,141589
575,141657,217,0,229,6,223,3,141590
575,141658,185,81,208,104,196,92,141591
575,141659,196,56,212,82,204,69,141592
575,141660,313,128,337,153,325,140,141593
575,141661,306,98,334,121,320,109,141594
575,141662,537,0,569,12,553,6,141595
575,141663,541,159,567,185,554,172,141596
575,141664,348,62,376,85,362,73,141597
575,141665,28,244,43,264,35,254,141598
575,141666,43,233,58,256,50,244,141599
575,141667,32,275,47,300,39,287,141600
575,141668,582,10,607,22,594,16,141601
575,141669,384,9,399,28,391,18,141602
575,141670,386,271,405,297,395,284,141603
575,141671,535,37,570,60,552,48,141604
575,141672,631,57,639,80,635,68,141605
575,141673,510,9,529,32,519,20,141606
575,141674,523,308,558,326,540,317,141607
575,141675,308,265,341,287,324,276,141608
575,141676,133,0,149,12,141,6,141609
575,141677,323,1,339,13,331,7,141610
575,141678,196,228,217,244,206,236,141611
575,141679,298,280,312,296,305,288,141612
576,141680,442,0,533,73,487,36,141613
576,141681,539,247,571,274,555,260,141614
576,141682,596,234,621,263,608,248,141615
576,141683,468,183,490,225,479,204,141616
576,141684,597,127,623,164,610,145,141617
576,141685,267,0,347,50,307,25,141618
576,141686,381,121,403,156,392,138,141619
576,141687,528,71,557,95,542,83,141620
576,141688,417,112,442,146,429,129,141621
576,141689,59,164,80,186,69,175,141622
576,141690,543,206,578,231,560,218,141623
576,141691,98,165,116,200,107,182,141624
576,141692,363,21,384,66,373,43,141625
576,141693,422,23,445,54,433,38,141626
576,141694,208,316,231,345,219,330,141627
576,141695,401,284,424,303,412,293,141628
576,141696,300,52,321,85,310,68,141629
576,141697,246,52,268,78,257,65,141630
576,141698,610,0,638,22,624,11,141631
576,141699,279,291,302,311,290,301,141632
576,141700,271,75,291,105,281,90,141633
576,141701,507,25,525,50,516,37,141634
576,141702,574,69,609,96,591,82,141635
576,141703,261,178,281,211,271,194,141636
576,141704,397,11,418,32,407,21,141637
576,141705,609,50,633,75,621,62,141638
576,141706,292,231,313,257,302,244,141639
576,141707,119,90,137,115,128,102,141640
576,141708,406,28,427,51,416,39,141641
576,141709,233,84,255,106,244,95,141642
576,141710,36,121,54,142,45,131,141643
576,141711,72,129,87,156,79,142,141644
576,141712,57,97,80,123,68,110,141645
576,141713,229,50,250,74,239,62,141646
576,141714,201,11,220,31,210,21,141647
576,141715,214,21,235,45,224,33,141648
576,141716,37,158,55,177,46,167,141649
576,141717,40,88,56,115,48,101,141650
576,141718,485,254,512,277,498,265,141651
576,141719,281,17,304,40,292,28,141652
576,141720,128,0,188,22,158,11,141653
576,141721,53,18,66,53,59,35,141654
576,141722,163,0,177,4,170,2,141655
576,141723,326,242,347,261,336,251,141656
576,141724,217,0,229,7,223,3,141657
576,141725,185,81,208,104,196,92,141658
576,141726,196,56,212,82,204,69,141659
576,141727,313,128,337,153,325,140,141660
576,141728,306,98,334,121,320,109,141661
576,141729,537,0,569,12,553,6,141662
576,141730,541,159,567,185,554,172,141663
576,141731,348,62,376,85,362,73,141664
576,141732,28,244,43,264,35,254,141665
576,141733,43,233,58,256,50,244,141666
576,141734,32,275,47,300,39,287,141667
576,141735,582,10,607,22,594,16,141668
576,141736,384,9,399,28,391,18,141669
576,141737,386,270,405,297,395,283,141670
576,141738,534,37,570,60,552,48,141671
576,141739,631,57,639,80,635,68,141672
576,141740,510,9,529,32,519,20,141673
576,141741,521,308,555,327,538,317,141674
576,141742,308,265,341,287,324,276,141675
576,141743,133,0,149,12,141,6,141676
576,141744,320,1,339,13,329,7,141677
576,141745,198,229,220,245,209,237,141678
576,141746,298,281,313,296,305,288,141679
577,141747,442,0,534,73,488,36,141680
577,141748,539,247,571,274,555,260,141681
577,141749,596,234,621,263,608,248,141682
577,141750,468,183,490,225,479,204,141683
577,141751,597,127,623,164,610,145,141684
577,141752,266,0,347,50,306,25,141685
577,141753,381,121,403,156,392,138,141686
577,141754,528,71,557,95,542,83,141687
577,141755,417,112,442,146,429,129,141688
577,141756,59,164,80,186,69,175,141689
577,141757,543,206,578,231,560,218,141690
577,141758,98,165,116,200,107,182,141691
577,141759,363,21,384,66,373,43,141692
577,141760,422,23,446,54,434,38,141693
577,141761,208,316,231,345,219,330,141694
577,141762,401,284,424,303,412,293,141695
577,141763,300,52,321,85,310,68,141696
577,141764,247,52,268,78,257,65,141697
577,141765,610,0,638,21,624,10,141698
577,141766,280,291,302,311,291,301,141699
577,141767,271,75,291,105,281,90,141700
577,141768,507,25,525,50,516,37,141701
577,141769,574,69,609,96,591,82,141702
577,141770,261,178,281,211,271,194,141703
577,141771,397,12,418,32,407,22,141704
577,141772,609,49,633,75,621,62,141705
577,141773,292,231,313,257,302,244,141706
577,141774,119,90,137,115,128,102,141707
577,141775,406,28,427,51,416,39,141708
577,141776,233,84,255,106,244,95,141709
577,141777,36,121,54,142,45,131,141710
577,141778,72,129,87,155,79,142,141711
577,141779,57,97,80,123,68,110,141712
577,141780,229,50,250,74,239,62,141713
577,141781,201,11,219,32,210,21,141714
577,141782,215,19,234,45,224,32,141715
577,141783,37,158,55,177,46,167,141716
577,141784,40,88,56,115,48,101,141717
577,141785,485,254,512,277,498,265,141718
577,141786,281,17,304,40,292,28,141719
577,141787,128,0,188,22,158,11,141720
577,141788,53,18,66,53,59,35,141721
577,141789,163,0,177,4,170,2,141722
577,141790,326,241,347,261,336,251,141723
577,141791,217,0,229,7,223,3,141724
577,141792,185,81,208,104,196,92,141725
577,141793,196,56,212,82,204,69,141726
577,141794,313,128,337,153,325,140,141727
577,141795,306,98,334,120,320,109,141728
577,141796,537,0,569,12,553,6,141729
577,141797,541,159,566,185,553,172,141730
577,141798,348,62,376,85,362,73,141731
577,141799,28,244,43,264,35,254,141732
577,141800,43,233,58,255,50,244,141733
577,141801,32,275,47,300,39,287,141734
577,141802,582,10,607,22,594,16,141735
577,141803,384,9,399,28,391,18,141736
577,141804,386,270,405,297,395,283,141737
577,141805,533,37,570,60,551,48,141738
577,141806,631,57,639,80,635,68,141739
577,141807,510,9,529,32,519,20,141740
577,141808,519,307,553,326,536,316,141741
577,141809,308,264,341,288,324,276,141742
577,141810,133,0,149,12,141,6,141743
577,141811,319,1,339,13,329,7,141744
577,141812,202,230,224,246,213,238,141745
577,141813,298,282,313,296,305,289,141746
578,141814,441,0,534,73,487,36,141747
578,141815,539,247,571,274,555,260,141748
578,141816,596,234,621,263,608,248,141749
578,141817,468,183,490,225,479,204,141750
578,141818,597,127,623,164,610,145,141751
578,141819,266,0,347,50,306,25,141752
578,141820,381,121,403,156,392,138,141753
578,141821,528,71,557,95,542,83,141754
578,141822,417,112,442,146,429,129,141755
578,141823,60,164,80,186,70,175,141756
578,141824,543,206,578,231,560,218,141757
578,141825,98,165,116,200,107,182,141758
578,141826,363,21,384,66,373,43,141759
578,141827,422,23,446,54,434,38,141760
578,141828,208,316,231,345,219,330,141761
578,141829,401,284,424,303,412,293,141762
578,141830,300,52,321,85,310,68,141763
578,141831,247,52,268,78,257,65,141764
578,141832,610,0,638,21,624,10,141765
578,141833,280,291,302,311,291,301,141766
578,141834,271,75,291,105,281,90,141767
578,141835,507,25,524,50,515,37,141768
578,141836,574,69,609,96,591,82,141769
578,141837,261,178,281,211,271,194,141770
578,141838,397,12,418,32,407,22,141771
578,141839,609,49,633,75,621,62,141772
578,141840,292,231,313,257,302,244,141773
578,141841,119,90,137,115,128,102,141774
578,141842,406,29,427,51,416,40,141775
578,141843,232,84,255,106,243,95,141776
578,141844,36,121,54,142,45,131,141777
578,141845,72,129,87,156,79,142,141778
578,141846,57,97,80,123,68,110,141779
578,141847,229,50,250,74,239,62,141780
578,141848,201,11,218,32,209,21,141781
578,141849,215,16,235,44,225,30,141782
578,141850,37,158,55,177,46,167,141783
578,141851,40,88,56,115,48,101,141784
578,141852,485,254,512,277,498,265,141785
578,141853,281,17,304,39,292,28,141786
578,141854,128,0,188,22,158,11,141787
578,141855,53,18,66,53,59,35,141788
578,141856,163,0,177,4,170,2,141789
578,141857,327,241,347,261,337,251,141790
578,141858,217,0,229,6,223,3,141791
578,141859,185,81,208,104,196,92,141792
578,141860,196,56,212,82,204,69,141793
578,141861,313,128,337,153,325,140,141794
578,141862,306,98,334,120,320,109,141795
578,141863,537,0,568,12,552,6,141796
578,141864,541,159,566,185,553,172,141797
578,141865,348,62,376,85,362,73,141798
578,141866,28,244,43,264,35,254,141799
578,141867,44,232,58,255,51,243,141800
578,141868,32,275,47,300,39,287,141801
578,141869,582,10,607,22,594,16,141802
578,141870,384,9,399,28,391,18,141803
578,141871,386,270,405,297,395,283,141804
578,141872,533,37,570,60,551,48,141805
578,141873,631,57,639,80,635,68,141806
578,141874,510,8,529,32,519,20,141807
578,141875,517,306,551,326,534,316,141808
578,141876,307,264,341,287,324,275,141809
578,141877,133,0,149,12,141,6,141810
578,141878,318,1,339,13,328,7,141811
578,141879,206,230,226,247,216,238,141812
578,141880,298,281,314,296,306,288,141813
578,141881,192,243,215,260,203,251,
579,141882,441,0,534,72,487,36,141814
579,141883,539,247,571,274,555,260,141815
579,141884,596,234,621,263,608,248,141816
579,141885,468,183,490,225,479,204,141817
579,141886,597,127,623,164,610,145,141818
579,141887,267,0,347,50,307,25,141819
579,141888,381,121,403,156,392,138,141820
579,141889,528,71,557,95,542,83,141821
579,141890,417,112,442,146,429,129,141822
579,141891,60,164,79,186,69,175,141823
579,141892,543,206,578,231,560,218,141824
579,141893,99,165,116,200,107,182,141825
579,141894,363,21,384,66,373,43,141826
579,141895,422,23,446,54,434,38,141827
579,141896,208,316,231,345,219,330,141828
579,141897,401,284,424,303,412,293,141829
579,141898,300,52,321,85,310,68,141830
579,141899,247,52,268,78,257,65,141831
579,141900,610,0,638,21,624,10,141832
579,141901,280,291,302,311,291,301,141833
579,141902,271,75,291,105,281,90,141834
579,141903,507,25,524,50,515,37,141835
579,141904,574,69,609,96,591,82,141836
579,141905,261,178,281,211,271,194,141837
579,141906,397,12,418,32,407,22,141838
579,141907,609,49,633,75,621,62,141839
579,141908,292,231,313,257,302,244,141840
579,141909,119,90,137,115,128,102,141841
579,141910,406,29,427,51,416,40,141842
579,141911,232,84,255,106,243,95,141843
579,141912,36,121,54,142,45,131,141844
579,141913,72,129,87,156,79,142,141845
579,141914,57,97,80,123,68,110,141846
579,141915,229,50,250,74,239,62,141847
579,141916,200,11,218,32,209,21,141848
579,141917,216,13,235,44,225,28,141849
579,141918,37,158,55,177,46,167,141850
579,141919,40,88,56,115,48,101,141851
579,141920,485,254,512,277,498,265,141852
579,141921,281,17,303,39,292,28,141853
579,141922,129,0,188,22,158,11,141854
579,141923,53,18,66,53,59,35,141855
579,141924,163,0,177,4,170,2,141856
579,141925,327,242,347,261,337,251,141857
579,141926,217,0,228,7,222,3,141858
579,141927,185,81,208,104,196,92,141859
579,141928,196,56,212,82,204,69,141860
579,141929,313,128,337,153,325,140,141861
579,141930,306,98,334,120,320,109,141862
579,141931,537,0,568,12,552,6,141863
579,141932,541,159,566,185,553,172,141864
579,141933,348,62,376,85,362,73,141865
579,141934,28,244,43,263,35,253,141866
579,141935,44,233,58,254,51,243,141867
579,141936,32,275,47,300,39,287,141868
579,141937,582,10,607,22,594,16,141869
579,141938,384,9,399,28,391,18,141870
579,141939,386,270,405,297,395,283,141871
579,141940,532,37,570,60,551,48,141872
579,141941,631,57,639,81,635,69,141873
579,141942,509,8,529,32,519,20,141874
579,141943,514,305,549,325,531,315,141875
579,141944,307,264,341,287,324,275,141876
579,141945,133,0,149,12,141,6,141877
579,141946,318,1,339,13,328,7,141878
579,141947,209,231,228,248,218,239,141879
579,141948,298,282,314,296,306,289,141880
579,141949,565,351,592,358,578,354,
580,141950,442,0,534,73,488,36,141882
580,141951,539,247,571,274,555,260,141883
580,141952,596,234,621,263,608,248,141884
580,141953,468,183,490,225,479,204,141885
580,141954,597,127,623,164,610,145,141886
580,141955,267,0,347,50,307,25,141887
580,141956,381,121,403,156,392,138,141888
580,141957,528,71,557,95,542,83,141889
580,141958,417,112,442,146,429,129,141890
580,141959,60,164,79,186,69,175,141891
580,141960,543,206,578,231,560,218,141892
580,141961,99,165,116,200,107,182,141893
580,141962,363,21,384,66,373,43,141894
580,141963,422,23,446,54,434,38,141895
580,141964,208,316,231,345,219,330,141896
580,141965,401,284,424,303,412,293,141897
580,141966,300,52,321,85,310,68,141898
580,141967,247,52,268,78,257,65,141899
580,141968,610,0,638,21,624,10,141900
580,141969,280,291,302,311,291,301,141901
580,141970,271,74,291,105,281,89,141902
580,141971,507,24,524,50,515,37,141903
580,141972,574,69,609,95,591,82,141904
580,141973,261,178,281,211,271,194,141905
580,141974,397,12,418,32,407,22,141906
580,141975,609,49,633,75,621,62,141907
580,141976,292,231,313,257,302,244,141908
580,141977,119,90,137,115,128,102,141909
580,141978,406,29,427,51,416,40,141910
580,141979,232,84,255,106,243,95,141911
580,141980,36,120,54,142,45,131,141912
580,141981,72,129,88,156,80,142,141913
580,141982,57,97,80,123,68,110,141914
580,141983,229,50,250,74,239,62,141915
580,141984,200,11,219,32,209,21,141916
580,141985,217,11,235,44,226,27,141917
580,141986,37,158,55,177,46,167,141918
580,141987,40,88,56,115,48,101,141919
580,141988,485,254,512,277,498,265,141920
580,141989,281,17,303,38,292,27,141921
580,141990,129,0,188,22,158,11,141922
580,141991,53,18,66,53,59,35,141923
580,141992,163,0,177,4,170,2,141924
580,141993,327,242,347,261,337,251,141925
580,141994,217,0,228,7,222,3,141926
580,141995,185,81,208,104,196,92,141927
580,141996,196,56,212,82,204,69,141928
580,141997,313,128,337,153,325,140,141929
580,141998,306,98,334,120,320,109,141930
580,141999,537,0,568,12,552,6,141931
580,142000,541,159,566,185,553,172,141932
580,142001,348,62,376,85,362,73,141933
580,142002,28,244,43,263,35,253,141934
580,142003,44,233,58,254,51,243,141935
580,142004,32,275,47,300,39,287,141936
580,142005,582,10,607,22,594,16,141937
580,142006,384,9,399,28,391,18,141938
580,142007,386,270,405,297,395,283,141939
580,142008,532,37,570,59,551,48,141940
580,142009,631,56,639,80,635,68,141941
580,142010,510,303,546,323,528,313,141943
580,142011,306,264,341,287,323,275,141944
580,142012,133,0,149,12,141,6,141945
580,142013,318,1,339,13,328,7,141946
580,142014,212,232,231,250,221,241,141947
580,142015,298,283,314,296,306,289,141948
580,142016,564,351,592,358,578,354,141949
580,142017,191,244,216,258,203,251,
581,142018,442,0,533,73,487,36,141950
581,142019,539,247,571,274,555,260,141951
581,142020,596,234,621,263,608,248,141952
581,142021,468,183,490,225,479,204,141953
581,142022,597,127,623,164,610,145,141954
581,142023,267,0,347,50,307,25,141955
581,142024,381,121,403,156,392,138,141956
581,142025,528,71,557,95,542,83,141957
581,142026,417,112,442,146,429,129,141958
581,142027,60,164,79,186,69,175,141959
581,142028,543,206,578,231,560,218,141960
581,142029,99,165,116,200,107,182,141961
581,142030,363,21,384,66,373,43,141962
581,142031,422,23,446,54,434,38,141963
581,142032,208,316,231,345,219,330,141964
581,142033,401,284,424,303,412,293,141965
581,142034,300,52,321,85,310,68,141966
581,142035,247,52,268,78,257,65,141967
581,142036,610,0,638,21,624,10,141968
581,142037,280,291,302,311,291,301,141969
581,142038,271,74,291,105,281,89,141970
581,142039,507,24,525,50,516,37,141971
581,142040,574,69,609,95,591,82,141972
581,142041,261,178,281,211,271,194,141973
581,142042,397,12,418,32,407,22,141974
581,142043,609,49,633,75,621,62,141975
581,142044,292,231,313,257,302,244,141976
581,142045,119,90,137,115,128,102,141977
581,142046,406,29,427,51,416,40,141978
581,142047,232,84,255,106,243,95,141979
581,142048,36,120,54,142,45,131,141980
581,142049,72,129,87,156,79,142,141981
581,142050,57,97,80,123,68,110,141982
581,142051,229,50,250,74,239,62,141983
581,142052,200,11,219,32,209,21,141984
581,142053,218,10,235,43,226,26,141985
581,142054,37,158,55,177,46,167,141986
581,142055,40,88,56,115,48,101,141987
581,142056,485,254,512,277,498,265,141988
581,142057,281,17,303,38,292,27,141989
581,142058,129,0,188,22,158,11,141990
581,142059,52,18,66,53,59,35,141991
581,142060,163,0,177,4,170,2,141992
581,142061,327,242,347,261,337,251,141993
581,142062,217,0,228,7,222,3,141994
581,142063,185,81,208,104,196,92,141995
581,142064,196,56,212,82,204,69,141996
581,142065,313,128,337,153,325,140,141997
581,142066,306,98,334,120,320,109,141998
581,142067,537,0,568,12,552,6,141999
581,142068,541,159,566,185,553,172,142000
581,142069,348,62,376,85,362,73,142001
581,142070,28,244,43,263,35,253,142002
581,142071,44,233,58,253,51,243,142003
581,142072,32,275,47,300,39,287,142004
581,142073,582,10,607,22,594,16,142005
581,142074,384,9,399,28,391,18,142006
581,142075,386,270,405,297,395,283,142007
581,142076,532,37,570,59,551,48,142008
581,142077,631,56,639,80,635,68,142009
581,142078,509,303,545,323,527,313,142010
581,142079,306,264,341,287,323,275,142011
581,142080,133,0,149,12,141,6,142012
581,142081,318,1,339,13,328,7,142013
581,142082,213,232,231,251,222,241,142014
581,142083,298,283,314,296,306,289,142015
581,142084,564,351,592,358,578,354,142016
581,142085,191,244,216,257,203,250,142017
582,142086,442,0,534,73,488,36,142018
582,142087,539,247,571,274,555,260,142019
582,142088,596,234,621,263,608,248,142020
582,142089,468,183,490,224,479,203,142021
582,142090,597,127,623,164,610,145,142022
582,142091,267,0,347,50,307,25,142023
582,142092,381,121,403,156,392,138,142024
582,142093,528,71,557,95,542,83,142025
582,142094,417,112,442,146,429,129,142026
582,142095,60,164,79,186,69,175,142027
582,142096,543,206,578,231,560,218,142028
582,142097,99,165,116,200,107,182,142029
582,142098,363,21,384,66,373,43,142030
582,142099,422,23,446,54,434,38,142031
582,142100,208,316,231,345,219,330,142032
582,142101,401,284,424,303,412,293,142033
582,142102,300,52,321,85,310,68,142034
582,142103,247,52,268,78,257,65,142035
582,142104,610,0,638,22,624,11,142036
582,142105,280,291,302,311,291,301,142037
582,142106,271,74,291,105,281,89,142038
582,142107,507,24,524,50,515,37,142039
582,142108,574,69,609,95,591,82,142040
582,142109,261,178,281,211,271,194,142041
582,142110,397,12,418,32,407,22,142042
582,142111,609,49,633,75,621,62,142043
582,142112,292,231,313,257,302,244,142044
582,142113,119,90,137,115,128,102,142045
582,142114,406,29,427,51,416,40,142046
582,142115,232,84,255,106,243,95,142047
582,142116,36,120,54,142,45,131,142048
582,142117,72,129,87,156,79,142,142049
582,142118,57,97,80,123,68,110,142050
582,142119,229,50,250,74,239,62,142051
582,142120,201,11,219,32,210,21,142052
582,142121,217,9,236,42,226,25,142053
582,142122,37,158,55,177,46,167,142054
582,142123,40,88,56,115,48,101,142055
582,142124,486,254,512,277,499,265,142056
582,142125,281,16,304,38,292,27,142057
582,142126,128,0,188,22,158,11,142058
582,142127,53,18,66,53,59,35,142059
582,142128,163,0,177,4,170,2,142060
582,142129,327,242,347,261,337,251,142061
582,142130,216,0,228,7,222,3,142062
582,142131,185,81,208,104,196,92,142063
582,142132,196,56,212,82,204,69,142064
582,142133,313,128,337,153,325,140,142065
582,142134,306,98,334,121,320,109,142066
582,142135,537,0,568,12,552,6,142067
582,142136,541,159,566,185,553,172,142068
582,142137,348,62,376,85,362,73,142069
582,142138,28,244,43,263,35,253,142070
582,142139,44,232,58,253,51,242,142071
582,142140,32,275,47,300,39,287,142072
582,142141,582,10,607,22,594,16,142073
582,142142,384,9,399,28,391,18,142074
582,142143,386,270,405,297,395,283,142075
582,142144,532,37,570,59,551,48,142076
582,142145,632,56,639,80,635,68,142077
582,142146,507,302,545,322,526,312,142078
582,142147,305,264,342,287,323,275,142079
582,142148,133,0,149,12,141,6,142080
582,142149,318,1,339,13,328,7,142081
582,142150,215,234,233,253,224,243,142082
582,142151,298,283,313,297,305,290,142083
582,142152,564,351,592,358,578,354,142084
582,142153,191,244,216,259,203,251,142085
583,142154,441,0,534,73,487,36,142086
583,142155,539,247,571,274,555,260,142087
583,142156,596,234,621,263,608,248,142088
583,142157,468,183,490,224,479,203,142089
583,142158,597,127,623,165,610,146,142090
583,142159,267,0,347,50,307,25,142091
583,142160,381,121,403,156,392,138,142092
583,142161,528,71,557,95,542,83,142093
583,142162,417,112,442,146,429,129,142094
583,142163,60,164,79,186,69,175,142095
583,142164,543,206,578,231,560,218,142096
583,142165,99,165,116,200,107,182,142097
583,142166,363,21,384,66,373,43,142098
583,142167,422,23,446,54,434,38,142099
583,142168,208,316,231,345,219,330,142100
583,142169,401,284,424,303,412,293,142101
583,142170,300,52,321,85,310,68,142102
583,142171,247,52,268,78,257,65,142103
583,142172,610,0,638,22,624,11,142104
583,142173,280,291,302,311,291,301,142105
583,142174,271,74,291,105,281,89,142106
583,142175,507,24,524,50,515,37,142107
583,142176,574,69,609,96,591,82,142108
583,142177,261,178,281,211,271,194,142109
583,142178,397,12,418,32,407,22,142110
583,142179,609,49,633,75,621,62,142111
583,142180,292,231,313,257,302,244,142112
583,142181,119,90,137,115,128,102,142113
583,142182,406,29,427,51,416,40,142114
583,142183,232,84,255,106,243,95,142115
583,142184,36,120,54,142,45,131,142116
583,142185,72,129,88,156,80,142,142117
583,142186,57,97,80,123,68,110,142118
583,142187,229,50,250,74,239,62,142119
583,142188,201,11,219,32,210,21,142120
583,142189,217,8,236,40,226,24,142121
583,142190,37,158,55,177,46,167,142122
583,142191,40,88,56,115,48,101,142123
583,142192,486,254,512,277,499,265,142124
583,142193,281,16,304,38,292,27,142125
583,142194,128,0,188,22,158,11,142126
583,142195,52,18,66,53,59,35,142127
583,142196,163,0,177,4,170,2,142128
583,142197,327,242,347,260,337,251,142129
583,142198,216,0,227,7,221,3,142130
583,142199,185,81,208,104,196,92,142131
583,142200,196,56,212,82,204,69,142132
583,142201,313,128,337,153,325,140,142133
583,142202,307,98,334,121,320,109,142134
583,142203,536,0,568,12,552,6,142135
583,142204,541,159,566,185,553,172,142136
583,142205,348,62,376,85,362,73,142137
583,142206,28,244,43,263,35,253,142138
583,142207,44,232,58,253,51,242,142139
583,142208,32,275,47,300,39,287,142140
583,142209,582,10,607,22,594,16,142141
583,142210,384,9,400,28,392,18,142142
583,142211,386,270,404,297,395,283,142143
583,142212,532,37,570,59,551,48,142144
583,142213,631,56,639,81,635,68,142145
583,142214,506,301,543,321,524,311,142146
583,142215,304,265,342,290,323,277,142147
583,142216,133,0,149,12,141,6,142148
583,142217,318,1,339,13,328,7,142149
583,142218,216,236,235,255,225,245,142150
583,142219,298,283,313,297,305,290,142151
584,142220,441,0,534,73,487,36,142154
584,142221,539,247,571,274,555,260,142155
584,142222,596,234,621,263,608,248,142156
584,142223,468,183,490,224,479,203,142157
584,142224,597,127,623,165,610,146,142158
584,142225,267,0,347,50,307,25,142159
584,142226,381,121,403,156,392,138,142160
584,142227,528,71,557,95,542,83,142161
584,142228,417,112,442,146,429,129,142162
584,142229,59,164,79,186,69,175,142163
584,142230,543,206,578,231,560,218,142164
584,142231,99,165,116,200,107,182,142165
584,142232,363,21,384,66,373,43,142166
584,142233,422,23,446,54,434,38,142167
584,142234,208,316,231,345,219,330,142168
584,142235,401,284,424,303,412,293,142169
584,142236,300,52,321,85,310,68,142170
584,142237,247,52,268,78,257,65,142171
584,142238,610,0,638,22,624,11,142172
584,142239,280,291,302,311,291,301,142173
584,142240,271,74,291,105,281,89,142174
584,142241,507,25,524,50,515,37,142175
584,142242,574,69,609,96,591,82,142176
584,142243,261,178,281,211,271,194,142177
584,142244,397,12,418,32,407,22,142178
584,142245,609,49,633,75,621,62,142179
584,142246,292,231,313,257,302,244,142180
584,142247,119,90,137,115,128,102,142181
584,142248,407,29,427,51,417,40,142182
584,142249,232,84,255,106,243,95,142183
584,142250,36,120,54,142,45,131,142184
584,142251,72,129,88,156,80,142,142185
584,142252,57,97,80,123,68,110,142186
584,142253,229,50,250,74,239,62,142187
584,142254,201,11,219,32,210,21,142188
584,142255,218,7,237,39,227,23,142189
584,142256,37,158,55,177,46,167,142190
584,142257,40,88,56,115,48,101,142191
584,142258,486,254,512,277,499,265,142192
584,142259,281,16,304,38,292,27,142193
584,142260,128,0,188,22,158,11,142194
584,142261,53,18,66,53,59,35,142195
584,142262,163,0,177,4,170,2,142196
584,142263,327,242,347,260,337,251,142197
584,142264,216,0,228,7,222,3,142198
584,142265,185,81,208,104,196,92,142199
584,142266,196,56,212,82,204,69,142200
584,142267,313,128,337,153,325,140,142201
584,142268,307,98,334,121,320,109,142202
584,142269,534,0,568,12,551,6,142203
584,142270,541,159,566,185,553,172,142204
584,142271,348,62,376,85,362,73,142205
584,142272,28,244,43,263,35,253,142206
584,142273,43,232,58,253,50,242,142207
584,142274,32,275,47,300,39,287,142208
584,142275,582,10,607,22,594,16,142209
584,142276,384,9,400,28,392,18,142210
584,142277,386,270,404,297,395,283,142211
584,142278,532,37,570,60,551,48,142212
584,142279,631,56,639,81,635,68,142213
584,142280,506,300,541,320,523,310,142214
584,142281,304,265,341,288,322,276,142215
584,142282,133,0,149,12,141,6,142216
584,142283,318,1,339,13,328,7,142217
584,142284,217,237,236,257,226,247,142218
584,142285,298,283,313,297,305,290,142219
585,142286,441,0,533,73,487,36,142220
585,142287,539,247,571,274,555,260,142221
585,142288,596,234,621,263,608,248,142222
585,142289,468,183,490,224,479,203,142223
585,142290,597,127,623,165,610,146,142224
585,142291,266,0,347,50,306,25,142225
585,142292,381,121,403,156,392,138,142226
585,142293,528,71,557,95,542,83,142227
585,142294,417,112,442,146,429,129,142228
585,142295,59,164,79,186,69,175,142229
585,142296,544,206,578,231,561,218,142230
585,142297,99,165,116,200,107,182,142231
585,142298,363,21,384,66,373,43,142232
585,142299,423,23,446,53,434,38,142233
585,142300,208,316,231,345,219,330,142234
585,142301,402,284,424,303,413,293,142235
585,142302,300,52,321,85,310,68,142236
585,142303,246,52,268,78,257,65,142237
585,142304,610,0,638,22,624,11,142238
585,142305,280,291,302,311,291,301,142239
585,142306,271,74,291,105,281,89,142240
585,142307,507,24,524,50,515,37,142241
585,142308,574,69,610,96,592,82,142242
585,142309,261,178,281,211,271,194,142243
585,142310,397,11,418,32,407,21,142244
585,142311,609,49,633,75,621,62,142245
585,142312,292,231,313,257,302,244,142246
585,142313,119,90,137,115,128,102,142247
585,142314,407,28,427,51,417,39,142248
585,142315,232,84,255,106,243,95,142249
585,142316,36,120,54,142,45,131,142250
585,142317,72,129,88,155,80,142,142251
585,142318,57,97,80,123,68,110,142252
585,142319,229,50,250,74,239,62,142253
585,142320,201,11,219,32,210,21,142254
585,142321,218,7,236,37,227,22,142255
585,142322,37,158,55,177,46,167,142256
585,142323,40,88,56,115,48,101,142257
585,142324,486,254,512,277,499,265,142258
585,142325,280,16,304,37,292,26,142259
585,142326,129,0,188,22,158,11,142260
585,142327,53,18,66,53,59,35,142261
585,142328,163,0,177,4,170,2,142262
585,142329,327,242,347,261,337,251,142263
585,142330,216,0,228,7,222,3,142264
585,142331,185,81,208,104,196,92,142265
585,142332,196,56,212,82,204,69,142266
585,142333,313,128,337,153,325,140,142267
585,142334,307,98,334,121,320,109,142268
585,142335,534,0,568,12,551,6,142269
585,142336,541,159,566,185,553,172,142270
585,142337,348,62,376,85,362,73,142271
585,142338,29,244,43,263,36,253,142272
585,142339,43,232,58,253,50,242,142273
585,142340,32,275,47,300,39,287,142274
585,142341,582,10,607,22,594,16,142275
585,142342,384,9,399,28,391,18,142276
585,142343,386,270,404,297,395,283,142277
585,142344,532,37,570,60,551,48,142278
585,142345,631,56,639,81,635,68,142279
585,142346,506,300,539,320,522,310,142280
585,142347,302,265,341,287,321,276,142281
585,142348,133,0,149,12,141,6,142282
585,142349,318,1,339,13,328,7,142283
585,142350,219,239,238,258,228,248,142284
585,142351,298,284,314,297,306,290,142285
586,142352,442,0,533,73,487,36,142286
586,142353,539,247,571,274,555,260,142287
586,142354,596,234,621,263,608,248,142288
586,142355,468,183,490,224,479,203,142289
586,142356,597,127,623,165,610,146,142290
586,142357,266,0,347,50,306,25,142291
586,142358,381,121,403,156,392,138,142292
586,142359,528,71,557,95,542,83,142293
586,142360,417,112,442,146,429,129,142294
586,142361,59,164,79,186,69,175,142295
586,142362,543,206,578,231,560,218,142296
586,142363,99,165,116,200,107,182,142297
586,142364,363,21,384,66,373,43,142298
586,142365,424,23,446,53,435,38,142299
586,142366,208,316,231,345,219,330,142300
586,142367,402,284,424,303,413,293,142301
586,142368,300,52,321,85,310,68,142302
586,142369,247,52,268,78,257,65,142303
586,142370,610,0,638,22,624,11,142304
586,142371,279,291,302,311,290,301,142305
586,142372,271,74,291,105,281,89,142306
586,142373,507,24,524,50,515,37,142307
586,142374,574,69,610,96,592,82,142308
586,142375,261,178,281,211,271,194,142309
586,142376,397,11,418,32,407,21,142310
586,142377,609,48,633,75,621,61,142311
586,142378,292,231,313,257,302,244,142312
586,142379,119,90,137,115,128,102,142313
586,142380,408,28,427,50,417,39,142314
586,142381,232,84,255,106,243,95,142315
586,142382,36,120,54,142,45,131,142316
586,142383,72,129,88,155,80,142,142317
586,142384,57,97,80,123,68,110,142318
586,142385,229,50,250,74,239,62,142319
586,142386,201,11,219,33,210,22,142320
586,142387,218,7,236,36,227,21,142321
586,142388,37,158,55,177,46,167,142322
586,142389,40,88,56,115,48,101,142323
586,142390,486,254,512,277,499,265,142324
586,142391,280,16,304,37,292,26,142325
586,142392,129,0,188,22,158,11,142326
586,142393,53,18,66,53,59,35,142327
586,142394,163,0,177,4,170,2,142328
586,142395,327,242,347,261,337,251,142329
586,142396,217,0,228,7,222,3,142330
586,142397,185,81,208,104,196,92,142331
586,142398,196,56,212,82,204,69,142332
586,142399,313,128,337,153,325,140,142333
586,142400,307,98,334,121,320,109,142334
586,142401,533,0,568,12,550,6,142335
586,142402,541,159,566,185,553,172,142336
586,142403,348,62,376,85,362,73,142337
586,142404,29,244,43,263,36,253,142338
586,142405,43,232,59,253,51,242,142339
586,142406,32,275,47,300,39,287,142340
586,142407,582,10,607,22,594,16,142341
586,142408,384,9,399,28,391,18,142342
586,142409,386,270,404,297,395,283,142343
586,142410,532,37,570,60,551,48,142344
586,142411,631,56,639,81,635,68,142345
586,142412,505,300,538,320,521,310,142346
586,142413,301,265,340,287,320,276,142347
586,142414,133,0,149,12,141,6,142348
586,142415,317,1,339,13,328,7,142349
586,142416,220,241,240,259,230,250,142350
586,142417,66,20,81,42,73,31,
587,142418,442,0,533,73,487,36,142352
587,142419,539,247,571,274,555,260,142353
587,142420,596,234,621,263,608,248,142354
587,142421,468,183,490,224,479,203,142355
587,142422,597,127,623,165,610,146,142356
587,142423,266,0,347,50,306,25,142357
587,142424,381,121,403,156,392,138,142358
587,142425,528,71,557,95,542,83,142359
587,142426,417,112,442,146,429,129,142360
587,142427,59,164,79,186,69,175,142361
587,142428,543,206,578,231,560,218,142362
587,142429,99,165,116,201,107,183,142363
587,142430,363,21,384,66,373,43,142364
587,142431,424,23,446,53,435,38,142365
587,142432,208,316,231,345,219,330,142366
587,142433,402,284,424,303,413,293,142367
587,142434,300,52,321,85,310,68,142368
587,142435,247,52,268,78,257,65,142369
587,142436,610,0,638,22,624,11,142370
587,142437,279,291,302,311,290,301,142371
587,142438,271,74,291,105,281,89,142372
587,142439,507,24,524,50,515,37,142373
587,142440,574,69,610,96,592,82,142374
587,142441,261,178,281,211,271,194,142375
587,142442,397,11,418,32,407,21,142376
587,142443,609,48,633,75,621,61,142377
587,142444,292,231,313,257,302,244,142378
587,142445,119,90,137,115,128,102,142379
587,142446,408,28,427,50,417,39,142380
587,142447,232,84,255,106,243,95,142381
587,142448,36,120,54,142,45,131,142382
587,142449,72,129,88,155,80,142,142383
587,142450,57,97,80,123,68,110,142384
587,142451,229,50,250,74,239,62,142385
587,142452,201,11,219,33,210,22,142386
587,142453,218,7,236,36,227,21,142387
587,142454,37,158,55,177,46,167,142388
587,142455,40,88,56,115,48,101,142389
587,142456,486,254,512,277,499,265,142390
587,142457,280,16,304,37,292,26,142391
587,142458,129,0,188,22,158,11,142392
587,142459,53,18,66,53,59,35,142393
587,142460,163,0,177,4,170,2,142394
587,142461,327,242,347,261,337,251,142395
587,142462,217,0,228,7,222,3,142396
587,142463,185,81,208,104,196,92,142397
587,142464,196,56,212,82,204,69,142398
587,142465,313,128,337,153,325,140,142399
587,142466,307,98,334,121,320,109,142400
587,142467,533,0,568,12,550,6,142401
587,142468,541,159,566,185,553,172,142402
587,142469,348,62,376,85,362,73,142403
587,142470,29,244,43,263,36,253,142404
587,142471,43,232,59,253,51,242,142405
587,142472,32,275,47,300,39,287,142406
587,142473,582,10,607,22,594,16,142407
587,142474,384,9,399,28,391,18,142408
587,142475,386,270,404,297,395,283,142409
587,142476,532,37,570,60,551,48,142410
587,142477,631,56,639,81,635,68,142411
587,142478,505,300,537,320,521,310,142412
587,142479,301,264,340,287,320,275,142413
587,142480,133,0,149,12,141,6,142414
587,142481,317,1,339,13,328,7,142415
587,142482,221,241,241,260,231,250,142416
587,142483,66,20,81,42,73,31,142417
588,142484,442,0,533,73,487,36,142418
588,142485,539,247,571,274,555,260,142419
588,142486,596,233,621,263,608,248,142420
588,142487,468,183,490,224,479,203,142421
588,142488,597,127,623,165,610,146,142422
588,142489,266,0,347,50,306,25,142423
588,142490,381,121,403,156,392,138,142424
588,142491,528,71,557,95,542,83,142425
588,142492,417,112,442,146,429,129,142426
588,142493,59,164,79,186,69,175,142427
588,142494,543,206,578,231,560,218,142428
588,142495,99,165,116,200,107,182,142429
588,142496,363,21,384,66,373,43,142430
588,142497,424,23,446,53,435,38,142431
588,142498,208,316,231,345,219,330,142432
588,142499,401,284,424,303,412,293,142433
588,142500,300,52,321,85,310,68,142434
588,142501,247,52,268,78,257,65,142435
588,142502,610,0,638,22,624,11,142436
588,142503,279,291,302,311,290,301,142437
588,142504,271,74,291,105,281,89,142438
588,142505,507,25,524,50,515,37,142439
588,142506,574,69,610,96,592,82,142440
588,142507,261,178,281,211,271,194,142441
588,142508,397,11,418,31,407,21,142442
588,142509,609,48,633,75,621,61,142443
588,142510,292,231,313,257,302,244,142444
588,142511,119,90,137,115,128,102,142445
588,142512,408,28,427,50,417,39,142446
588,142513,232,84,255,106,243,95,142447
588,142514,36,120,54,142,45,131,142448
588,142515,72,129,88,155,80,142,142449
588,142516,57,97,80,123,68,110,142450
588,142517,229,50,250,74,239,62,142451
588,142518,201,11,220,33,210,22,142452
588,142519,218,6,236,35,227,20,142453
588,142520,37,158,55,177,46,167,142454
588,142521,40,88,56,115,48,101,142455
588,142522,486,254,512,277,499,265,142456
588,142523,280,16,304,37,292,26,142457
588,142524,129,0,188,22,158,11,142458
588,142525,53,18,66,53,59,35,142459
588,142526,163,0,177,4,170,2,142460
588,142527,327,242,347,261,337,251,142461
588,142528,217,0,228,7,222,3,142462
588,142529,185,81,208,104,196,92,142463
588,142530,196,56,212,82,204,69,142464
588,142531,313,128,337,153,325,140,142465
588,142532,307,98,334,121,320,109,142466
588,142533,533,0,568,12,550,6,142467
588,142534,541,159,566,185,553,172,142468
588,142535,348,62,376,86,362,74,142469
588,142536,29,244,43,263,36,253,142470
588,142537,43,232,59,253,51,242,142471
588,142538,32,275,47,300,39,287,142472
588,142539,582,10,607,22,594,16,142473
588,142540,384,9,399,28,391,18,142474
588,142541,386,270,405,297,395,283,142475
588,142542,532,37,570,60,551,48,142476
588,142543,631,56,639,81,635,68,142477
588,142544,505,301,537,321,521,311,142478
588,142545,300,264,340,286,320,275,142479
588,142546,133,0,149,12,141,6,142480
588,142547,317,1,339,13,328,7,142481
588,142548,223,242,243,260,233,251,142482
588,142549,66,20,81,42,73,31,142483
588,142550,191,243,215,258,203,250,
589,142551,442,0,533,73,487,36,142484
589,142552,539,247,571,274,555,260,142485
589,142553,596,233,621,263,608,248,142486
589,142554,468,183,490,224,479,203,142487
589,142555,597,127,623,165,610,146,142488
589,142556,266,0,347,50,306,25,142489
589,142557,381,121,403,156,392,138,142490
589,142558,528,71,557,95,542,83,142491
589,142559,417,112,442,146,429,129,142492
589,142560,59,164,79,186,69,175,142493
589,142561,543,206,578,231,560,218,142494
589,142562,99,165,116,200,107,182,142495
589,142563,362,21,384,66,373,43,142496
589,142564,424,23,446,53,435,38,142497
589,142565,208,316,231,345,219,330,142498
589,142566,399,285,425,303,412,294,142499
589,142567,300,52,321,85,310,68,142500
589,142568,247,52,268,78,257,65,142501
589,142569,610,0,638,22,624,11,142502
589,142570,279,291,302,311,290,301,142503
589,142571,271,74,291,105,281,89,142504
589,142572,507,25,524,50,515,37,142505
589,142573,574,69,610,96,592,82,142506
589,142574,261,178,281,211,271,194,142507
589,142575,397,11,418,32,407,21,142508
589,142576,610,48,634,75,622,61,142509
589,142577,293,231,313,257,303,244,142510
589,142578,119,90,137,115,128,102,142511
589,142579,408,26,427,50,417,38,142512
589,142580,232,84,255,106,243,95,142513
589,142581,36,120,54,142,45,131,142514
589,142582,72,129,88,156,80,142,142515
589,142583,57,97,80,123,68,110,142516
589,142584,229,50,250,74,239,62,142517
589,142585,201,11,219,33,210,22,142518
589,142586,218,3,235,35,226,19,142519
589,142587,37,158,55,177,46,167,142520
589,142588,40,88,56,115,48,101,142521
589,142589,486,254,512,277,499,265,142522
589,142590,280,16,304,37,292,26,142523
589,142591,129,0,188,22,158,11,142524
589,142592,53,18,66,53,59,35,142525
589,142593,163,0,177,4,170,2,142526
589,142594,327,242,347,261,337,251,142527
589,142595,185,81,208,104,196,92,142529
589,142596,196,56,212,82,204,69,142530
589,142597,313,128,337,153,325,140,142531
589,142598,307,98,334,121,320,109,142532
589,142599,533,0,568,12,550,6,142533
589,142600,541,159,566,185,553,172,142534
589,142601,348,62,376,86,362,74,142535
589,142602,29,244,43,263,36,253,142536
589,142603,43,232,59,253,51,242,142537
589,142604,31,275,47,300,39,287,142538
589,142605,582,10,607,22,594,16,142539
589,142606,384,9,399,28,391,18,142540
589,142607,386,270,404,297,395,283,142541
589,142608,532,37,571,60,551,48,142542
589,142609,630,56,639,81,634,68,142543
589,142610,503,301,536,321,519,311,142544
589,142611,133,0,149,12,141,6,142546
589,142612,317,1,339,13,328,7,142547
589,142613,226,243,245,261,235,252,142548
589,142614,66,20,81,42,73,31,142549
589,142615,298,262,327,276,312,269,
590,142616,442,0,533,73,487,36,142551
590,142617,539,247,571,274,555,260,142552
590,142618,596,233,621,263,608,248,142553
590,142619,468,183,490,223,479,203,142554
590,142620,597,127,623,165,610,146,142555
590,142621,266,0,347,50,306,25,142556
590,142622,381,121,403,156,392,138,142557
590,142623,528,71,557,95,542,83,142558
590,142624,417,112,442,146,429,129,142559
590,142625,59,164,79,186,69,175,142560
590,142626,543,206,578,231,560,218,142561
590,142627,99,165,116,200,107,182,142562
590,142628,363,21,384,66,373,43,142563
590,142629,424,23,446,53,435,38,142564
590,142630,208,316,231,345,219,330,142565
590,142631,398,285,423,302,410,293,142566
590,142632,300,52,321,85,310,68,142567
590,142633,247,52,268,78,257,65,142568
590,142634,610,0,638,22,624,11,142569
590,142635,279,291,302,311,290,301,142570
590,142636,271,74,291,105,281,89,142571
590,142637,507,25,524,50,515,37,142572
590,142638,574,69,610,96,592,82,142573
590,142639,261,178,281,211,271,194,142574
590,142640,397,11,418,32,407,21,142575
590,142641,609,48,634,75,621,61,142576
590,142642,293,231,313,257,303,244,142577
590,142643,119,90,137,115,128,102,142578
590,142644,408,26,428,50,418,38,142579
590,142645,232,84,255,106,243,95,142580
590,142646,36,120,54,142,45,131,142581
590,142647,72,129,88,156,80,142,142582
590,142648,57,97,80,123,68,110,142583
590,142649,229,50,250,74,239,62,142584
590,142650,201,11,219,33,210,22,142585
590,142651,218,0,235,34,226,17,142586
590,142652,37,158,55,177,46,167,142587
590,142653,40,88,56,115,48,101,142588
590,142654,486,254,512,277,499,265,142589
590,142655,280,16,304,37,292,26,142590
590,142656,129,0,188,22,158,11,142591
590,142657,53,18,66,52,59,35,142592
590,142658,163,0,177,4,170,2,142593
590,142659,327,242,347,260,337,251,142594
590,142660,185,81,208,103,196,92,142595
590,142661,196,56,212,82,204,69,142596
590,142662,313,128,337,153,325,140,142597
590,142663,307,98,334,121,320,109,142598
590,142664,532,0,568,12,550,6,142599
590,142665,541,159,566,185,553,172,142600
590,142666,348,62,376,86,362,74,142601
590,142667,29,244,43,263,36,253,142602
590,142668,43,233,59,253,51,243,142603
590,142669,31,275,47,300,39,287,142604
590,142670,582,10,607,22,594,16,142605
590,142671,384,9,399,28,391,18,142606
590,142672,386,270,404,296,395,283,142607
590,142673,532,37,571,60,551,48,142608
590,142674,630,57,639,81,634,69,142609
590,142675,502,302,536,322,519,312,142610
590,142676,133,0,149,12,141,6,142611
590,142677,317,1,339,13,328,7,142612
590,142678,229,243,248,261,238,252,142613
590,142679,66,20,82,41,74,30,142614
590,142680,297,261,326,275,311,268,142615
591,142681,442,0,533,73,487,36,142616
591,142682,539,247,571,274,555,260,142617
591,142683,596,233,621,263,608,248,142618
591,142684,468,183,490,223,479,203,142619
591,142685,596,127,623,165,609,146,142620
591,142686,266,0,347,50,306,25,142621
591,142687,381,121,403,156,392,138,142622
591,142688,528,71,557,95,542,83,142623
591,142689,417,112,442,146,429,129,142624
591,142690,59,164,79,186,69,175,142625
591,142691,543,206,578,231,560,218,142626
591,142692,99,165,116,200,107,182,142627
591,142693,363,21,384,66,373,43,142628
591,142694,424,24,446,53,435,38,142629
591,142695,208,316,231,345,219,330,142630
591,142696,397,286,421,302,409,294,142631
591,142697,300,52,321,85,310,68,142632
591,142698,246,52,268,78,257,65,142633
591,142699,610,0,638,22,624,11,142634
591,142700,279,291,302,311,290,301,142635
591,142701,271,74,291,105,281,89,142636
591,142702,507,25,524,50,515,37,142637
591,142703,574,69,610,96,592,82,142638
591,142704,261,178,281,211,271,194,142639
591,142705,397,11,418,31,407,21,142640
591,142706,609,48,634,75,621,61,142641
591,142707,293,231,313,256,303,243,142642
591,142708,119,90,137,115,128,102,142643
591,142709,409,25,428,50,418,37,142644
591,142710,232,84,255,106,243,95,142645
591,142711,36,120,54,142,45,131,142646
591,142712,72,129,88,155,80,142,142647
591,142713,57,97,80,123,68,110,142648
591,142714,229,50,250,74,239,62,142649
591,142715,201,11,219,33,210,22,142650
591,142716,218,0,234,34,226,17,142651
591,142717,37,158,55,177,46,167,142652
591,142718,40,88,56,115,48,101,142653
591,142719,486,254,512,277,499,265,142654
591,142720,280,16,304,37,292,26,142655
591,142721,129,0,188,22,158,11,142656
591,142722,53,18,66,52,59,35,142657
591,142723,163,0,177,4,170,2,142658
591,142724,327,242,346,260,336,251,142659
591,142725,185,81,208,103,196,92,142660
591,142726,196,56,212,82,204,69,142661
591,142727,313,128,337,153,325,140,142662
591,142728,307,98,334,121,320,109,142663
591,142729,532,0,568,12,550,6,142664
591,142730,541,159,566,185,553,172,142665
591,142731,348,62,376,86,362,74,142666
591,142732,29,244,43,263,36,253,142667
591,142733,43,233,59,253,51,243,142668
591,142734,31,275,47,300,39,287,142669
591,142735,582,10,607,22,594,16,142670
591,142736,384,9,399,28,391,18,142671
591,142737,386,270,404,296,395,283,142672
591,142738,532,37,571,60,551,48,142673
591,142739,630,57,639,81,634,69,142674
591,142740,501,302,535,322,518,312,142675
591,142741,133,0,149,12,141,6,142676
591,142742,318,1,339,13,328,7,142677
591,142743,231,244,251,262,241,253,142678
591,142744,66,20,82,41,74,30,142679
591,142745,296,259,325,275,310,267,142680
592,142746,442,0,533,73,487,36,142681
592,142747,539,247,571,274,555,260,142682
592,142748,596,233,621,263,608,248,142683
592,142749,468,183,490,223,479,203,142684
592,142750,596,127,623,165,609,146,142685
592,142751,266,0,347,50,306,25,142686
592,142752,381,121,403,156,392,138,142687
592,142753,528,71,557,95,542,83,142688
592,142754,417,112,442,146,429,129,142689
592,142755,59,164,79,186,69,175,142690
592,142756,543,206,578,231,560,218,142691
592,142757,99,165,116,201,107,183,142692
592,142758,363,21,384,66,373,43,142693
592,142759,425,24,446,54,435,39,142694
592,142760,208,316,231,345,219,330,142695
592,142761,397,287,419,302,408,294,142696
592,142762,300,52,321,85,310,68,142697
592,142763,247,52,268,78,257,65,142698
592,142764,610,0,638,22,624,11,142699
592,142765,280,291,302,311,291,301,142700
592,142766,271,74,291,105,281,89,142701
592,142767,507,25,524,50,515,37,142702
592,142768,574,69,610,96,592,82,142703
592,142769,261,178,281,211,271,194,142704
592,142770,397,11,418,31,407,21,142705
592,142771,609,48,634,75,621,61,142706
592,142772,293,231,313,256,303,243,142707
592,142773,119,90,137,115,128,102,142708
592,142774,409,25,428,50,418,37,142709
592,142775,232,84,255,106,243,95,142710
592,142776,36,120,54,142,45,131,142711
592,142777,72,129,88,156,80,142,142712
592,142778,57,97,80,123,68,110,142713
592,142779,229,50,250,74,239,62,142714
592,142780,201,11,218,33,209,22,142715
592,142781,217,0,233,33,225,16,142716
592,142782,37,158,55,177,46,167,142717
592,142783,40,88,56,115,48,101,142718
592,142784,486,254,512,277,499,265,142719
592,142785,280,16,304,37,292,26,142720
592,142786,129,0,188,22,158,11,142721
592,142787,53,18,66,52,59,35,142722
592,142788,163,0,177,4,170,2,142723
592,142789,327,242,346,261,336,251,142724
592,142790,185,81,208,103,196,92,142725
592,142791,196,56,212,82,204,69,142726
592,142792,313,128,337,153,325,140,142727
592,142793,307,98,334,121,320,109,142728
592,142794,532,0,567,12,549,6,142729
592,142795,541,159,566,185,553,172,142730
592,142796,348,62,376,86,362,74,142731
592,142797,29,244,44,263,36,253,142732
592,142798,43,233,59,253,51,243,142733
592,142799,31,275,47,300,39,287,142734
592,142800,582,10,607,23,594,16,142735
592,142801,384,9,399,28,391,18,142736
592,142802,386,270,404,296,395,283,142737
592,142803,533,37,571,59,552,48,142738
592,142804,629,57,639,81,634,69,142739
592,142805,500,303,534,322,517,312,142740
592,142806,133,0,149,12,141,6,142741
592,142807,319,1,339,13,329,7,142742
592,142808,233,245,253,262,243,253,142743
592,142809,66,20,82,41,74,30,142744
592,142810,295,258,325,274,310,266,142745
593,142811,442,0,533,73,487,36,142746
593,142812,539,247,571,274,555,260,142747
593,142813,596,233,621,263,608,248,142748
593,142814,468,183,490,223,479,203,142749
593,142815,597,127,623,165,610,146,142750
593,142816,267,0,346,51,306,25,142751
593,142817,381,121,403,156,392,138,142752
593,142818,528,71,557,95,542,83,142753
593,142819,417,112,442,146,429,129,142754
593,142820,59,164,79,186,69,175,142755
593,142821,544,206,578,231,561,218,142756
593,142822,99,165,116,201,107,183,142757
593,142823,363,21,384,66,373,43,142758
593,142824,425,24,446,54,435,39,142759
593,142825,208,316,231,345,219,330,142760
593,142826,397,287,419,302,408,294,142761
593,142827,300,52,321,85,310,68,142762
593,142828,247,52,268,78,257,65,142763
593,142829,610,0,638,22,624,11,142764
593,142830,280,291,302,311,291,301,142765
593,142831,271,74,291,105,281,89,142766
593,142832,507,25,524,50,515,37,142767
593,142833,574,69,610,96,592,82,142768
593,142834,261,178,281,211,271,194,142769
593,142835,397,11,418,31,407,21,142770
593,142836,609,48,634,75,621,61,142771
593,142837,293,231,313,256,303,243,142772
593,142838,119,90,137,115,128,102,142773
593,142839,409,24,428,51,418,37,142774
593,142840,232,84,255,106,243,95,142775
593,142841,36,120,54,142,45,131,142776
593,142842,72,129,88,156,80,142,142777
593,142843,57,97,80,123,68,110,142778
593,142844,229,50,250,74,239,62,142779
593,142845,201,11,218,33,209,22,142780
593,142846,217,0,233,33,225,16,142781
593,142847,37,158,55,177,46,167,142782
593,142848,40,88,56,115,48,101,142783
593,142849,486,254,512,277,499,265,142784
593,142850,280,16,304,37,292,26,142785
593,142851,129,0,188,22,158,11,142786
593,142852,53,19,66,52,59,35,142787
593,142853,163,0,177,4,170,2,142788
593,142854,327,242,346,261,336,251,142789
593,142855,185,81,208,103,196,92,142790
593,142856,196,56,212,82,204,69,142791
593,142857,313,128,337,153,325,140,142792
593,142858,307,98,334,121,320,109,142793
593,142859,532,0,567,12,549,6,142794
593,142860,541,159,566,185,553,172,142795
593,142861,348,62,376,86,362,74,142796
593,142862,29,244,44,263,36,253,142797
593,142863,43,233,59,253,51,243,142798
593,142864,31,276,47,300,39,288,142799
593,142865,582,10,607,23,594,16,142800
593,142866,384,9,399,28,391,18,142801
593,142867,386,270,404,296,395,283,142802
593,142868,533,37,571,59,552,48,142803
593,142869,629,57,639,81,634,69,142804
593,142870,500,303,534,323,517,313,142805
593,142871,133,0,149,12,141,6,142806
593,142872,319,1,339,13,329,7,142807
593,142873,234,245,254,262,244,253,142808
593,142874,66,20,82,41,74,30,142809
593,142875,294,258,325,274,309,266,142810
594,142876,442,0,533,73,487,36,142811
594,142877,539,247,571,274,555,260,142812
594,142878,596,233,621,263,608,248,142813
594,142879,468,183,490,223,479,203,142814
594,142880,597,127,623,165,610,146,142815
594,142881,266,0,347,50,306,25,142816
594,142882,381,121,403,156,392,138,142817
594,142883,528,71,557,95,542,83,142818
594,142884,417,112,442,146,429,129,142819
594,142885,59,164,79,186,69,175,142820
594,142886,544,206,578,231,561,218,142821
594,142887,99,165,116,201,107,183,142822
594,142888,363,21,384,66,373,43,142823
594,142889,425,24,446,54,435,39,142824
594,142890,208,316,231,345,219,330,142825
594,142891,396,288,417,302,406,295,142826
594,142892,300,52,321,85,310,68,142827
594,142893,247,52,268,78,257,65,142828
594,142894,610,0,638,22,624,11,142829
594,142895,280,291,302,311,291,301,142830
594,142896,271,74,291,105,281,89,142831
594,142897,507,26,524,51,515,38,142832
594,142898,574,69,610,96,592,82,142833
594,142899,261,178,281,211,271,194,142834
594,142900,397,11,418,31,407,21,142835
594,142901,609,48,634,75,621,61,142836
594,142902,293,231,313,256,303,243,142837
594,142903,119,90,137,115,128,102,142838
594,142904,410,25,428,51,419,38,142839
594,142905,232,84,255,106,243,95,142840
594,142906,36,120,54,142,45,131,142841
594,142907,72,129,88,156,80,142,142842
594,142908,57,97,80,123,68,110,142843
594,142909,229,50,250,74,239,62,142844
594,142910,201,11,218,33,209,22,142845
594,142911,217,0,233,32,225,16,142846
594,142912,37,158,55,177,46,167,142847
594,142913,40,88,56,115,48,101,142848
594,142914,486,254,512,277,499,265,142849
594,142915,280,16,304,37,292,26,142850
594,142916,128,0,188,22,158,11,142851
594,142917,53,19,66,52,59,35,142852
594,142918,163,0,177,4,170,2,142853
594,142919,327,242,346,261,336,251,142854
594,142920,185,81,208,103,196,92,142855
594,142921,196,56,212,82,204,69,142856
594,142922,313,128,337,153,325,140,142857
594,142923,307,98,334,121,320,109,142858
594,142924,532,0,567,12,549,6,142859
594,142925,541,159,566,185,553,172,142860
594,142926,348,62,376,86,362,74,142861
594,142927,29,244,44,263,36,253,142862
594,142928,44,233,59,254,51,243,142863
594,142929,31,276,47,300,39,288,142864
594,142930,582,10,607,23,594,16,142865
594,142931,384,9,399,28,391,18,142866
594,142932,386,270,405,296,395,283,142867
594,142933,534,37,571,59,552,48,142868
594,142934,629,58,639,82,634,70,142869
594,142935,500,303,534,322,517,312,142870
594,142936,133,0,149,12,141,6,142871
594,142937,319,1,339,13,329,7,142872
594,142938,236,246,256,263,246,254,142873
594,142939,66,20,82,41,74,30,142874
594,142940,293,257,323,274,308,265,142875
594,142941,297,275,336,302,316,288,
594,142942,191,243,215,257,203,250,
595,142943,442,0,533,73,487,36,142876
595,142944,539,247,571,274,555,260,142877
595,142945,596,233,621,263,608,248,142878
595,142946,468,183,490,223,479,203,142879
595,142947,596,127,623,164,609,145,142880
595,142948,266,0,347,50,306,25,142881
595,142949,381,121,403,156,392,138,142882
595,142950,528,71,557,95,542,83,142883
595,142951,417,112,442,146,429,129,142884
595,142952,59,164,79,186,69,175,142885
595,142953,544,206,578,231,561,218,142886
595,142954,99,165,116,201,107,183,142887
595,142955,363,21,384,66,373,43,142888
595,142956,425,24,446,55,435,39,142889
595,142957,208,316,231,345,219,330,142890
595,142958,396,290,415,302,405,296,142891
595,142959,300,52,321,85,310,68,142892
595,142960,247,52,268,78,257,65,142893
595,142961,610,0,638,22,624,11,142894
595,142962,280,291,302,311,291,301,142895
595,142963,271,74,291,105,281,89,142896
595,142964,506,25,525,50,515,37,142897
595,142965,574,69,610,96,592,82,142898
595,142966,261,178,281,211,271,194,142899
595,142967,397,11,418,31,407,21,142900
595,142968,609,49,634,75,621,62,142901
595,142969,293,231,313,256,303,243,142902
595,142970,119,90,137,115,128,102,142903
595,142971,410,25,428,51,419,38,142904
595,142972,232,84,255,106,243,95,142905
595,142973,36,120,54,142,45,131,142906
595,142974,72,129,88,156,80,142,142907
595,142975,57,98,80,123,68,110,142908
595,142976,229,50,250,74,239,62,142909
595,142977,201,11,218,33,209,22,142910
595,142978,216,0,232,31,224,15,142911
595,142979,37,158,55,177,46,167,142912
595,142980,40,88,56,115,48,101,142913
595,142981,486,254,512,277,499,265,142914
595,142982,280,16,304,37,292,26,142915
595,142983,128,0,188,22,158,11,142916
595,142984,53,19,67,52,60,35,142917
595,142985,163,0,177,4,170,2,142918
595,142986,326,242,346,261,336,251,142919
595,142987,185,81,208,103,196,92,142920
595,142988,196,56,212,82,204,69,142921
595,142989,313,128,337,153,325,140,142922
595,142990,306,98,334,121,320,109,142923
595,142991,532,0,567,12,549,6,142924
595,142992,541,159,566,185,553,172,142925
595,142993,348,62,376,86,362,74,142926
595,142994,29,244,44,263,36,253,142927
595,142995,44,233,59,255,51,244,142928
595,142996,31,275,47,300,39,287,142929
595,142997,582,10,607,23,594,16,142930
595,142998,384,9,399,28,391,18,142931
595,142999,386,270,405,296,395,283,142932
595,143000,534,37,571,59,552,48,142933
595,143001,629,58,639,82,634,70,142934
595,143002,500,303,534,322,517,312,142935
595,143003,133,0,149,12,141,6,142936
595,143004,319,1,339,13,329,7,142937
595,143005,239,247,259,265,249,256,142938
595,143006,66,20,81,41,73,30,142939
595,143007,292,257,322,274,307,265,142940
595,143008,297,274,336,302,316,288,142941
596,143009,442,0,533,73,487,36,142943
596,143010,539,247,571,274,555,260,142944
596,143011,596,234,621,263,608,248,142945
596,143012,468,183,490,223,479,203,142946
596,143013,596,127,623,164,609,145,142947
596,143014,266,0,347,50,306,25,142948
596,143015,381,121,403,156,392,138,142949
596,143016,528,71,557,95,542,83,142950
596,143017,417,112,442,146,429,129,142951
596,143018,59,164,79,186,69,175,142952
596,143019,544,206,578,231,561,218,142953
596,143020,99,165,116,201,107,183,142954
596,143021,363,21,384,66,373,43,142955
596,143022,425,24,446,55,435,39,142956
596,143023,208,316,231,345,219,330,142957
596,143024,300,52,321,85,310,68,142959
596,143025,247,52,268,78,257,65,142960
596,143026,610,0,638,22,624,11,142961
596,143027,280,291,302,311,291,301,142962
596,143028,271,74,291,105,281,89,142963
596,143029,506,26,526,50,516,38,142964
596,143030,574,69,609,96,591,82,142965
596,143031,261,178,281,211,271,194,142966
596,143032,397,11,418,31,407,21,142967
596,143033,609,49,634,75,621,62,142968
596,143034,293,231,313,256,303,243,142969
596,143035,119,90,137,115,128,102,142970
596,143036,411,25,428,51,419,38,142971
596,143037,232,84,255,106,243,95,142972
596,143038,36,120,54,141,45,130,142973
596,143039,72,129,88,156,80,142,142974
596,143040,57,98,80,123,68,110,142975
596,143041,229,50,250,74,239,62,142976
596,143042,201,11,218,33,209,22,142977
596,143043,216,0,231,31,223,15,142978
596,143044,37,158,55,177,46,167,142979
596,143045,40,88,56,115,48,101,142980
596,143046,486,254,512,277,499,265,142981
596,143047,280,16,304,37,292,26,142982
596,143048,128,0,188,22,158,11,142983
596,143049,53,19,67,52,60,35,142984
596,143050,163,0,177,4,170,2,142985
596,143051,326,243,345,262,335,252,142986
596,143052,185,81,208,103,196,92,142987
596,143053,196,56,212,82,204,69,142988
596,143054,313,128,337,153,325,140,142989
596,143055,306,98,334,121,320,109,142990
596,143056,532,0,567,12,549,6,142991
596,143057,541,159,566,185,553,172,142992
596,143058,348,62,376,86,362,74,142993
596,143059,29,244,44,263,36,253,142994
596,143060,44,233,59,255,51,244,142995
596,143061,31,275,47,300,39,287,142996
596,143062,582,10,607,23,594,16,142997
596,143063,384,9,399,28,391,18,142998
596,143064,386,270,406,296,396,283,142999
596,143065,534,37,571,59,552,48,143000
596,143066,629,59,639,82,634,70,143001
596,143067,499,303,534,322,516,312,143002
596,143068,132,0,149,12,140,6,143003
596,143069,319,1,339,13,329,7,143004
596,143070,241,249,261,266,251,257,143005
596,143071,67,20,81,40,74,30,143006
596,143072,292,256,322,274,307,265,143007
596,143073,297,272,337,302,317,287,143008
596,143074,307,271,337,285,322,278,
597,143075,442,0,533,73,487,36,143009
597,143076,539,247,571,274,555,260,143010
597,143077,596,234,621,263,608,248,143011
597,143078,468,183,490,224,479,203,143012
597,143079,596,127,623,164,609,145,143013
597,143080,266,0,347,51,306,25,143014
597,143081,381,121,403,156,392,138,143015
597,143082,528,71,557,95,542,83,143016
597,143083,417,112,442,146,429,129,143017
597,143084,59,164,79,186,69,175,143018
597,143085,544,206,578,231,561,218,143019
597,143086,99,165,116,201,107,183,143020
597,143087,362,21,384,66,373,43,143021
597,143088,426,24,446,55,436,39,143022
597,143089,208,316,231,345,219,330,143023
597,143090,300,52,321,85,310,68,143024
597,143091,247,52,268,78,257,65,143025
597,143092,610,0,638,22,624,11,143026
597,143093,280,291,302,311,291,301,143027
597,143094,271,74,291,105,281,89,143028
597,143095,505,26,526,50,515,38,143029
597,143096,574,69,609,96,591,82,143030
597,143097,261,178,281,211,271,194,143031
597,143098,397,11,418,31,407,21,143032
597,143099,609,49,634,75,621,62,143033
597,143100,293,232,313,256,303,244,143034
597,143101,119,90,137,115,128,102,143035
597,143102,411,24,429,51,420,37,143036
597,143103,232,84,255,106,243,95,143037
597,143104,36,120,54,141,45,130,143038
597,143105,72,129,88,156,80,142,143039
597,143106,57,98,80,123,68,110,143040
597,143107,229,50,250,74,239,62,143041
597,143108,201,11,218,32,209,21,143042
597,143109,216,0,231,31,223,15,143043
597,143110,37,158,55,177,46,167,143044
597,143111,40,88,56,114,48,101,143045
597,143112,486,254,512,277,499,265,143046
597,143113,280,16,304,37,292,26,143047
597,143114,127,0,188,22,157,11,143048
597,143115,53,19,67,52,60,35,143049
597,143116,163,0,177,4,170,2,143050
597,143117,326,244,345,263,335,253,143051
597,143118,185,81,208,103,196,92,143052
597,143119,196,56,212,82,204,69,143053
597,143120,313,128,337,153,325,140,143054
597,143121,306,98,334,121,320,109,143055
597,143122,532,0,567,12,549,6,143056
597,143123,541,159,566,185,553,172,143057
597,143124,348,62,376,86,362,74,143058
597,143125,29,244,43,263,36,253,143059
597,143126,44,233,59,255,51,244,143060
597,143127,31,275,47,300,39,287,143061
597,143128,582,10,607,23,594,16,143062
597,143129,384,9,399,28,391,18,143063
597,143130,386,271,406,296,396,283,143064
597,143131,534,37,571,59,552,48,143065
597,143132,629,59,639,82,634,70,143066
597,143133,499,303,533,322,516,312,143067
597,143134,132,0,149,12,140,6,143068
597,143135,322,1,339,13,330,7,143069
597,143136,243,250,263,267,253,258,143070
597,143137,66,20,81,42,73,31,143071
597,143138,292,256,321,274,306,265,143072
597,143139,308,271,338,285,323,278,143074
598,143140,442,0,533,73,487,36,143075
598,143141,539,247,571,274,555,260,143076
598,143142,596,234,621,263,608,248,143077
598,143143,468,183,490,224,479,203,143078
598,143144,596,127,623,164,609,145,143079
598,143145,267,0,347,51,307,25,143080
598,143146,381,121,403,156,392,138,143081
598,143147,528,71,557,95,542,83,143082
598,143148,417,112,442,146,429,129,143083
598,143149,59,164,79,186,69,175,143084
598,143150,544,206,578,231,561,218,143085
598,143151,99,165,116,201,107,183,143086
598,143152,362,21,384,66,373,43,143087
598,143153,426,24,446,55,436,39,143088
598,143154,208,316,231,345,219,330,143089
598,143155,300,52,321,85,310,68,143090
598,143156,247,52,268,78,257,65,143091
598,143157,610,0,638,22,624,11,143092
598,143158,280,291,302,311,291,301,143093
598,143159,271,74,291,105,281,89,143094
598,143160,504,26,525,50,514,38,143095
598,143161,574,69,609,96,591,82,143096
598,143162,261,178,281,211,271,194,143097
598,143163,397,11,418,31,407,21,143098
598,143164,609,49,634,75,621,62,143099
598,143165,293,232,313,256,303,244,143100
598,143166,119,90,137,115,128,102,143101
598,143167,411,24,429,51,420,37,143102
598,143168,232,84,255,106,243,95,143103
598,143169,36,120,54,141,45,130,143104
598,143170,72,129,88,156,80,142,143105
598,143171,57,98,80,123,68,110,143106
598,143172,229,50,250,74,239,62,143107
598,143173,201,11,218,33,209,22,143108
598,143174,216,0,232,31,224,15,143109
598,143175,37,158,55,177,46,167,143110
598,143176,40,88,56,114,48,101,143111
598,143177,486,254,512,277,499,265,143112
598,143178,280,16,305,37,292,26,143113
598,143179,127,0,188,22,157,11,143114
598,143180,53,19,67,52,60,35,143115
598,143181,163,0,177,4,170,2,143116
598,143182,326,244,345,264,335,254,143117
598,143183,185,81,208,103,196,92,143118
598,143184,196,56,212,82,204,69,143119
598,143185,313,128,337,153,325,140,143120
598,143186,306,98,334,121,320,109,143121
598,143187,532,0,567,12,549,6,143122
598,143188,541,158,566,185,553,171,143123
598,143189,348,62,376,86,362,74,143124
598,143190,29,244,43,263,36,253,143125
598,143191,44,233,59,256,51,244,143126
598,143192,31,275,47,300,39,287,143127
598,143193,582,10,607,23,594,16,143128
598,143194,384,9,399,28,391,18,143129
598,143195,385,271,406,296,395,283,143130
598,143196,534,37,571,59,552,48,143131
598,143197,629,59,639,82,634,70,143132
598,143198,499,304,533,323,516,313,143133
598,143199,132,0,149,12,140,6,143134
598,143200,324,1,339,13,331,7,143135
598,143201,245,250,265,268,255,259,143136
598,143202,66,20,81,42,73,31,143137
598,143203,292,256,321,274,306,265,143138
598,143204,308,271,338,285,323,278,143139
598,143205,511,9,530,32,520,20,
599,143206,442,0,533,73,487,36,143140
599,143207,539,247,571,274,555,260,143141
599,143208,596,234,621,262,608,248,143142
599,143209,468,183,490,224,479,203,143143
599,143210,596,127,623,164,609,145,143144
599,143211,266,0,347,51,306,25,143145
599,143212,381,121,403,156,392,138,143146
599,143213,528,71,557,95,542,83,143147
599,143214,417,112,442,146,429,129,143148
599,143215,59,164,79,186,69,175,143149
599,143216,543,206,578,231,560,218,143150
599,143217,99,165,116,200,107,182,143151
599,143218,362,21,384,66,373,43,143152
599,143219,426,24,446,55,436,39,143153
599,143220,208,316,231,345,219,330,143154
599,143221,300,52,321,85,310,68,143155
599,143222,247,52,268,78,257,65,143156
599,143223,610,0,638,22,624,11,143157
599,143224,280,291,302,311,291,301,143158
599,143225,271,74,291,105,281,89,143159
599,143226,504,26,525,50,514,38,143160
599,143227,574,69,609,96,591,82,143161
599,143228,261,178,281,211,271,194,143162
599,143229,397,11,418,31,407,21,143163
599,143230,609,49,634,75,621,62,143164
599,143231,293,231,313,256,303,243,143165
599,143232,119,90,137,115,128,102,143166
599,143233,411,24,428,51,419,37,143167
599,143234,232,84,255,106,243,95,143168
599,143235,36,120,54,141,45,130,143169
599,143236,72,129,88,156,80,142,143170
599,143237,57,98,80,123,68,110,143171
599,143238,229,50,250,74,239,62,143172
599,143239,201,11,218,33,209,22,143173
599,143240,216,0,232,31,224,15,143174
599,143241,37,158,55,177,46,167,143175
599,143242,40,88,56,114,48,101,143176
599,143243,486,254,512,277,499,265,143177
599,143244,280,16,305,37,292,26,143178
599,143245,127,0,188,22,157,11,143179
599,143246,53,18,67,52,60,35,143180
599,143247,163,0,177,4,170,2,143181
599,143248,326,244,345,264,335,254,143182
599,143249,185,81,208,103,196,92,143183
599,143250,196,56,212,82,204,69,143184
599,143251,313,128,337,153,325,140,143185
599,143252,306,98,334,121,320,109,143186
599,143253,532,0,567,12,549,6,143187
599,143254,541,158,566,185,553,171,143188
599,143255,348,62,376,86,362,74,143189
599,143256,28,244,43,263,35,253,143190
599,143257,44,233,59,256,51,244,143191
599,143258,31,275,47,300,39,287,143192
599,143259,582,10,607,23,594,16,143193
599,143260,384,9,399,28,391,18,143194
599,143261,385,271,406,296,395,283,143195
599,143262,534,37,571,59,552,48,143196
599,143263,629,59,639,82,634,70,143197
599,143264,499,304,533,323,516,313,143198
599,143265,132,0,149,12,140,6,143199
599,143266,324,1,339,13,331,7,143200
599,143267,245,250,265,268,255,259,143201
599,143268,292,256,321,274,306,265,143203
599,143269,308,271,338,285,323,278,143204
599,143270,298,271,338,301,318,286,
600,143271,442,0,533,73,487,36,143206
600,143272,539,247,570,273,554,260,143207
600,143273,596,234,621,262,608,248,143208
600,143274,468,183,490,224,479,203,143209
600,143275,596,127,623,164,609,145,143210
600,143276,267,0,347,51,307,25,143211
600,143277,381,121,403,156,392,138,143212
600,143278,528,71,557,95,542,83,143213
600,143279,417,112,442,146,429,129,143214
600,143280,59,164,79,186,69,175,143215
600,143281,544,206,578,231,561,218,143216
600,143282,99,165,116,200,107,182,143217
600,143283,362,21,384,66,373,43,143218
600,143284,426,24,446,55,436,39,143219
600,143285,208,316,231,345,219,330,143220
600,143286,300,52,321,85,310,68,143221
600,143287,247,52,268,78,257,65,143222
600,143288,610,0,638,22,624,11,143223
600,143289,280,291,302,311,291,301,143224
600,143290,271,74,291,105,281,89,143225
600,143291,503,26,525,50,514,38,143226
600,143292,574,69,609,96,591,82,143227
600,143293,261,178,281,211,271,194,143228
600,143294,397,11,418,32,407,21,143229
600,143295,609,48,634,75,621,61,143230
600,143296,293,232,313,256,303,244,143231
600,143297,119,90,137,115,128,102,143232
600,143298,411,24,428,50,419,37,143233
600,143299,232,84,255,106,243,95,143234
600,143300,36,120,55,141,45,130,143235
600,143301,72,129,88,156,80,142,143236
600,143302,57,98,80,123,68,110,143237
600,143303,229,50,250,74,239,62,143238
600,143304,201,10,218,33,209,21,143239
600,143305,216,0,233,31,224,15,143240
600,143306,37,158,55,177,46,167,143241
600,143307,40,88,56,114,48,101,143242
600,143308,486,254,512,277,499,265,143243
600,143309,280,16,305,38,292,27,143244
600,143310,127,0,188,22,157,11,143245
600,143311,53,18,67,52,60,35,143246
600,143312,163,0,177,4,170,2,143247
600,143313,326,244,345,265,335,254,143248
600,143314,185,81,208,103,196,92,143249
600,143315,196,56,212,82,204,69,143250
600,143316,313,128,337,153,325,140,143251
600,143317,306,98,334,121,320,109,143252
600,143318,531,0,567,12,549,6,143253
600,143319,541,158,566,185,553,171,143254
600,143320,348,62,376,86,362,74,143255
600,143321,29,244,43,263,36,253,143256
600,143322,44,233,59,256,51,244,143257
600,143323,31,275,47,300,39,287,143258
600,143324,582,10,607,23,594,16,143259
600,143325,384,9,399,28,391,18,143260
600,143326,386,271,406,296,396,283,143261
600,143327,534,37,571,59,552,48,143262
600,143328,629,59,639,82,634,70,143263
600,143329,499,304,533,327,516,315,143264
600,143330,132,0,149,12,140,6,143265
600,143331,324,1,339,13,331,7,143266
600,143332,246,251,266,268,256,259,143267
600,143333,292,257,321,275,306,266,143268
600,143334,308,271,338,285,323,278,143269
600,143335,300,271,338,301,319,286,143270
600,143336,511,9,530,33,520,21,
601,143337,442,0,532,73,487,36,143271
601,143338,539,247,571,274,555,260,143272
601,143339,596,234,621,263,608,248,143273
601,143340,468,183,490,224,479,203,143274
601,143341,596,127,623,164,609,145,143275
601,143342,266,0,347,50,306,25,143276
601,143343,381,121,403,156,392,138,143277
601,143344,528,71,557,95,542,83,143278
601,143345,417,112,442,146,429,129,143279
601,143346,59,164,80,186,69,175,143280
601,143347,543,206,578,231,560,218,143281
601,143348,99,165,116,200,107,182,143282
601,143349,362,21,384,66,373,43,143283
601,143350,426,23,446,55,436,39,143284
601,143351,208,316,231,345,219,330,143285
601,143352,300,52,321,85,310,68,143286
601,143353,247,52,268,78,257,65,143287
601,143354,610,0,638,22,624,11,143288
601,143355,280,291,302,311,291,301,143289
601,143356,271,74,291,105,281,89,143290
601,143357,501,28,524,50,512,39,143291
601,143358,574,69,609,96,591,82,143292
601,143359,261,178,281,211,271,194,143293
601,143360,397,11,418,32,407,21,143294
601,143361,609,48,634,75,621,61,143295
601,143362,293,232,313,257,303,244,143296
601,143363,119,90,137,115,128,102,143297
601,143364,411,23,428,52,419,37,143298
601,143365,232,84,255,106,243,95,143299
601,143366,36,120,54,141,45,130,143300
601,143367,72,129,88,156,80,142,143301
601,143368,57,98,80,123,68,110,143302
601,143369,229,50,250,74,239,62,143303
601,143370,201,11,219,32,210,21,143304
601,143371,217,0,235,31,226,15,143305
601,143372,37,158,55,177,46,167,143306
601,143373,40,88,56,114,48,101,143307
601,143374,486,254,512,277,499,265,143308
601,143375,280,16,305,38,292,27,143309
601,143376,128,0,187,22,157,11,143310
601,143377,53,18,67,52,60,35,143311
601,143378,163,0,177,4,170,2,143312
601,143379,326,244,345,266,335,255,143313
601,143380,185,81,208,103,196,92,143314
601,143381,196,56,212,82,204,69,143315
601,143382,313,128,337,153,325,140,143316
601,143383,306,98,334,121,320,109,143317
601,143384,531,0,567,12,549,6,143318
601,143385,541,158,566,185,553,171,143319
601,143386,348,62,376,86,362,74,143320
601,143387,28,244,43,262,35,253,143321
601,143388,44,233,59,256,51,244,143322
601,143389,31,275,47,300,39,287,143323
601,143390,384,8,399,28,391,18,143325
601,143391,386,271,406,296,396,283,143326
601,143392,534,37,571,59,552,48,143327
601,143393,629,60,639,82,634,71,143328
601,143394,499,304,533,324,516,314,143329
601,143395,132,0,149,12,140,6,143330
601,143396,324,1,339,13,331,7,143331
601,143397,248,251,268,268,258,259,143332
601,143398,292,258,321,275,306,266,143333
601,143399,309,271,338,287,323,279,143334
601,143400,304,271,338,301,321,286,143335
601,143401,511,9,530,33,520,21,143336
601,143402,66,20,82,42,74,31,
602,143403,442,0,533,73,487,36,143337
602,143404,539,247,571,274,555,260,143338
602,143405,596,234,621,263,608,248,143339
602,143406,468,183,490,224,479,203,143340
602,143407,597,127,623,164,610,145,143341
602,143408,266,0,347,50,306,25,143342
602,143409,381,121,403,156,392,138,143343
602,143410,528,71,557,95,542,83,143344
602,143411,417,112,442,146,429,129,143345
602,143412,59,164,80,186,69,175,143346
602,143413,543,206,578,231,560,218,143347
602,143414,99,165,116,200,107,182,143348
602,143415,362,21,384,66,373,43,143349
602,143416,426,23,446,55,436,39,143350
602,143417,208,316,231,345,219,330,143351
602,143418,300,52,321,85,310,68,143352
602,143419,246,52,268,78,257,65,143353
602,143420,610,0,638,22,624,11,143354
602,143421,280,291,302,311,291,301,143355
602,143422,271,74,291,105,281,89,143356
602,143423,500,28,525,50,512,39,143357
602,143424,574,69,609,96,591,82,143358
602,143425,261,178,281,211,271,194,143359
602,143426,397,11,418,32,407,21,143360
602,143427,609,48,634,75,621,61,143361
602,143428,293,232,313,257,303,244,143362
602,143429,119,90,137,115,128,102,143363
602,143430,411,23,427,53,419,38,143364
602,143431,232,84,255,106,243,95,143365
602,143432,36,120,54,141,45,130,143366
602,143433,72,129,88,156,80,142,143367
602,143434,57,98,80,123,68,110,143368
602,143435,229,50,250,74,239,62,143369
602,143436,201,11,219,32,210,21,143370
602,143437,218,1,237,31,227,16,143371
602,143438,37,158,55,177,46,167,143372
602,143439,40,88,56,114,48,101,143373
602,143440,486,254,512,277,499,265,143374
602,143441,280,16,305,38,292,27,143375
602,143442,128,0,187,22,157,11,143376
602,143443,53,18,67,53,60,35,143377
602,143444,163,0,177,4,170,2,143378
602,143445,326,244,345,266,335,255,143379
602,143446,185,81,208,104,196,92,143380
602,143447,196,56,212,82,204,69,143381
602,143448,313,128,337,153,325,140,143382
602,143449,306,98,334,121,320,109,143383
602,143450,531,0,567,12,549,6,143384
602,143451,541,158,566,185,553,171,143385
602,143452,348,62,376,86,362,74,143386
602,143453,28,245,43,262,35,253,143387
602,143454,44,234,59,256,51,245,143388
602,143455,31,275,47,300,39,287,143389
602,143456,384,8,399,28,391,18,143390
602,143457,386,271,406,296,396,283,143391
602,143458,533,37,571,59,552,48,143392
602,143459,629,60,639,82,634,71,143393
602,143460,499,303,533,322,516,312,143394
602,143461,132,0,149,12,140,6,143395
602,143462,324,1,339,13,331,7,143396
602,143463,250,251,270,268,260,259,143397
602,143464,292,259,320,276,306,267,143398
602,143465,309,271,338,287,323,279,143399
602,143466,510,8,530,33,520,20,143401
602,143467,413,23,446,55,429,39,143350
602,143468,67,20,81,41,74,30,143402
603,143469,442,0,533,73,487,36,143403
603,143470,539,247,571,274,555,260,143404
603,143471,596,234,621,263,608,248,143405
603,143472,468,183,490,224,479,203,143406
603,143473,597,127,623,164,610,145,143407
603,143474,266,0,347,50,306,25,143408
603,143475,381,121,403,156,392,138,143409
603,143476,528,71,557,95,542,83,143410
603,143477,417,112,442,146,429,129,143411
603,143478,59,164,80,186,69,175,143412
603,143479,543,206,578,231,560,218,143413
603,143480,99,165,116,200,107,182,143414
603,143481,362,21,384,66,373,43,143415
603,143482,426,23,446,54,436,38,143416
603,143483,208,316,231,345,219,330,143417
603,143484,300,52,321,85,310,68,143418
603,143485,246,52,268,78,257,65,143419
603,143486,610,0,638,21,624,10,143420
603,143487,280,291,302,311,291,301,143421
603,143488,271,74,291,105,281,89,143422
603,143489,500,28,525,50,512,39,143423
603,143490,574,69,609,96,591,82,143424
603,143491,261,178,281,211,271,194,143425
603,143492,397,11,418,32,407,21,143426
603,143493,609,48,634,75,621,61,143427
603,143494,293,232,313,257,303,244,143428
603,143495,119,90,137,115,128,102,143429
603,143496,411,23,427,53,419,38,143430
603,143497,232,84,255,106,243,95,143431
603,143498,36,120,54,141,45,130,143432
603,143499,72,129,88,156,80,142,143433
603,143500,57,98,80,123,68,110,143434
603,143501,229,50,250,74,239,62,143435
603,143502,201,11,220,32,210,21,143436
603,143503,219,2,238,31,228,16,143437
603,143504,37,158,55,177,46,167,143438
603,143505,40,88,56,114,48,101,143439
603,143506,486,254,512,277,499,265,143440
603,143507,280,16,305,38,292,27,143441
603,143508,128,0,187,22,157,11,143442
603,143509,52,18,67,53,59,35,143443
603,143510,163,0,177,4,170,2,143444
603,143511,326,244,345,266,335,255,143445
603,143512,185,81,208,104,196,92,143446
603,143513,196,56,212,82,204,69,143447
603,143514,313,128,337,153,325,140,143448
603,143515,306,98,334,121,320,109,143449
603,143516,531,0,567,12,549,6,143450
603,143517,541,158,566,185,553,171,143451
603,143518,348,62,376,86,362,74,143452
603,143519,28,245,43,262,35,253,143453
603,143520,44,234,59,256,51,245,143454
603,143521,31,275,47,300,39,287,143455
603,143522,384,8,399,28,391,18,143456
603,143523,386,271,406,296,396,283,143457
603,143524,533,37,571,59,552,48,143458
603,143525,629,60,639,82,634,71,143459
603,143526,500,303,533,322,516,312,143460
603,143527,132,0,149,12,140,6,143461
603,143528,324,1,339,13,331,7,143462
603,143529,252,250,271,268,261,259,143463
603,143530,291,260,320,276,305,268,143464
603,143531,309,271,338,287,323,279,143465
603,143532,511,8,530,32,520,20,143466
603,143533,414,23,446,54,430,38,143416
603,143534,67,20,81,41,74,30,143468
603,143535,411,23,436,52,423,37,143430
603,143536,217,0,230,8,223,4,
603,143537,303,271,338,301,320,286,
604,143538,442,0,533,73,487,36,143469
604,143539,539,247,571,274,555,260,143470
604,143540,596,234,621,263,608,248,143471
604,143541,468,183,490,224,479,203,143472
604,143542,596,127,623,164,609,145,143473
604,143543,266,0,347,50,306,25,143474
604,143544,381,121,403,156,392,138,143475
604,143545,528,70,557,95,542,82,143476
604,143546,417,112,442,146,429,129,143477
604,143547,59,164,80,186,69,175,143478
604,143548,543,206,578,231,560,218,143479
604,143549,99,165,116,200,107,182,143480
604,143550,362,21,384,66,373,43,143481
604,143551,426,23,446,54,436,38,143482
604,143552,208,316,231,345,219,330,143483
604,143553,300,52,321,85,310,68,143484
604,143554,246,52,268,78,257,65,143485
604,143555,610,0,638,21,624,10,143486
604,143556,280,291,302,311,291,301,143487
604,143557,271,74,291,105,281,89,143488
604,143558,505,28,527,48,516,38,143489
604,143559,574,69,609,96,591,82,143490
604,143560,261,178,281,211,271,194,143491
604,143561,397,11,418,32,407,21,143492
604,143562,609,48,634,75,621,61,143493
604,143563,293,231,313,257,303,244,143494
604,143564,119,90,137,115,128,102,143495
604,143565,411,23,427,53,419,38,143496
604,143566,232,84,255,106,243,95,143497
604,143567,36,120,54,141,45,130,143498
604,143568,72,129,88,156,80,142,143499
604,143569,57,98,80,123,68,110,143500
604,143570,229,50,250,74,239,62,143501
604,143571,201,11,220,32,210,21,143502
604,143572,219,3,238,31,228,17,143503
604,143573,37,158,55,177,46,167,143504
604,143574,40,88,56,114,48,101,143505
604,143575,486,254,512,277,499,265,143506
604,143576,280,16,305,38,292,27,143507
604,143577,127,0,187,22,157,11,143508
604,143578,52,18,66,53,59,35,143509
604,143579,163,0,177,4,170,2,143510
604,143580,327,244,346,266,336,255,143511
604,143581,185,81,208,104,196,92,143512
604,143582,196,56,212,82,204,69,143513
604,143583,313,128,337,153,325,140,143514
604,143584,306,98,334,121,320,109,143515
604,143585,531,0,567,12,549,6,143516
604,143586,541,158,566,185,553,171,143517
604,143587,348,62,376,86,362,74,143518
604,143588,28,245,43,262,35,253,143519
604,143589,44,234,59,256,51,245,143520
604,143590,31,275,47,300,39,287,143521
604,143591,384,8,399,28,391,18,143522
604,143592,386,271,406,296,396,283,143523
604,143593,533,37,571,59,552,48,143524
604,143594,629,60,639,82,634,71,143525
604,143595,500,303,533,322,516,312,143526
604,143596,132,0,149,12,140,6,143527
604,143597,324,1,339,13,331,7,143528
604,143598,252,250,272,267,262,258,143529
604,143599,290,261,319,277,304,269,143530
604,143600,310,271,338,285,324,278,143531
604,143601,510,8,530,31,520,19,143532
604,143602,412,23,446,54,429,38,143482
604,143603,67,20,81,41,74,30,143534
604,143604,217,0,230,8,223,4,143536
605,143605,441,0,533,73,487,36,143538
605,143606,539,247,571,274,555,260,143539
605,143607,596,234,621,263,608,248,143540
605,143608,468,183,490,225,479,204,143541
605,143609,597,127,623,164,610,145,143542
605,143610,266,0,347,50,306,25,143543
605,143611,381,121,403,156,392,138,143544
605,143612,528,70,557,95,542,82,143545
605,143613,417,112,442,146,429,129,143546
605,143614,59,164,80,186,69,175,143547
605,143615,543,206,578,231,560,218,143548
605,143616,99,165,116,200,107,182,143549
605,143617,362,21,384,66,373,43,143550
605,143618,426,23,446,54,436,38,143551
605,143619,208,316,231,345,219,330,143552
605,143620,300,52,321,85,310,68,143553
605,143621,246,52,268,78,257,65,143554
605,143622,610,0,638,21,624,10,143555
605,143623,280,291,302,311,291,301,143556
605,143624,271,74,291,105,281,89,143557
605,143625,507,28,527,47,517,37,143558
605,143626,574,69,609,96,591,82,143559
605,143627,261,178,281,211,271,194,143560
605,143628,397,11,418,32,407,21,143561
605,143629,609,48,634,75,621,61,143562
605,143630,293,231,313,257,303,244,143563
605,143631,119,90,137,115,128,102,143564
605,143632,411,23,427,53,419,38,143565
605,143633,232,84,255,106,243,95,143566
605,143634,36,120,54,141,45,130,143567
605,143635,72,129,88,156,80,142,143568
605,143636,57,98,80,123,68,110,143569
605,143637,229,50,250,74,239,62,143570
605,143638,201,11,220,32,210,21,143571
605,143639,219,4,239,31,229,17,143572
605,143640,37,158,55,177,46,167,143573
605,143641,40,88,56,114,48,101,143574
605,143642,486,254,512,277,499,265,143575
605,143643,280,16,305,38,292,27,143576
605,143644,127,0,187,22,157,11,143577
605,143645,52,18,66,53,59,35,143578
605,143646,163,0,177,4,170,2,143579
605,143647,327,244,346,266,336,255,143580
605,143648,185,81,208,104,196,92,143581
605,143649,196,56,212,82,204,69,143582
605,143650,313,128,337,153,325,140,143583
605,143651,306,98,334,121,320,109,143584
605,143652,531,0,567,12,549,6,143585
605,143653,541,158,566,185,553,171,143586
605,143654,348,62,376,86,362,74,143587
605,143655,28,245,43,262,35,253,143588
605,143656,44,234,59,256,51,245,143589
605,143657,31,275,47,300,39,287,143590
605,143658,384,9,399,28,391,18,143591
605,143659,386,271,406,296,396,283,143592
605,143660,533,37,571,59,552,48,143593
605,143661,629,60,639,82,634,71,143594
605,143662,500,303,533,321,516,312,143595
605,143663,132,0,149,12,140,6,143596
605,143664,324,1,339,13,331,7,143597
605,143665,253,249,273,267,263,258,143598
605,143666,290,261,319,277,304,269,143599
605,143667,310,271,338,285,324,278,143600
605,143668,510,8,529,31,519,19,143601
605,143669,412,23,446,54,429,38,143551
605,143670,67,20,81,41,74,30,143603
605,143671,217,0,230,7,223,3,143604
606,143672,442,0,533,73,487,36,143605
606,143673,539,247,571,274,555,260,143606
606,143674,596,234,621,263,608,248,143607
606,143675,468,183,490,225,479,204,143608
606,143676,596,127,623,164,609,145,143609
606,143677,266,0,347,50,306,25,143610
606,143678,381,121,403,156,392,138,143611
606,143679,528,70,557,95,542,82,143612
606,143680,417,112,442,146,429,129,143613
606,143681,59,164,80,186,69,175,143614
606,143682,543,206,578,231,560,218,143615
606,143683,99,165,116,200,107,182,143616
606,143684,362,21,384,66,373,43,143617
606,143685,426,23,446,54,436,38,143618
606,143686,208,316,231,345,219,330,143619
606,143687,300,52,321,85,310,68,143620
606,143688,246,52,268,78,257,65,143621
606,143689,610,0,638,21,624,10,143622
606,143690,280,291,302,311,291,301,143623
606,143691,271,74,291,105,281,89,143624
606,143692,503,28,528,47,515,37,143625
606,143693,574,69,609,96,591,82,143626
606,143694,261,178,281,211,271,194,143627
606,143695,397,11,418,32,407,21,143628
606,143696,609,48,634,75,621,61,143629
606,143697,293,231,313,256,303,243,143630
606,143698,119,90,137,115,128,102,143631
606,143699,411,23,428,52,419,37,143632
606,143700,232,84,255,106,243,95,143633
606,143701,36,120,54,141,45,130,143634
606,143702,72,129,88,156,80,142,143635
606,143703,57,98,80,123,68,110,143636
606,143704,229,50,250,74,239,62,143637
606,143705,201,11,220,32,210,21,143638
606,143706,219,4,239,31,229,17,143639
606,143707,37,158,55,177,46,167,143640
606,143708,40,88,56,114,48,101,143641
606,143709,486,254,512,277,499,265,143642
606,143710,280,16,304,38,292,27,143643
606,143711,127,0,187,22,157,11,143644
606,143712,52,18,66,53,59,35,143645
606,143713,163,0,177,4,170,2,143646
606,143714,327,244,346,266,336,255,143647
606,143715,185,81,208,104,196,92,143648
606,143716,196,56,212,82,204,69,143649
606,143717,313,128,337,153,325,140,143650
606,143718,306,98,334,121,320,109,143651
606,143719,531,0,567,12,549,6,143652
606,143720,541,157,566,185,553,171,143653
606,143721,348,62,376,86,362,74,143654
606,143722,28,244,43,262,35,253,143655
606,143723,44,234,59,257,51,245,143656
606,143724,31,275,47,300,39,287,143657
606,143725,384,9,399,28,391,18,143658
606,143726,386,271,407,296,396,283,143659
606,143727,533,37,571,59,552,48,143660
606,143728,629,60,639,82,634,71,143661
606,143729,500,303,533,321,516,312,143662
606,143730,131,0,149,12,140,6,143663
606,143731,324,1,339,13,331,7,143664
606,143732,253,249,274,266,263,257,143665
606,143733,510,8,529,31,519,19,143668
606,143734,67,20,81,40,74,30,143670
606,143735,217,0,230,7,223,3,143671
607,143736,442,0,533,73,487,36,143672
607,143737,539,247,571,274,555,260,143673
607,143738,596,234,621,263,608,248,143674
607,143739,468,183,490,225,479,204,143675
607,143740,597,127,623,164,610,145,143676
607,143741,266,0,347,50,306,25,143677
607,143742,381,121,403,156,392,138,143678
607,143743,528,71,557,95,542,83,143679
607,143744,417,112,442,146,429,129,143680
607,143745,59,164,80,186,69,175,143681
607,143746,543,206,578,231,560,218,143682
607,143747,99,165,116,200,107,182,143683
607,143748,362,21,384,66,373,43,143684
607,143749,426,23,446,54,436,38,143685
607,143750,208,316,231,345,219,330,143686
607,143751,300,52,321,85,310,68,143687
607,143752,246,52,268,78,257,65,143688
607,143753,610,0,638,22,624,11,143689
607,143754,280,291,302,311,291,301,143690
607,143755,271,74,291,105,281,89,143691
607,143756,501,28,527,47,514,37,143692
607,143757,574,69,609,96,591,82,143693
607,143758,261,178,281,210,271,194,143694
607,143759,397,11,418,32,407,21,143695
607,143760,609,48,634,75,621,61,143696
607,143761,293,231,313,256,303,243,143697
607,143762,119,90,137,115,128,102,143698
607,143763,411,23,431,51,421,37,143699
607,143764,232,84,255,106,243,95,143700
607,143765,36,120,54,141,45,130,143701
607,143766,72,129,88,156,80,142,143702
607,143767,57,98,80,123,68,110,143703
607,143768,229,50,250,74,239,62,143704
607,143769,201,11,220,32,210,21,143705
607,143770,219,4,239,31,229,17,143706
607,143771,37,158,55,177,46,167,143707
607,143772,40,88,56,114,48,101,143708
607,143773,486,254,512,277,499,265,143709
607,143774,280,16,304,38,292,27,143710
607,143775,126,0,187,22,156,11,143711
607,143776,52,18,66,53,59,35,143712
607,143777,163,0,177,4,170,2,143713
607,143778,327,244,345,267,336,255,143714
607,143779,185,81,208,104,196,92,143715
607,143780,196,56,212,82,204,69,143716
607,143781,313,128,337,153,325,140,143717
607,143782,306,98,334,121,320,109,143718
607,143783,531,0,567,12,549,6,143719
607,143784,541,157,566,185,553,171,143720
607,143785,348,62,376,86,362,74,143721
607,143786,28,244,43,262,35,253,143722
607,143787,44,234,59,257,51,245,143723
607,143788,31,275,47,300,39,287,143724
607,143789,384,9,399,28,391,18,143725
607,143790,386,271,407,296,396,283,143726
607,143791,533,37,571,59,552,48,143727
607,143792,629,60,639,82,634,71,143728
607,143793,500,303,533,321,516,312,143729
607,143794,131,0,149,12,140,6,143730
607,143795,324,1,339,13,331,7,143731
607,143796,254,249,275,266,264,257,143732
607,143797,511,8,529,31,520,19,143733
607,143798,67,20,81,40,74,30,143734
607,143799,582,10,607,23,594,16,
608,143800,442,0,533,73,487,36,143736
608,143801,539,247,571,274,555,260,143737
608,143802,596,234,621,263,608,248,143738
608,143803,468,183,490,225,479,204,143739
608,143804,597,127,623,164,610,145,143740
608,143805,266,0,347,50,306,25,143741
608,143806,381,121,403,156,392,138,143742
608,143807,528,71,557,95,542,83,143743
608,143808,417,112,442,146,429,129,143744
608,143809,59,164,80,186,69,175,143745
608,143810,543,206,578,231,560,218,143746
608,143811,99,165,116,200,107,182,143747
608,143812,362,21,384,66,373,43,143748
608,143813,426,23,446,54,436,38,143749
608,143814,208,316,231,345,219,330,143750
608,143815,300,52,321,85,310,68,143751
608,143816,246,52,268,78,257,65,143752
608,143817,610,0,638,22,624,11,143753
608,143818,280,291,302,311,291,301,143754
608,143819,271,74,291,105,281,89,143755
608,143820,499,29,526,48,512,38,143756
608,143821,574,69,609,96,591,82,143757
608,143822,261,178,281,210,271,194,143758
608,143823,397,11,418,32,407,21,143759
608,143824,609,48,634,75,621,61,143760
608,143825,293,231,313,256,303,243,143761
608,143826,119,90,137,115,128,102,143762
608,143827,411,23,429,52,420,37,143763
608,143828,232,84,255,106,243,95,143764
608,143829,36,120,54,141,45,130,143765
608,143830,72,129,88,156,80,142,143766
608,143831,57,98,80,123,68,110,143767
608,143832,229,50,250,74,239,62,143768
608,143833,201,10,220,32,210,21,143769
608,143834,219,4,239,31,229,17,143770
608,143835,37,158,55,177,46,167,143771
608,143836,40,88,56,114,48,101,143772
608,143837,486,254,512,277,499,265,143773
608,143838,280,16,304,38,292,27,143774
608,143839,126,0,187,22,156,11,143775
608,143840,52,18,66,53,59,35,143776
608,143841,163,0,177,4,170,2,143777
608,143842,327,244,345,267,336,255,143778
608,143843,185,81,208,104,196,92,143779
608,143844,196,56,212,82,204,69,143780
608,143845,313,128,337,153,325,140,143781
608,143846,306,98,334,121,320,109,143782
608,143847,531,0,567,12,549,6,143783
608,143848,541,157,567,185,554,171,143784
608,143849,348,62,376,86,362,74,143785
608,143850,28,244,43,262,35,253,143786
608,143851,44,234,59,257,51,245,143787
608,143852,31,275,47,300,39,287,143788
608,143853,384,9,399,28,391,18,143789
608,143854,386,271,407,296,396,283,143790
608,143855,533,37,571,59,552,48,143791
608,143856,629,60,639,82,634,71,143792
608,143857,500,303,533,321,516,312,143793
608,143858,131,0,149,12,140,6,143794
608,143859,324,1,339,13,331,7,143795
608,143860,255,248,275,266,265,257,143796
608,143861,511,8,530,32,520,20,143797
608,143862,67,20,81,40,74,30,143798
608,143863,582,10,607,23,594,16,143799
608,143864,296,281,313,295,304,288,
608,143865,413,23,446,53,429,38,143749
609,143866,442,0,532,73,487,36,143800
609,143867,539,247,571,274,555,260,143801
609,143868,596,234,621,263,608,248,143802
609,143869,468,183,490,225,479,204,143803
609,143870,597,127,623,164,610,145,143804
609,143871,266,0,347,50,306,25,143805
609,143872,381,121,403,156,392,138,143806
609,143873,528,71,557,95,542,83,143807
609,143874,417,112,442,146,429,129,143808
609,143875,59,164,80,186,69,175,143809
609,143876,543,206,578,231,560,218,143810
609,143877,99,165,116,200,107,182,143811
609,143878,362,21,384,66,373,43,143812
609,143879,424,23,446,54,435,38,143813
609,143880,208,316,231,345,219,330,143814
609,143881,300,52,321,85,310,68,143815
609,143882,246,52,268,78,257,65,143816
609,143883,610,0,638,22,624,11,143817
609,143884,280,291,302,311,291,301,143818
609,143885,271,74,291,105,281,89,143819
609,143886,499,29,526,48,512,38,143820
609,143887,574,69,609,96,591,82,143821
609,143888,261,178,281,210,271,194,143822
609,143889,397,11,418,32,407,21,143823
609,143890,608,49,634,75,621,62,143824
609,143891,293,231,313,257,303,244,143825
609,143892,119,90,137,115,128,102,143826
609,143893,232,84,255,106,243,95,143828
609,143894,36,120,54,141,45,130,143829
609,143895,72,129,88,156,80,142,143830
609,143896,57,98,80,123,68,110,143831
609,143897,229,50,250,74,239,62,143832
609,143898,201,10,220,32,210,21,143833
609,143899,219,4,239,32,229,18,143834
609,143900,37,158,55,177,46,167,143835
609,143901,40,88,56,114,48,101,143836
609,143902,486,254,512,277,499,265,143837
609,143903,280,16,304,38,292,27,143838
609,143904,126,0,187,22,156,11,143839
609,143905,52,18,66,53,59,35,143840
609,143906,163,0,177,4,170,2,143841
609,143907,327,244,345,267,336,255,143842
609,143908,185,81,208,104,196,92,143843
609,143909,196,56,212,82,204,69,143844
609,143910,313,128,337,153,325,140,143845
609,143911,306,98,334,121,320,109,143846
609,143912,531,0,567,12,549,6,143847
609,143913,541,158,568,185,554,171,143848
609,143914,348,62,376,86,362,74,143849
609,143915,28,244,43,262,35,253,143850
609,143916,44,234,59,258,51,246,143851
609,143917,31,275,47,300,39,287,143852
609,143918,384,9,399,28,391,18,143853
609,143919,386,271,407,296,396,283,143854
609,143920,533,37,571,59,552,48,143855
609,143921,629,60,639,82,634,71,143856
609,143922,500,303,533,321,516,312,143857
609,143923,131,0,149,12,140,6,143858
609,143924,324,1,339,13,331,7,143859
609,143925,255,248,276,266,265,257,143860
609,143926,511,8,530,32,520,20,143861
609,143927,67,20,81,40,74,30,143862
609,143928,582,10,607,23,594,16,143863
609,143929,296,281,313,295,304,288,143864
609,143930,412,23,446,53,429,38,143813
609,143931,287,262,314,277,300,269,
610,143932,442,0,532,73,487,36,143866
610,143933,539,247,571,274,555,260,143867
610,143934,596,234,621,263,608,248,143868
610,143935,468,183,490,226,479,204,143869
610,143936,597,127,623,164,610,145,143870
610,143937,266,0,347,50,306,25,143871
610,143938,381,121,403,156,392,138,143872
610,143939,528,71,557,95,542,83,143873
610,143940,417,112,442,146,429,129,143874
610,143941,59,164,80,186,69,175,143875
610,143942,543,206,578,231,560,218,143876
610,143943,99,165,116,200,107,182,143877
610,143944,362,21,384,66,373,43,143878
610,143945,423,23,446,54,434,38,143879
610,143946,208,316,231,345,219,330,143880
610,143947,300,52,321,85,310,68,143881
610,143948,246,52,268,78,257,65,143882
610,143949,610,0,638,22,624,11,143883
610,143950,280,291,302,311,291,301,143884
610,143951,271,74,291,105,281,89,143885
610,143952,499,29,526,49,512,39,143886
610,143953,574,69,609,96,591,82,143887
610,143954,261,178,281,210,271,194,143888
610,143955,397,11,418,32,407,21,143889
610,143956,608,49,634,75,621,62,143890
610,143957,293,231,313,256,303,243,143891
610,143958,119,90,137,115,128,102,143892
610,143959,232,84,255,106,243,95,143893
610,143960,36,120,54,141,45,130,143894
610,143961,72,129,88,156,80,142,143895
610,143962,57,98,80,123,68,110,143896
610,143963,229,50,250,74,239,62,143897
610,143964,201,10,220,32,210,21,143898
610,143965,219,4,239,31,229,17,143899
610,143966,37,158,55,177,46,167,143900
610,143967,40,88,56,114,48,101,143901
610,143968,486,254,512,277,499,265,143902
610,143969,280,16,304,37,292,26,143903
610,143970,126,0,187,22,156,11,143904
610,143971,52,18,66,53,59,35,143905
610,143972,163,0,177,4,170,2,143906
610,143973,327,244,345,267,336,255,143907
610,143974,185,81,208,104,196,92,143908
610,143975,196,56,212,82,204,69,143909
610,143976,313,128,337,153,325,140,143910
610,143977,306,98,334,121,320,109,143911
610,143978,532,0,567,12,549,6,143912
610,143979,541,158,569,185,555,171,143913
610,143980,348,62,376,86,362,74,143914
610,143981,28,244,43,262,35,253,143915
610,143982,44,234,59,258,51,246,143916
610,143983,31,276,47,300,39,288,143917
610,143984,384,9,399,28,391,18,143918
610,143985,386,271,407,296,396,283,143919
610,143986,533,37,571,59,552,48,143920
610,143987,629,59,639,82,634,70,143921
610,143988,500,303,533,321,516,312,143922
610,143989,131,0,149,12,140,6,143923
610,143990,324,1,339,13,331,7,143924
610,143991,256,249,276,267,266,258,143925
610,143992,511,8,530,32,520,20,143926
610,143993,67,20,81,40,74,30,143927
610,143994,296,280,312,295,304,287,143929
610,143995,412,23,446,53,429,38,143879
610,143996,285,262,312,277,298,269,143931
610,143997,217,0,230,8,223,4,
611,143998,442,0,532,73,487,36,143932
611,143999,539,247,571,274,555,260,143933
611,144000,596,234,621,263,608,248,143934
611,144001,468,183,490,226,479,204,143935
611,144002,597,127,623,164,610,145,143936
611,144003,266,0,347,50,306,25,143937
611,144004,381,121,403,156,392,138,143938
611,144005,528,71,557,95,542,83,143939
611,144006,417,112,442,146,429,129,143940
611,144007,59,164,80,186,69,175,143941
611,144008,543,206,578,231,560,218,143942
611,144009,99,165,116,200,107,182,143943
611,144010,362,21,384,66,373,43,143944
611,144011,423,23,446,54,434,38,143945
611,144012,208,316,231,345,219,330,143946
611,144013,300,52,321,85,310,68,143947
611,144014,246,52,268,78,257,65,143948
611,144015,610,0,638,22,624,11,143949
611,144016,280,291,302,311,291,301,143950
611,144017,271,74,291,105,281,89,143951
611,144018,499,29,526,49,512,39,143952
611,144019,574,69,609,96,591,82,143953
611,144020,261,178,281,211,271,194,143954
611,144021,397,11,418,32,407,21,143955
611,144022,607,49,634,75,620,62,143956
611,144023,293,231,313,256,303,243,143957
611,144024,119,90,137,115,128,102,143958
611,144025,232,84,255,106,243,95,143959
611,144026,36,120,54,141,45,130,143960
611,144027,72,129,88,156,80,142,143961
611,144028,57,98,80,123,68,110,143962
611,144029,229,50,250,74,239,62,143963
611,144030,201,10,220,32,210,21,143964
611,144031,219,4,239,31,229,17,143965
611,144032,37,158,55,177,46,167,143966
611,144033,40,88,56,114,48,101,143967
611,144034,486,254,512,277,499,265,143968
611,144035,280,16,304,37,292,26,143969
611,144036,126,0,187,22,156,11,143970
611,144037,52,18,66,53,59,35,143971
611,144038,163,0,177,4,170,2,143972
611,144039,327,244,345,267,336,255,143973
611,144040,185,81,208,104,196,92,143974
611,144041,196,56,212,82,204,69,143975
611,144042,313,128,337,153,325,140,143976
611,144043,306,98,334,121,320,109,143977
611,144044,532,0,567,12,549,6,143978
611,144045,541,158,569,185,555,171,143979
611,144046,348,62,376,86,362,74,143980
611,144047,28,244,43,262,35,253,143981
611,144048,44,234,59,258,51,246,143982
611,144049,31,276,47,300,39,288,143983
611,144050,384,9,399,28,391,18,143984
611,144051,386,271,407,296,396,283,143985
611,144052,533,37,571,59,552,48,143986
611,144053,629,59,639,82,634,70,143987
611,144054,500,303,533,321,516,312,143988
611,144055,131,0,149,12,140,6,143989
611,144056,324,1,339,13,331,7,143990
611,144057,257,249,277,267,267,258,143991
611,144058,511,8,530,32,520,20,143992
611,144059,67,20,81,40,74,30,143993
611,144060,296,279,312,294,304,286,143994
611,144061,411,23,446,53,428,38,143945
611,144062,285,261,311,277,298,269,143996
611,144063,217,0,230,8,223,4,143997
612,144064,441,0,532,73,486,36,143998
612,144065,539,247,571,274,555,260,143999
612,144066,596,234,621,263,608,248,144000
612,144067,468,183,490,227,479,205,144001
612,144068,597,127,623,164,610,145,144002
612,144069,266,0,347,50,306,25,144003
612,144070,381,121,403,156,392,138,144004
612,144071,528,71,557,95,542,83,144005
612,144072,417,112,442,146,429,129,144006
612,144073,59,164,80,186,69,175,144007
612,144074,543,206,578,231,560,218,144008
612,144075,99,165,116,200,107,182,144009
612,144076,362,21,384,66,373,43,144010
612,144077,208,316,231,345,219,330,144012
612,144078,300,52,321,85,310,68,144013
612,144079,246,52,268,78,257,65,144014
612,144080,610,0,638,22,624,11,144015
612,144081,281,291,302,311,291,301,144016
612,144082,271,74,291,105,281,89,144017
612,144083,500,29,526,49,513,39,144018
612,144084,574,69,609,96,591,82,144019
612,144085,261,178,281,210,271,194,144020
612,144086,397,11,418,32,407,21,144021
612,144087,607,49,634,75,620,62,144022
612,144088,293,231,313,256,303,243,144023
612,144089,119,90,137,115,128,102,144024
612,144090,232,84,255,106,243,95,144025
612,144091,36,120,54,141,45,130,144026
612,144092,72,129,88,156,80,142,144027
612,144093,57,98,80,123,68,110,144028
612,144094,229,50,250,74,239,62,144029
612,144095,201,10,220,32,210,21,144030
612,144096,219,4,239,31,229,17,144031
612,144097,37,158,55,177,46,167,144032
612,144098,40,88,56,114,48,101,144033
612,144099,486,254,512,277,499,265,144034
612,144100,280,16,304,37,292,26,144035
612,144101,126,0,187,22,156,11,144036
612,144102,52,18,66,53,59,35,144037
612,144103,163,0,177,4,170,2,144038
612,144104,327,244,345,267,336,255,144039
612,144105,185,81,208,104,196,92,144040
612,144106,196,56,212,82,204,69,144041
612,144107,313,128,337,153,325,140,144042
612,144108,306,98,334,121,320,109,144043
612,144109,532,0,567,13,549,6,144044
612,144110,541,158,569,185,555,171,144045
612,144111,348,62,376,86,362,74,144046
612,144112,28,244,43,262,35,253,144047
612,144113,44,234,59,258,51,246,144048
612,144114,31,276,47,300,39,288,144049
612,144115,384,9,399,29,391,19,144050
612,144116,386,271,407,296,396,283,144051
612,144117,533,37,571,59,552,48,144052
612,144118,629,59,639,82,634,70,144053
612,144119,501,303,533,321,517,312,144054
612,144120,130,0,149,12,139,6,144055
612,144121,324,1,339,13,331,7,144056
612,144122,257,249,278,267,267,258,144057
612,144123,511,8,530,32,520,20,144058
612,144124,67,20,81,40,74,30,144059
612,144125,295,279,312,294,303,286,144060
612,144126,412,23,446,54,429,38,144011
612,144127,284,261,310,277,297,269,144062
612,144128,308,270,329,283,318,276,
613,144129,441,0,532,73,486,36,144064
613,144130,539,247,571,274,555,260,144065
613,144131,596,234,621,263,608,248,144066
613,144132,468,183,490,227,479,205,144067
613,144133,597,127,623,164,610,145,144068
613,144134,266,0,347,50,306,25,144069
613,144135,381,121,403,156,392,138,144070
613,144136,528,71,557,95,542,83,144071
613,144137,417,112,442,146,429,129,144072
613,144138,59,164,80,186,69,175,144073
613,144139,543,206,578,231,560,218,144074
613,144140,99,165,116,200,107,182,144075
613,144141,362,21,384,66,373,43,144076
613,144142,208,316,231,345,219,330,144077
613,144143,300,52,321,85,310,68,144078
613,144144,246,52,268,78,257,65,144079
613,144145,610,0,638,22,624,11,144080
613,144146,280,291,301,311,290,301,144081
613,144147,271,74,291,105,281,89,144082
613,144148,500,29,526,49,513,39,144083
613,144149,574,69,609,96,591,82,144084
613,144150,261,178,281,210,271,194,144085
613,144151,397,11,418,32,407,21,144086
613,144152,607,49,634,75,620,62,144087
613,144153,293,231,313,256,303,243,144088
613,144154,119,90,137,115,128,102,144089
613,144155,232,84,255,106,243,95,144090
613,144156,36,120,54,141,45,130,144091
613,144157,72,129,88,156,80,142,144092
613,144158,57,98,80,123,68,110,144093
613,144159,229,50,250,74,239,62,144094
613,144160,201,11,220,32,210,21,144095
613,144161,219,4,240,31,229,17,144096
613,144162,37,158,55,177,46,167,144097
613,144163,40,88,56,114,48,101,144098
613,144164,486,254,512,277,499,265,144099
613,144165,280,16,304,37,292,26,144100
613,144166,125,0,187,22,156,11,144101
613,144167,52,18,66,53,59,35,144102
613,144168,163,0,177,4,170,2,144103
613,144169,327,244,345,267,336,255,144104
613,144170,185,81,208,103,196,92,144105
613,144171,196,56,212,82,204,69,144106
613,144172,313,128,337,153,325,140,144107
613,144173,306,98,334,121,320,109,144108
613,144174,532,0,567,13,549,6,144109
613,144175,541,159,569,185,555,172,144110
613,144176,348,62,376,86,362,74,144111
613,144177,28,244,43,262,35,253,144112
613,144178,44,234,59,259,51,246,144113
613,144179,31,276,47,300,39,288,144114
613,144180,384,9,399,28,391,18,144115
613,144181,386,271,407,296,396,283,144116
613,144182,533,37,570,59,551,48,144117
613,144183,629,59,639,82,634,70,144118
613,144184,500,303,533,321,516,312,144119
613,144185,130,0,149,12,139,6,144120
613,144186,324,1,339,13,331,7,144121
613,144187,258,250,279,268,268,259,144122
613,144188,511,8,530,32,520,20,144123
613,144189,67,20,81,40,74,30,144124
613,144190,295,278,311,294,303,286,144125
613,144191,411,23,446,54,428,38,144126
613,144192,281,260,308,277,294,268,144127
613,144193,306,269,327,283,316,276,144128
613,144194,314,281,336,300,325,290,
614,144195,441,0,532,73,486,36,144129
614,144196,539,247,571,274,555,260,144130
614,144197,596,234,621,263,608,248,144131
614,144198,468,183,490,228,479,205,144132
614,144199,597,127,623,164,610,145,144133
614,144200,266,0,347,50,306,25,144134
614,144201,381,121,403,156,392,138,144135
614,144202,528,71,557,95,542,83,144136
614,144203,417,112,442,146,429,129,144137
614,144204,59,164,80,186,69,175,144138
614,144205,543,206,578,231,560,218,144139
614,144206,99,165,116,200,107,182,144140
614,144207,362,21,384,66,373,43,144141
614,144208,208,316,231,345,219,330,144142
614,144209,300,52,321,85,310,68,144143
614,144210,246,52,268,78,257,65,144144
614,144211,610,0,638,22,624,11,144145
614,144212,281,291,301,311,291,301,144146
614,144213,271,74,291,105,281,89,144147
614,144214,499,29,526,49,512,39,144148
614,144215,574,69,609,95,591,82,144149
614,144216,261,178,281,210,271,194,144150
614,144217,397,11,418,32,407,21,144151
614,144218,606,49,634,75,620,62,144152
614,144219,293,231,313,256,303,243,144153
614,144220,119,90,137,115,128,102,144154
614,144221,232,84,255,106,243,95,144155
614,144222,36,120,54,141,45,130,144156
614,144223,72,129,88,156,80,142,144157
614,144224,57,98,80,123,68,110,144158
614,144225,229,50,250,74,239,62,144159
614,144226,201,11,220,32,210,21,144160
614,144227,219,4,240,30,229,17,144161
614,144228,37,158,55,177,46,167,144162
614,144229,40,88,56,114,48,101,144163
614,144230,486,254,512,277,499,265,144164
614,144231,281,16,304,37,292,26,144165
614,144232,125,0,187,22,156,11,144166
614,144233,52,18,66,53,59,35,144167
614,144234,163,0,177,4,170,2,144168
614,144235,326,244,345,267,335,255,144169
614,144236,185,81,208,103,196,92,144170
614,144237,196,56,212,82,204,69,144171
614,144238,313,128,337,153,325,140,144172
614,144239,306,98,334,121,320,109,144173
614,144240,532,0,567,12,549,6,144174
614,144241,541,159,568,184,554,171,144175
614,144242,348,62,376,86,362,74,144176
614,144243,28,244,43,262,35,253,144177
614,144244,44,234,59,259,51,246,144178
614,144245,31,276,47,300,39,288,144179
614,144246,384,8,399,28,391,18,144180
614,144247,386,271,407,296,396,283,144181
614,144248,533,37,570,59,551,48,144182
614,144249,629,59,639,82,634,70,144183
614,144250,500,302,533,321,516,311,144184
614,144251,130,0,149,12,139,6,144185
614,144252,324,1,339,13,331,7,144186
614,144253,259,251,279,268,269,259,144187
614,144254,511,8,530,32,520,20,144188
614,144255,67,20,81,40,74,30,144189
614,144256,294,275,311,294,302,284,144190
614,144257,411,23,446,54,428,38,144191
614,144258,280,259,306,276,293,267,144192
614,144259,303,268,326,283,314,275,144193
614,144260,314,282,336,300,325,291,144194
615,144261,441,0,532,73,486,36,144195
615,144262,539,247,571,274,555,260,144196
615,144263,596,234,621,263,608,248,144197
615,144264,468,183,490,228,479,205,144198
615,144265,597,127,623,164,610,145,144199
615,144266,266,0,347,50,306,25,144200
615,144267,381,121,403,156,392,138,144201
615,144268,528,71,557,95,542,83,144202
615,144269,417,112,442,146,429,129,144203
615,144270,59,164,80,186,69,175,144204
615,144271,543,206,578,231,560,218,144205
615,144272,99,165,116,200,107,182,144206
615,144273,362,21,384,66,373,43,144207
615,144274,208,316,231,345,219,330,144208
615,144275,300,52,321,85,310,68,144209
615,144276,247,52,268,78,257,65,144210
615,144277,610,0,638,22,624,11,144211
615,144278,281,291,301,311,291,301,144212
615,144279,271,74,291,105,281,89,144213
615,144280,499,29,526,49,512,39,144214
615,144281,574,69,609,95,591,82,144215
615,144282,261,178,281,210,271,194,144216
615,144283,397,11,418,32,407,21,144217
615,144284,606,49,634,75,620,62,144218
615,144285,293,231,313,256,303,243,144219
615,144286,119,90,137,115,128,102,144220
615,144287,232,84,255,106,243,95,144221
615,144288,36,120,54,141,45,130,144222
615,144289,72,129,88,156,80,142,144223
615,144290,57,98,80,123,68,110,144224
615,144291,229,50,250,74,239,62,144225
615,144292,201,11,220,32,210,21,144226
615,144293,219,4,240,30,229,17,144227
615,144294,37,158,55,177,46,167,144228
615,144295,40,88,56,114,48,101,144229
615,144296,486,254,512,277,499,265,144230
615,144297,281,16,304,37,292,26,144231
615,144298,125,0,187,22,156,11,144232
615,144299,52,18,66,53,59,35,144233
615,144300,163,0,177,4,170,2,144234
615,144301,326,244,345,267,335,255,144235
615,144302,185,81,208,103,196,92,144236
615,144303,196,56,212,82,204,69,144237
615,144304,313,128,337,153,325,140,144238
615,144305,306,98,334,121,320,109,144239
615,144306,531,0,567,12,549,6,144240
615,144307,541,159,568,185,554,172,144241
615,144308,348,62,376,86,362,74,144242
615,144309,28,244,43,262,35,253,144243
615,144310,44,234,59,259,51,246,144244
615,144311,31,276,47,300,39,288,144245
615,144312,384,8,399,28,391,18,144246
615,144313,385,271,406,296,395,283,144247
615,144314,533,37,570,59,551,48,144248
615,144315,629,59,639,82,634,70,144249
615,144316,500,302,533,321,516,311,144250
615,144317,130,0,149,12,139,6,144251
615,144318,324,1,339,13,331,7,144252
615,144319,260,252,279,268,269,260,144253
615,144320,511,8,530,33,520,20,144254
615,144321,67,20,81,40,74,30,144255
615,144322,294,273,315,293,304,283,144256
615,144323,411,23,446,54,428,38,144257
615,144324,279,259,304,276,291,267,144258
615,144325,299,266,324,282,311,274,144259
615,144326,314,282,336,300,325,291,144260
616,144327,441,0,532,73,486,36,144261
616,144328,539,247,571,274,555,260,144262
616,144329,596,234,621,263,608,248,144263
616,144330,468,183,490,228,479,205,144264
616,144331,597,127,623,164,610,145,144265
616,144332,266,0,347,50,306,25,144266
616,144333,381,121,403,156,392,138,144267
616,144334,528,71,557,95,542,83,144268
616,144335,417,112,442,146,429,129,144269
616,144336,59,164,80,186,69,175,144270
616,144337,543,206,578,231,560,218,144271
616,144338,99,165,116,200,107,182,144272
616,144339,362,21,384,66,373,43,144273
616,144340,208,316,231,345,219,330,144274
616,144341,300,52,321,85,310,68,144275
616,144342,247,52,268,78,257,65,144276
616,144343,610,0,638,22,624,11,144277
616,144344,280,291,301,311,290,301,144278
616,144345,271,74,291,105,281,89,144279
616,144346,499,30,526,49,512,39,144280
616,144347,574,69,609,95,591,82,144281
616,144348,261,178,281,210,271,194,144282
616,144349,397,11,418,32,407,21,144283
616,144350,606,49,634,75,620,62,144284
616,144351,293,231,313,256,303,243,144285
616,144352,119,90,137,115,128,102,144286
616,144353,232,84,255,106,243,95,144287
616,144354,36,120,54,141,45,130,144288
616,144355,72,129,88,156,80,142,144289
616,144356,57,98,80,123,68,110,144290
616,144357,229,50,250,74,239,62,144291
616,144358,201,10,220,32,210,21,144292
616,144359,219,5,241,30,230,17,144293
616,144360,37,158,55,177,46,167,144294
616,144361,40,88,56,114,48,101,144295
616,144362,486,254,512,277,499,265,144296
616,144363,280,16,304,37,292,26,144297
616,144364,125,0,187,22,156,11,144298
616,144365,52,18,66,53,59,35,144299
616,144366,163,0,177,4,170,2,144300
616,144367,326,244,345,267,335,255,144301
616,144368,185,81,208,103,196,92,144302
616,144369,196,56,212,82,204,69,144303
616,144370,313,128,337,153,325,140,144304
616,144371,306,98,334,121,320,109,144305
616,144372,531,0,567,12,549,6,144306
616,144373,541,159,568,185,554,172,144307
616,144374,348,62,376,86,362,74,144308
616,144375,28,244,43,262,35,253,144309
616,144376,44,234,59,259,51,246,144310
616,144377,31,276,47,300,39,288,144311
616,144378,384,8,399,28,391,18,144312
616,144379,385,271,406,296,395,283,144313
616,144380,533,37,570,59,551,48,144314
616,144381,629,59,639,82,634,70,144315
616,144382,499,302,533,322,516,312,144316
616,144383,130,0,149,12,139,6,144317
616,144384,324,1,339,13,331,7,144318
616,144385,260,253,280,268,270,260,144319
616,144386,511,8,530,33,520,20,144320
616,144387,67,20,81,40,74,30,144321
616,144388,293,269,319,293,306,281,144322
616,144389,411,23,446,53,428,38,144323
616,144390,279,260,302,275,290,267,144324
616,144391,314,280,336,300,325,290,144326
617,144392,441,0,532,73,486,36,144327
617,144393,539,247,571,274,555,260,144328
617,144394,596,234,621,263,608,248,144329
617,144395,468,183,490,228,479,205,144330
617,144396,597,127,623,164,610,145,144331
617,144397,266,0,347,50,306,25,144332
617,144398,381,121,403,156,392,138,144333
617,144399,528,71,557,95,542,83,144334
617,144400,417,112,442,146,429,129,144335
617,144401,59,164,80,186,69,175,144336
617,144402,543,206,578,231,560,218,144337
617,144403,99,165,116,200,107,182,144338
617,144404,362,21,384,66,373,43,144339
617,144405,208,316,231,345,219,330,144340
617,144406,300,52,321,85,310,68,144341
617,144407,247,52,268,78,257,65,144342
617,144408,610,0,638,22,624,11,144343
617,144409,280,291,301,311,290,301,144344
617,144410,271,74,291,105,281,89,144345
617,144411,499,30,526,49,512,39,144346
617,144412,574,69,609,95,591,82,144347
617,144413,261,178,281,210,271,194,144348
617,144414,397,11,418,32,407,21,144349
617,144415,606,49,634,75,620,62,144350
617,144416,293,231,313,256,303,243,144351
617,144417,119,90,137,115,128,102,144352
617,144418,232,84,255,106,243,95,144353
617,144419,36,120,54,141,45,130,144354
617,144420,72,129,88,156,80,142,144355
617,144421,57,98,80,123,68,110,144356
617,144422,229,50,250,74,239,62,144357
617,144423,201,10,220,32,210,21,144358
617,144424,219,5,241,30,230,17,144359
617,144425,37,158,55,177,46,167,144360
617,144426,40,88,56,114,48,101,144361
617,144427,486,254,512,277,499,265,144362
617,144428,280,16,304,37,292,26,144363
617,144429,125,0,187,22,156,11,144364
617,144430,52,18,66,53,59,35,144365
617,144431,163,0,177,4,170,2,144366
617,144432,326,244,345,267,335,255,144367
617,144433,185,81,208,103,196,92,144368
617,144434,196,56,212,82,204,69,144369
617,144435,313,128,337,153,325,140,144370
617,144436,306,98,334,121,320,109,144371
617,144437,531,0,567,12,549,6,144372
617,144438,541,159,568,184,554,171,144373
617,144439,348,62,376,86,362,74,144374
617,144440,28,244,43,262,35,253,144375
617,144441,44,234,59,259,51,246,144376
617,144442,31,276,47,300,39,288,144377
617,144443,384,8,399,28,391,18,144378
617,144444,385,271,406,296,395,283,144379
617,144445,533,37,570,59,551,48,144380
617,144446,629,59,639,82,634,70,144381
617,144447,499,302,533,323,516,312,144382
617,144448,130,0,149,12,139,6,144383
617,144449,324,1,339,13,331,7,144384
617,144450,260,253,280,268,270,260,144385
617,144451,511,8,530,33,520,20,144386
617,144452,67,20,81,41,74,30,144387
617,144453,293,267,321,293,307,280,144388
617,144454,411,23,446,53,428,38,144389
617,144455,279,260,301,275,290,267,144390
617,144456,314,280,336,300,325,290,144391
618,144457,441,0,532,73,486,36,144392
618,144458,539,247,571,274,555,260,144393
618,144459,596,234,621,263,608,248,144394
618,144460,468,183,490,228,479,205,144395
618,144461,597,127,623,164,610,145,144396
618,144462,266,0,347,50,306,25,144397
618,144463,381,121,403,156,392,138,144398
618,144464,528,71,557,95,542,83,144399
618,144465,417,112,442,146,429,129,144400
618,144466,59,164,80,186,69,175,144401
618,144467,543,206,578,231,560,218,144402
618,144468,99,165,116,200,107,182,144403
618,144469,362,21,384,66,373,43,144404
618,144470,208,316,231,345,219,330,144405
618,144471,300,52,321,85,310,68,144406
618,144472,247,52,268,78,257,65,144407
618,144473,610,0,638,22,624,11,144408
618,144474,280,291,301,311,290,301,144409
618,144475,271,74,291,105,281,89,144410
618,144476,499,30,526,49,512,39,144411
618,144477,574,69,609,95,591,82,144412
618,144478,261,178,281,210,271,194,144413
618,144479,397,11,417,32,407,21,144414
618,144480,606,49,634,75,620,62,144415
618,144481,293,231,313,256,303,243,144416
618,144482,119,90,137,115,128,102,144417
618,144483,232,84,255,106,243,95,144418
618,144484,36,120,54,141,45,130,144419
618,144485,72,129,88,156,80,142,144420
618,144486,57,98,80,123,68,110,144421
618,144487,229,50,250,74,239,62,144422
618,144488,201,11,221,32,211,21,144423
618,144489,220,5,243,30,231,17,144424
618,144490,37,158,55,177,46,167,144425
618,144491,40,88,56,114,48,101,144426
618,144492,486,254,512,277,499,265,144427
618,144493,280,16,304,37,292,26,144428
618,144494,124,0,187,22,155,11,144429
618,144495,52,18,66,53,59,35,144430
618,144496,163,0,177,4,170,2,144431
618,144497,326,244,345,266,335,255,144432
618,144498,185,81,208,103,196,92,144433
618,144499,196,56,212,82,204,69,144434
618,144500,313,128,337,153,325,140,144435
618,144501,306,98,334,121,320,109,144436
618,144502,531,0,567,12,549,6,144437
618,144503,541,159,567,184,554,171,144438
618,144504,348,62,376,86,362,74,144439
618,144505,28,244,43,262,35,253,144440
618,144506,44,234,59,259,51,246,144441
618,144507,31,276,47,300,39,288,144442
618,144508,384,8,399,28,391,18,144443
618,144509,385,271,406,296,395,283,144444
618,144510,533,37,570,59,551,48,144445
618,144511,629,59,639,82,634,70,144446
618,144512,499,302,533,323,516,312,144447
618,144513,130,0,149,12,139,6,144448
618,144514,324,1,339,13,331,7,144449
618,144515,260,253,279,269,269,261,144450
618,144516,511,8,530,33,520,20,144451
618,144517,67,20,81,41,74,30,144452
618,144518,411,23,446,53,428,38,144454
618,144519,277,261,302,276,289,268,144455
618,144520,315,279,336,299,325,289,144456
619,144521,441,0,532,73,486,36,144457
619,144522,539,247,571,274,555,260,144458
619,144523,596,234,621,263,608,248,144459
619,144524,468,183,490,227,479,205,144460
619,144525,597,127,623,164,610,145,144461
619,144526,265,0,347,50,306,25,144462
619,144527,381,121,403,156,392,138,144463
619,144528,528,71,557,95,542,83,144464
619,144529,417,112,442,146,429,129,144465
619,144530,59,164,80,186,69,175,144466
619,144531,543,206,578,231,560,218,144467
619,144532,99,165,116,200,107,182,144468
619,144533,362,21,384,66,373,43,144469
619,144534,208,316,231,345,219,330,144470
619,144535,300,52,321,85,310,68,144471
619,144536,247,52,268,78,257,65,144472
619,144537,610,0,638,22,624,11,144473
619,144538,280,291,301,311,290,301,144474
619,144539,271,74,291,105,281,89,144475
619,144540,499,30,526,49,512,39,144476
619,144541,574,69,609,95,591,82,144477
619,144542,261,178,281,210,271,194,144478
619,144543,397,11,417,32,407,21,144479
619,144544,606,49,634,75,620,62,144480
619,144545,293,231,313,256,303,243,144481
619,144546,119,90,137,115,128,102,144482
619,144547,232,84,255,106,243,95,144483
619,144548,36,120,54,142,45,131,144484
619,144549,72,129,88,156,80,142,144485
619,144550,57,98,80,123,68,110,144486
619,144551,229,50,250,74,239,62,144487
619,144552,201,10,220,32,210,21,144488
619,144553,220,6,244,30,232,18,144489
619,144554,37,158,55,177,46,167,144490
619,144555,40,88,56,114,48,101,144491
619,144556,486,254,512,277,499,265,144492
619,144557,280,16,304,37,292,26,144493
619,144558,124,0,187,22,155,11,144494
619,144559,52,18,66,53,59,35,144495
619,144560,163,0,177,4,170,2,144496
619,144561,326,244,345,267,335,255,144497
619,144562,185,81,208,103,196,92,144498
619,144563,196,56,212,82,204,69,144499
619,144564,313,128,337,153,325,140,144500
619,144565,306,98,334,121,320,109,144501
619,144566,531,0,567,12,549,6,144502
619,144567,541,159,567,184,554,171,144503
619,144568,348,62,376,86,362,74,144504
619,144569,28,244,43,262,35,253,144505
619,144570,44,234,59,259,51,246,144506
619,144571,31,276,47,300,39,288,144507
619,144572,384,9,399,28,391,18,144508
619,144573,385,271,406,296,395,283,144509
619,144574,532,37,570,60,551,48,144510
619,144575,629,59,639,82,634,70,144511
619,144576,500,302,533,324,516,313,144512
619,144577,130,0,149,12,139,6,144513
619,144578,324,1,339,13,331,7,144514
619,144579,260,253,279,269,269,261,144515
619,144580,511,8,530,33,520,20,144516
619,144581,67,20,81,41,74,30,144517
619,144582,411,23,446,53,428,38,144518
619,144583,277,262,312,277,294,269,144519
619,144584,315,278,336,299,325,288,144520
619,144585,292,275,318,295,305,285,
620,144586,440,0,532,73,486,36,144521
620,144587,539,247,571,273,555,260,144522
620,144588,596,234,621,263,608,248,144523
620,144589,468,183,490,226,479,204,144524
620,144590,597,127,623,164,610,145,144525
620,144591,265,0,346,51,305,25,144526
620,144592,381,121,402,156,391,138,144527
620,144593,528,71,557,95,542,83,144528
620,144594,417,113,442,146,429,129,144529
620,144595,59,164,79,186,69,175,144530
620,144596,543,206,578,231,560,218,144531
620,144597,99,165,116,200,107,182,144532
620,144598,362,24,384,66,373,45,144533
620,144599,208,316,231,345,219,330,144534
620,144600,300,52,321,84,310,68,144535
620,144601,246,52,268,78,257,65,144536
620,144602,610,0,638,22,624,11,144537
620,144603,280,291,301,311,290,301,144538
620,144604,271,75,291,105,281,90,144539
620,144605,499,30,525,49,512,39,144540
620,144606,574,69,609,96,591,82,144541
620,144607,261,178,281,210,271,194,144542
620,144608,397,11,418,32,407,21,144543
620,144609,607,49,634,75,620,62,144544
620,144610,293,230,313,257,303,243,144545
620,144611,119,90,137,116,128,103,144546
620,144612,233,84,256,107,244,95,144547
620,144613,36,120,55,142,45,131,144548
620,144614,72,129,88,156,80,142,144549
620,144615,57,98,80,123,68,110,144550
620,144616,229,50,250,74,239,62,144551
620,144617,201,11,221,32,211,21,144552
620,144618,220,7,246,30,233,18,144553
620,144619,37,159,55,177,46,168,144554
620,144620,40,88,56,114,48,101,144555
620,144621,486,254,512,277,499,265,144556
620,144622,280,16,304,37,292,26,144557
620,144623,125,0,187,23,156,11,144558
620,144624,52,18,66,53,59,35,144559
620,144625,164,0,178,5,171,2,144560
620,144626,326,244,345,266,335,255,144561
620,144627,185,81,208,103,196,92,144562
620,144628,196,56,212,82,204,69,144563
620,144629,313,128,337,153,325,140,144564
620,144630,307,98,334,121,320,109,144565
620,144631,531,0,567,12,549,6,144566
620,144632,541,159,567,184,554,171,144567
620,144633,348,62,376,85,362,73,144568
620,144634,28,244,43,262,35,253,144569
620,144635,44,234,59,258,51,246,144570
620,144636,31,275,47,300,39,287,144571
620,144637,384,9,399,29,391,19,144572
620,144638,385,271,407,296,396,283,144573
620,144639,532,37,570,60,551,48,144574
620,144640,629,59,639,82,634,70,144575
620,144641,500,303,533,322,516,312,144576
620,144642,261,253,279,269,270,261,144579
620,144643,511,8,530,33,520,20,144580
620,144644,411,23,446,54,428,38,144582
620,144645,293,277,315,295,304,286,144585
620,144646,582,10,608,22,595,16,
620,144647,216,0,230,7,223,3,
621,144648,440,0,532,73,486,36,144586
621,144649,539,247,571,273,555,260,144587
621,144650,596,234,621,263,608,248,144588
621,144651,468,183,490,226,479,204,144589
621,144652,597,127,623,164,610,145,144590
621,144653,265,0,346,51,305,25,144591
621,144654,381,121,402,156,391,138,144592
621,144655,528,70,557,95,542,82,144593
621,144656,417,113,442,145,429,129,144594
621,144657,60,164,79,186,69,175,144595
621,144658,543,206,578,231,560,218,144596
621,144659,99,165,116,200,107,182,144597
621,144660,362,24,383,66,372,45,144598
621,144661,208,316,231,345,219,330,144599
621,144662,300,52,321,84,310,68,144600
621,144663,246,52,268,78,257,65,144601
621,144664,610,0,638,22,624,11,144602
621,144665,280,291,301,311,290,301,144603
621,144666,271,75,290,105,280,90,144604
621,144667,499,30,525,49,512,39,144605
621,144668,574,69,609,96,591,82,144606
621,144669,261,177,281,210,271,193,144607
621,144670,397,11,418,32,407,21,144608
621,144671,607,49,634,75,620,62,144609
621,144672,293,230,313,257,303,243,144610
621,144673,119,89,137,116,128,102,144611
621,144674,233,84,256,107,244,95,144612
621,144675,36,120,55,142,45,131,144613
621,144676,72,129,88,156,80,142,144614
621,144677,57,98,80,123,68,110,144615
621,144678,229,50,250,74,239,62,144616
621,144679,201,11,221,32,211,21,144617
621,144680,220,7,246,30,233,18,144618
621,144681,37,159,55,177,46,168,144619
621,144682,40,88,56,114,48,101,144620
621,144683,486,254,512,277,499,265,144621
621,144684,280,16,304,37,292,26,144622
621,144685,126,0,187,23,156,11,144623
621,144686,52,18,66,53,59,35,144624
621,144687,164,0,178,5,171,2,144625
621,144688,326,244,345,266,335,255,144626
621,144689,185,81,208,103,196,92,144627
621,144690,196,56,212,82,204,69,144628
621,144691,313,128,337,153,325,140,144629
621,144692,307,98,334,120,320,109,144630
621,144693,531,0,567,12,549,6,144631
621,144694,541,159,567,184,554,171,144632
621,144695,348,62,376,85,362,73,144633
621,144696,28,245,43,261,35,253,144634
621,144697,44,234,59,258,51,246,144635
621,144698,31,275,47,300,39,287,144636
621,144699,384,9,399,29,391,19,144637
621,144700,385,271,407,296,396,283,144638
621,144701,532,37,570,60,551,48,144639
621,144702,629,58,639,82,634,70,144640
621,144703,500,303,533,321,516,312,144641
621,144704,261,253,279,269,270,261,144642
621,144705,511,8,530,33,520,20,144643
621,144706,411,23,446,54,428,38,144644
621,144707,293,277,315,296,304,286,144645
621,144708,582,10,608,22,595,16,144646
621,144709,216,0,229,6,222,3,144647
622,144710,440,0,532,73,486,36,144648
622,144711,539,247,571,273,555,260,144649
622,144712,596,233,621,263,608,248,144650
622,144713,467,183,490,227,478,205,144651
622,144714,597,127,623,164,610,145,144652
622,144715,265,0,346,51,305,25,144653
622,144716,381,121,402,156,391,138,144654
622,144717,528,70,557,95,542,82,144655
622,144718,417,113,442,146,429,129,144656
622,144719,60,164,79,186,69,175,144657
622,144720,543,207,578,231,560,219,144658
622,144721,99,165,116,200,107,182,144659
622,144722,362,25,383,66,372,45,144660
622,144723,208,316,231,345,219,330,144661
622,144724,300,52,321,84,310,68,144662
622,144725,246,52,267,78,256,65,144663
622,144726,610,0,638,22,624,11,144664
622,144727,280,291,301,311,290,301,144665
622,144728,271,75,290,105,280,90,144666
622,144729,499,30,525,49,512,39,144667
622,144730,574,69,609,96,591,82,144668
622,144731,261,177,281,210,271,193,144669
622,144732,397,11,418,32,407,21,144670
622,144733,607,49,634,75,620,62,144671
622,144734,293,230,313,257,303,243,144672
622,144735,119,89,137,116,128,102,144673
622,144736,233,84,256,107,244,95,144674
622,144737,36,120,55,142,45,131,144675
622,144738,72,129,88,155,80,142,144676
622,144739,57,98,80,123,68,110,144677
622,144740,229,50,250,74,239,62,144678
622,144741,202,11,221,32,211,21,144679
622,144742,220,7,246,30,233,18,144680
622,144743,37,159,55,177,46,168,144681
622,144744,40,88,56,114,48,101,144682
622,144745,486,254,512,277,499,265,144683
622,144746,280,16,304,37,292,26,144684
622,144747,126,0,187,23,156,11,144685
622,144748,52,18,66,53,59,35,144686
622,144749,164,0,178,5,171,2,144687
622,144750,326,244,345,266,335,255,144688
622,144751,185,81,208,103,196,92,144689
622,144752,196,56,212,82,204,69,144690
622,144753,313,128,337,153,325,140,144691
622,144754,307,98,334,120,320,109,144692
622,144755,531,0,567,12,549,6,144693
622,144756,541,159,567,184,554,171,144694
622,144757,348,62,376,85,362,73,144695
622,144758,28,245,43,261,35,253,144696
622,144759,44,233,59,258,51,245,144697
622,144760,31,275,47,299,39,287,144698
622,144761,384,9,398,29,391,19,144699
622,144762,385,271,408,296,396,283,144700
622,144763,532,37,570,60,551,48,144701
622,144764,629,58,639,82,634,70,144702
622,144765,500,303,533,321,516,312,144703
622,144766,261,253,279,270,270,261,144704
622,144767,511,8,530,33,520,20,144705
622,144768,411,23,446,54,428,38,144706
622,144769,293,277,314,296,303,286,144707
622,144770,582,10,608,22,595,16,144708
622,144771,216,0,229,6,222,3,144709
622,144772,277,263,303,276,290,269,
623,144773,440,0,532,73,486,36,144710
623,144774,539,247,571,273,555,260,144711
623,144775,596,234,621,263,608,248,144712
623,144776,467,183,490,228,478,205,144713
623,144777,597,127,623,164,610,145,144714
623,144778,265,0,346,51,305,25,144715
623,144779,381,121,402,156,391,138,144716
623,144780,528,70,557,95,542,82,144717
623,144781,417,113,442,145,429,129,144718
623,144782,60,164,79,186,69,175,144719
623,144783,543,207,578,231,560,219,144720
623,144784,99,165,116,200,107,182,144721
623,144785,362,23,384,66,373,44,144722
623,144786,208,316,231,345,219,330,144723
623,144787,300,52,322,84,311,68,144724
623,144788,246,52,267,78,256,65,144725
623,144789,609,0,638,22,623,11,144726
623,144790,280,292,301,311,290,301,144727
623,144791,271,75,290,105,280,90,144728
623,144792,499,30,525,50,512,40,144729
623,144793,574,69,609,96,591,82,144730
623,144794,261,177,281,210,271,193,144731
623,144795,397,11,418,32,407,21,144732
623,144796,607,49,635,75,621,62,144733
623,144797,293,230,313,257,303,243,144734
623,144798,119,89,137,116,128,102,144735
623,144799,233,84,256,107,244,95,144736
623,144800,36,120,55,142,45,131,144737
623,144801,72,129,88,155,80,142,144738
623,144802,57,98,79,123,68,110,144739
623,144803,229,50,250,74,239,62,144740
623,144804,201,11,221,32,211,21,144741
623,144805,221,7,246,30,233,18,144742
623,144806,37,159,56,177,46,168,144743
623,144807,40,88,56,114,48,101,144744
623,144808,486,254,512,277,499,265,144745
623,144809,281,17,305,37,293,27,144746
623,144810,126,0,187,23,156,11,144747
623,144811,52,18,66,53,59,35,144748
623,144812,164,0,178,5,171,2,144749
623,144813,326,244,345,266,335,255,144750
623,144814,185,81,208,103,196,92,144751
623,144815,196,56,212,82,204,69,144752
623,144816,313,128,337,152,325,140,144753
623,144817,307,98,334,120,320,109,144754
623,144818,531,0,567,12,549,6,144755
623,144819,541,159,567,184,554,171,144756
623,144820,348,62,376,85,362,73,144757
623,144821,28,245,43,261,35,253,144758
623,144822,44,233,59,259,51,246,144759
623,144823,31,275,47,299,39,287,144760
623,144824,384,9,398,29,391,19,144761
623,144825,385,271,408,296,396,283,144762
623,144826,532,37,570,60,551,48,144763
623,144827,629,58,639,82,634,70,144764
623,144828,501,303,533,321,517,312,144765
623,144829,511,8,530,33,520,20,144767
623,144830,411,23,446,54,428,38,144768
623,144831,293,274,313,296,303,285,144769
623,144832,582,10,608,23,595,16,144770
623,144833,216,0,230,6,223,3,144771
623,144834,278,263,298,276,288,269,144772
623,144835,130,0,150,12,140,6,
623,144836,67,20,81,40,74,30,
624,144837,440,0,532,73,486,36,144773
624,144838,539,247,571,273,555,260,144774
624,144839,596,233,621,263,608,248,144775
624,144840,467,183,490,228,478,205,144776
624,144841,597,127,623,164,610,145,144777
624,144842,265,0,346,50,305,25,144778
624,144843,381,121,403,156,392,138,144779
624,144844,528,70,557,95,542,82,144780
624,144845,417,113,442,145,429,129,144781
624,144846,60,164,79,186,69,175,144782
624,144847,543,207,578,231,560,219,144783
624,144848,99,165,116,200,107,182,144784
624,144849,362,22,384,66,373,44,144785
624,144850,208,316,231,345,219,330,144786
624,144851,300,52,322,84,311,68,144787
624,144852,246,52,267,78,256,65,144788
624,144853,609,0,638,22,623,11,144789
624,144854,280,292,302,311,291,301,144790
624,144855,271,75,290,105,280,90,144791
624,144856,499,30,525,50,512,40,144792
624,144857,574,69,609,96,591,82,144793
624,144858,261,177,281,210,271,193,144794
624,144859,397,11,417,32,407,21,144795
624,144860,607,49,635,75,621,62,144796
624,144861,293,229,313,257,303,243,144797
624,144862,118,89,137,116,127,102,144798
624,144863,232,84,256,107,244,95,144799
624,144864,36,120,54,142,45,131,144800
624,144865,72,129,88,155,80,142,144801
624,144866,58,98,80,123,69,110,144802
624,144867,229,50,250,74,239,62,144803
624,144868,201,11,220,32,210,21,144804
624,144869,221,7,247,30,234,18,144805
624,144870,37,159,56,177,46,168,144806
624,144871,40,88,56,114,48,101,144807
624,144872,486,254,512,277,499,265,144808
624,144873,281,17,305,37,293,27,144809
624,144874,125,0,188,23,156,11,144810
624,144875,52,18,66,53,59,35,144811
624,144876,164,0,178,5,171,2,144812
624,144877,326,244,345,266,335,255,144813
624,144878,185,81,208,103,196,92,144814
624,144879,196,56,212,82,204,69,144815
624,144880,313,128,337,153,325,140,144816
624,144881,307,98,334,120,320,109,144817
624,144882,531,0,567,12,549,6,144818
624,144883,541,159,567,184,554,171,144819
624,144884,348,62,376,85,362,73,144820
624,144885,28,245,43,261,35,253,144821
624,144886,44,234,59,258,51,246,144822
624,144887,31,275,47,299,39,287,144823
624,144888,384,9,398,28,391,18,144824
624,144889,385,271,408,296,396,283,144825
624,144890,532,37,570,60,551,48,144826
624,144891,628,58,639,82,633,70,144827
624,144892,501,303,533,321,517,312,144828
624,144893,511,8,530,33,520,20,144829
624,144894,411,23,446,54,428,38,144830
624,144895,293,274,312,297,302,285,144831
624,144896,582,10,608,23,595,16,144832
624,144897,216,0,230,6,223,3,144833
624,144898,130,0,150,12,140,6,144835
624,144899,67,20,81,40,74,30,144836
625,144900,440,0,532,73,486,36,144837
625,144901,539,247,571,274,555,260,144838
625,144902,596,233,621,263,608,248,144839
625,144903,467,183,490,228,478,205,144840
625,144904,597,127,623,164,610,145,144841
625,144905,265,0,346,50,305,25,144842
625,144906,381,121,403,156,392,138,144843
625,144907,528,70,557,95,542,82,144844
625,144908,417,113,442,145,429,129,144845
625,144909,60,164,79,186,69,175,144846
625,144910,543,206,578,231,560,218,144847
625,144911,99,165,116,200,107,182,144848
625,144912,362,21,384,66,373,43,144849
625,144913,208,316,231,345,219,330,144850
625,144914,300,52,322,84,311,68,144851
625,144915,246,52,267,79,256,65,144852
625,144916,609,0,638,22,623,11,144853
625,144917,280,292,302,311,291,301,144854
625,144918,271,75,290,105,280,90,144855
625,144919,499,30,525,50,512,40,144856
625,144920,574,69,609,96,591,82,144857
625,144921,261,177,281,210,271,193,144858
625,144922,397,11,418,32,407,21,144859
625,144923,607,49,635,75,621,62,144860
625,144924,293,229,313,257,303,243,144861
625,144925,118,89,137,116,127,102,144862
625,144926,232,84,256,107,244,95,144863
625,144927,36,120,54,142,45,131,144864
625,144928,72,129,88,155,80,142,144865
625,144929,58,98,80,123,69,110,144866
625,144930,229,50,250,74,239,62,144867
625,144931,201,11,220,32,210,21,144868
625,144932,221,7,247,30,234,18,144869
625,144933,37,159,56,177,46,168,144870
625,144934,40,88,56,114,48,101,144871
625,144935,486,254,512,277,499,265,144872
625,144936,281,17,305,37,293,27,144873
625,144937,125,0,188,23,156,11,144874
625,144938,53,18,66,53,59,35,144875
625,144939,164,0,178,5,171,2,144876
625,144940,326,244,345,266,335,255,144877
625,144941,185,81,208,103,196,92,144878
625,144942,196,56,212,82,204,69,144879
625,144943,313,128,337,153,325,140,144880
625,144944,307,98,334,120,320,109,144881
625,144945,531,0,567,12,549,6,144882
625,144946,541,158,567,184,554,171,144883
625,144947,348,63,376,85,362,74,144884
625,144948,28,245,43,261,35,253,144885
625,144949,44,234,59,258,51,246,144886
625,144950,31,275,47,299,39,287,144887
625,144951,384,8,398,28,391,18,144888
625,144952,385,271,408,295,396,283,144889
625,144953,532,37,570,60,551,48,144890
625,144954,628,58,639,82,633,70,144891
625,144955,501,303,533,321,517,312,144892
625,144956,511,9,530,33,520,21,144893
625,144957,412,23,446,54,429,38,144894
625,144958,293,277,312,297,302,287,144895
625,144959,582,10,608,23,595,16,144896
625,144960,216,0,230,6,223,3,144897
625,144961,130,0,150,12,140,6,144898
625,144962,67,20,81,40,74,30,144899
626,144963,440,0,532,73,486,36,144900
626,144964,539,247,571,274,555,260,144901
626,144965,596,233,621,263,608,248,144902
626,144966,467,183,490,228,478,205,144903
626,144967,597,127,623,164,610,145,144904
626,144968,265,0,346,50,305,25,144905
626,144969,381,121,403,156,392,138,144906
626,144970,528,70,557,95,542,82,144907
626,144971,417,113,442,145,429,129,144908
626,144972,60,164,79,186,69,175,144909
626,144973,543,207,579,231,561,219,144910
626,144974,99,165,116,200,107,182,144911
626,144975,362,21,385,66,373,43,144912
626,144976,208,316,231,345,219,330,144913
626,144977,300,52,322,84,311,68,144914
626,144978,246,52,267,78,256,65,144915
626,144979,609,0,638,22,623,11,144916
626,144980,280,292,302,311,291,301,144917
626,144981,271,75,290,105,280,90,144918
626,144982,500,30,525,51,512,40,144919
626,144983,574,69,609,96,591,82,144920
626,144984,261,177,281,210,271,193,144921
626,144985,397,11,418,32,407,21,144922
626,144986,607,49,635,75,621,62,144923
626,144987,293,229,313,257,303,243,144924
626,144988,118,89,137,116,127,102,144925
626,144989,232,84,256,107,244,95,144926
626,144990,36,120,54,142,45,131,144927
626,144991,72,129,88,155,80,142,144928
626,144992,58,98,80,123,69,110,144929
626,144993,229,50,250,74,239,62,144930
626,144994,201,11,220,32,210,21,144931
626,144995,221,7,247,30,234,18,144932
626,144996,37,159,56,177,46,168,144933
626,144997,40,88,56,114,48,101,144934
626,144998,486,254,512,277,499,265,144935
626,144999,281,17,305,37,293,27,144936
626,145000,125,0,188,23,156,11,144937
626,145001,53,18,66,53,59,35,144938
626,145002,164,0,178,5,171,2,144939
626,145003,326,244,345,266,335,255,144940
626,145004,185,81,208,103,196,92,144941
626,145005,196,56,212,82,204,69,144942
626,145006,313,128,337,153,325,140,144943
626,145007,307,98,334,120,320,109,144944
626,145008,531,0,567,13,549,6,144945
626,145009,541,158,567,184,554,171,144946
626,145010,348,63,376,85,362,74,144947
626,145011,28,245,43,261,35,253,144948
626,145012,44,234,59,258,51,246,144949
626,145013,31,275,47,299,39,287,144950
626,145014,384,8,398,28,391,18,144951
626,145015,385,271,407,295,396,283,144952
626,145016,532,36,570,60,551,48,144953
626,145017,628,58,639,82,633,70,144954
626,145018,501,303,533,321,517,312,144955
626,145019,511,9,530,33,520,21,144956
626,145020,412,23,446,54,429,38,144957
626,145021,293,278,312,297,302,287,144958
626,145022,216,0,230,6,223,3,144960
626,145023,130,0,150,12,140,6,144961
626,145024,67,20,81,40,74,30,144962
626,145025,268,248,288,266,278,257,
627,145026,440,0,532,73,486,36,144963
627,145027,539,247,571,274,555,260,144964
627,145028,596,233,621,263,608,248,144965
627,145029,467,183,490,228,478,205,144966
627,145030,597,127,623,164,610,145,144967
627,145031,265,0,346,50,305,25,144968
627,145032,381,121,403,156,392,138,144969
627,145033,528,70,557,95,542,82,144970
627,145034,417,113,442,145,429,129,144971
627,145035,60,164,79,186,69,175,144972
627,145036,543,207,579,231,561,219,144973
627,145037,99,165,116,200,107,182,144974
627,145038,362,21,385,66,373,43,144975
627,145039,208,316,231,345,219,330,144976
627,145040,300,52,322,84,311,68,144977
627,145041,246,52,267,78,256,65,144978
627,145042,609,0,638,22,623,11,144979
627,145043,280,291,302,311,291,301,144980
627,145044,271,75,290,105,280,90,144981
627,145045,500,30,525,52,512,41,144982
627,145046,574,69,609,96,591,82,144983
627,145047,261,177,281,210,271,193,144984
627,145048,397,11,418,32,407,21,144985
627,145049,607,49,635,75,621,62,144986
627,145050,294,229,313,257,303,243,144987
627,145051,118,89,137,116,127,102,144988
627,145052,232,84,256,107,244,95,144989
627,145053,36,120,54,142,45,131,144990
627,145054,72,129,88,155,80,142,144991
627,145055,58,98,80,123,69,110,144992
627,145056,229,50,250,74,239,62,144993
627,145057,201,11,220,32,210,21,144994
627,145058,222,7,247,30,234,18,144995
627,145059,37,159,56,177,46,168,144996
627,145060,40,88,56,114,48,101,144997
627,145061,486,254,512,277,499,265,144998
627,145062,281,17,306,37,293,27,144999
627,145063,125,0,188,23,156,11,145000
627,145064,53,18,66,53,59,35,145001
627,145065,164,0,178,5,171,2,145002
627,145066,326,244,344,266,335,255,145003
627,145067,185,81,208,103,196,92,145004
627,145068,196,56,212,82,204,69,145005
627,145069,313,128,337,153,325,140,145006
627,145070,307,98,334,120,320,109,145007
627,145071,531,0,567,13,549,6,145008
627,145072,541,158,567,184,554,171,145009
627,145073,348,63,377,85,362,74,145010
627,145074,28,245,43,261,35,253,145011
627,145075,44,234,59,258,51,246,145012
627,145076,31,275,47,299,39,287,145013
627,145077,384,8,399,28,391,18,145014
627,145078,386,271,408,295,397,283,145015
627,145079,532,36,570,60,551,48,145016
627,145080,628,58,639,82,633,70,145017
627,145081,501,303,533,321,517,312,145018
627,145082,511,9,530,33,520,21,145019
627,145083,412,23,446,54,429,38,145020
627,145084,293,280,312,297,302,288,145021
627,145085,216,0,230,7,223,3,145022
627,145086,131,0,150,12,140,6,145023
627,145087,67,20,81,40,74,30,145024
627,145088,270,247,291,264,280,255,145025
628,145089,440,0,532,73,486,36,145026
628,145090,539,247,570,274,554,260,145027
628,145091,596,234,621,263,608,248,145028
628,145092,467,183,490,227,478,205,145029
628,145093,597,127,623,164,610,145,145030
628,145094,265,0,346,50,305,25,145031
628,145095,381,121,403,156,392,138,145032
628,145096,528,70,557,95,542,82,145033
628,145097,417,113,441,145,429,129,145034
628,145098,60,164,79,186,69,175,145035
628,145099,543,207,579,231,561,219,145036
628,145100,99,165,116,200,107,182,145037
628,145101,362,21,385,66,373,43,145038
628,145102,208,316,231,345,219,330,145039
628,145103,300,52,322,84,311,68,145040
628,145104,246,52,267,78,256,65,145041
628,145105,609,0,638,22,623,11,145042
628,145106,280,292,301,311,290,301,145043
628,145107,271,75,290,105,280,90,145044
628,145108,500,30,525,52,512,41,145045
628,145109,574,69,609,96,591,82,145046
628,145110,261,177,281,210,271,193,145047
628,145111,397,11,418,32,407,21,145048
628,145112,607,49,635,75,621,62,145049
628,145113,294,229,313,257,303,243,145050
628,145114,118,89,137,116,127,102,145051
628,145115,232,84,256,107,244,95,145052
628,145116,36,120,54,142,45,131,145053
628,145117,72,129,88,155,80,142,145054
628,145118,57,98,80,123,68,110,145055
628,145119,229,50,250,74,239,62,145056
628,145120,201,11,220,32,210,21,145057
628,145121,222,7,247,30,234,18,145058
628,145122,37,159,55,177,46,168,145059
628,145123,40,88,56,114,48,101,145060
628,145124,486,254,513,277,499,265,145061
628,145125,281,17,306,37,293,27,145062
628,145126,125,0,188,23,156,11,145063
628,145127,53,18,66,53,59,35,145064
628,145128,164,0,178,5,171,2,145065
628,145129,326,244,344,266,335,255,145066
628,145130,185,81,208,103,196,92,145067
628,145131,196,56,212,82,204,69,145068
628,145132,313,128,337,153,325,140,145069
628,145133,307,98,334,120,320,109,145070
628,145134,530,0,567,13,548,6,145071
628,145135,541,158,567,184,554,171,145072
628,145136,348,62,376,85,362,73,145073
628,145137,28,245,43,261,35,253,145074
628,145138,44,234,59,258,51,246,145075
628,145139,31,275,47,299,39,287,145076
628,145140,384,8,399,28,391,18,145077
628,145141,386,272,408,295,397,283,145078
628,145142,532,36,570,60,551,48,145079
628,145143,628,58,639,82,633,70,145080
628,145144,502,303,533,321,517,312,145081
628,145145,511,10,530,33,520,21,145082
628,145146,412,23,446,54,429,38,145083
628,145147,294,280,312,297,303,288,145084
628,145148,217,0,230,7,223,3,145085
628,145149,131,0,150,12,140,6,145086
628,145150,67,20,81,40,74,30,145087
628,145151,273,246,294,264,283,255,145088
628,145152,582,10,607,23,594,16,
629,145153,440,0,532,73,486,36,145089
629,145154,539,247,570,273,554,260,145090
629,145155,596,234,621,263,608,248,145091
629,145156,467,183,490,226,478,204,145092
629,145157,597,127,623,164,610,145,145093
629,145158,265,0,346,50,305,25,145094
629,145159,381,121,403,156,392,138,145095
629,145160,528,70,557,96,542,83,145096
629,145161,417,113,441,145,429,129,145097
629,145162,60,164,79,186,69,175,145098
629,145163,543,207,579,231,561,219,145099
629,145164,99,165,116,200,107,182,145100
629,145165,362,21,385,66,373,43,145101
629,145166,208,316,231,345,219,330,145102
629,145167,300,52,322,84,311,68,145103
629,145168,246,52,267,78,256,65,145104
629,145169,609,0,638,22,623,11,145105
629,145170,280,292,301,311,290,301,145106
629,145171,271,75,290,105,280,90,145107
629,145172,500,30,525,52,512,41,145108
629,145173,574,69,609,96,591,82,145109
629,145174,261,177,281,210,271,193,145110
629,145175,398,11,418,32,408,21,145111
629,145176,607,49,635,75,621,62,145112
629,145177,294,229,313,257,303,243,145113
629,145178,118,89,137,116,127,102,145114
629,145179,232,84,256,107,244,95,145115
629,145180,36,120,54,142,45,131,145116
629,145181,72,129,88,155,80,142,145117
629,145182,57,98,80,123,68,110,145118
629,145183,229,50,250,74,239,62,145119
629,145184,201,11,220,32,210,21,145120
629,145185,222,7,246,30,234,18,145121
629,145186,37,159,55,177,46,168,145122
629,145187,40,88,56,114,48,101,145123
629,145188,486,254,513,277,499,265,145124
629,145189,281,17,306,37,293,27,145125
629,145190,125,0,188,23,156,11,145126
629,145191,53,18,66,53,59,35,145127
629,145192,164,0,178,5,171,2,145128
629,145193,326,244,344,266,335,255,145129
629,145194,185,81,208,103,196,92,145130
629,145195,196,56,212,82,204,69,145131
629,145196,313,128,337,153,325,140,145132
629,145197,307,98,334,120,320,109,145133
629,145198,530,0,567,13,548,6,145134
629,145199,541,158,567,184,554,171,145135
629,145200,348,62,376,85,362,73,145136
629,145201,28,245,43,261,35,253,145137
629,145202,44,234,59,258,51,246,145138
629,145203,31,275,47,299,39,287,145139
629,145204,384,8,399,28,391,18,145140
629,145205,386,272,408,295,397,283,145141
629,145206,532,36,570,60,551,48,145142
629,145207,628,58,639,82,633,70,145143
629,145208,502,303,533,321,517,312,145144
629,145209,511,10,530,33,520,21,145145
629,145210,412,23,446,54,429,38,145146
629,145211,294,281,312,297,303,289,145147
629,145212,217,0,230,7,223,3,145148
629,145213,131,0,150,12,140,6,145149
629,145214,67,20,81,40,74,30,145150
629,145215,274,246,296,264,285,255,145151
629,145216,582,10,607,23,594,16,145152
630,145217,440,0,532,73,486,36,145153
630,145218,539,247,570,273,554,260,145154
630,145219,596,234,621,263,608,248,145155
630,145220,467,183,490,226,478,204,145156
630,145221,597,127,623,164,610,145,145157
630,145222,265,0,346,50,305,25,145158
630,145223,381,121,403,156,392,138,145159
630,145224,528,70,557,96,542,83,145160
630,145225,417,113,441,145,429,129,145161
630,145226,60,164,79,186,69,175,145162
630,145227,543,207,579,231,561,219,145163
630,145228,99,165,116,200,107,182,145164
630,145229,362,21,385,66,373,43,145165
630,145230,208,316,231,345,219,330,145166
630,145231,300,52,322,84,311,68,145167
630,145232,246,52,267,78,256,65,145168
630,145233,609,0,638,22,623,11,145169
630,145234,280,292,302,311,291,301,145170
630,145235,271,75,290,105,280,90,145171
630,145236,501,30,525,52,513,41,145172
630,145237,574,69,609,96,591,82,145173
630,145238,261,177,281,210,271,193,145174
630,145239,398,11,418,32,408,21,145175
630,145240,607,49,635,75,621,62,145176
630,145241,294,229,313,257,303,243,145177
630,145242,118,89,137,116,127,102,145178
630,145243,232,84,256,107,244,95,145179
630,145244,36,120,54,142,45,131,145180
630,145245,72,129,88,155,80,142,145181
630,145246,57,98,80,123,68,110,145182
630,145247,229,50,250,74,239,62,145183
630,145248,201,11,220,32,210,21,145184
630,145249,222,7,246,30,234,18,145185
630,145250,37,159,55,177,46,168,145186
630,145251,40,88,56,114,48,101,145187
630,145252,486,254,513,277,499,265,145188
630,145253,281,17,305,37,293,27,145189
630,145254,125,0,188,23,156,11,145190
630,145255,52,18,66,53,59,35,145191
630,145256,164,0,178,5,171,2,145192
630,145257,326,244,344,266,335,255,145193
630,145258,185,81,208,103,196,92,145194
630,145259,196,56,212,82,204,69,145195
630,145260,313,128,337,153,325,140,145196
630,145261,307,98,334,120,320,109,145197
630,145262,529,0,567,12,548,6,145198
630,145263,541,159,567,184,554,171,145199
630,145264,348,62,376,85,362,73,145200
630,145265,28,245,43,261,35,253,145201
630,145266,44,234,59,258,51,246,145202
630,145267,31,275,47,299,39,287,145203
630,145268,384,8,399,28,391,18,145204
630,145269,386,272,408,295,397,283,145205
630,145270,532,36,570,60,551,48,145206
630,145271,628,58,639,82,633,70,145207
630,145272,502,303,533,321,517,312,145208
630,145273,511,10,530,33,520,21,145209
630,145274,412,23,446,54,429,38,145210
630,145275,294,281,312,297,303,289,145211
630,145276,216,0,230,7,223,3,145212
630,145277,131,0,150,12,140,6,145213
630,145278,67,20,81,40,74,30,145214
630,145279,277,247,299,265,288,256,145215
630,145280,582,10,607,23,594,16,145216
631,145281,441,0,532,73,486,36,145217
631,145282,539,247,570,273,554,260,145218
631,145283,596,233,621,263,608,248,145219
631,145284,467,183,490,228,478,205,145220
631,145285,597,127,623,164,610,145,145221
631,145286,265,0,346,50,305,25,145222
631,145287,381,121,402,156,391,138,145223
631,145288,528,70,557,96,542,83,145224
631,145289,417,113,441,145,429,129,145225
631,145290,60,164,79,186,69,175,145226
631,145291,543,207,579,231,561,219,145227
631,145292,99,165,116,200,107,182,145228
631,145293,362,21,385,66,373,43,145229
631,145294,208,316,231,345,219,330,145230
631,145295,300,52,322,84,311,68,145231
631,145296,246,52,267,79,256,65,145232
631,145297,609,0,638,22,623,11,145233
631,145298,280,292,302,311,291,301,145234
631,145299,271,74,290,105,280,89,145235
631,145300,500,30,525,52,512,41,145236
631,145301,574,69,609,96,591,82,145237
631,145302,261,177,281,211,271,194,145238
631,145303,398,11,418,31,408,21,145239
631,145304,607,49,635,75,621,62,145240
631,145305,294,229,313,256,303,242,145241
631,145306,118,89,137,116,127,102,145242
631,145307,232,84,256,107,244,95,145243
631,145308,36,120,54,142,45,131,145244
631,145309,72,129,88,155,80,142,145245
631,145310,57,98,80,123,68,110,145246
631,145311,229,50,250,74,239,62,145247
631,145312,201,11,220,32,210,21,145248
631,145313,221,6,246,29,233,17,145249
631,145314,37,159,55,177,46,168,145250
631,145315,40,88,56,114,48,101,145251
631,145316,486,254,512,277,499,265,145252
631,145317,281,17,305,37,293,27,145253
631,145318,125,0,188,23,156,11,145254
631,145319,52,18,66,53,59,35,145255
631,145320,164,0,178,5,171,2,145256
631,145321,326,244,344,266,335,255,145257
631,145322,185,81,208,103,196,92,145258
631,145323,196,56,212,82,204,69,145259
631,145324,313,128,337,153,325,140,145260
631,145325,307,98,334,120,320,109,145261
631,145326,529,0,566,13,547,6,145262
631,145327,541,158,567,184,554,171,145263
631,145328,348,62,376,85,362,73,145264
631,145329,28,245,43,261,35,253,145265
631,145330,44,234,59,259,51,246,145266
631,145331,31,275,47,299,39,287,145267
631,145332,384,9,399,29,391,19,145268
631,145333,387,272,408,295,397,283,145269
631,145334,532,36,570,60,551,48,145270
631,145335,628,58,639,82,633,70,145271
631,145336,502,303,533,321,517,312,145272
631,145337,511,10,530,33,520,21,145273
631,145338,412,23,446,53,429,38,145274
631,145339,294,281,312,297,303,289,145275
631,145340,216,0,230,7,223,3,145276
631,145341,130,0,150,12,140,6,145277
631,145342,67,20,81,40,74,30,145278
631,145343,281,248,302,266,291,257,145279
631,145344,581,10,607,23,594,16,145280
631,145345,267,260,293,283,280,271,
632,145346,441,0,532,73,486,36,145281
632,145347,539,247,570,273,554,260,145282
632,145348,596,233,621,263,608,248,145283
632,145349,467,183,490,228,478,205,145284
632,145350,597,127,623,164,610,145,145285
632,145351,266,0,346,50,306,25,145286
632,145352,381,121,402,156,391,138,145287
632,145353,528,70,557,95,542,82,145288
632,145354,417,113,441,145,429,129,145289
632,145355,59,164,79,186,69,175,145290
632,145356,543,207,579,231,561,219,145291
632,145357,99,165,116,200,107,182,145292
632,145358,362,21,385,66,373,43,145293
632,145359,208,316,231,345,219,330,145294
632,145360,300,52,322,84,311,68,145295
632,145361,246,52,267,79,256,65,145296
632,145362,609,0,638,22,623,11,145297
632,145363,280,292,302,311,291,301,145298
632,145364,271,74,290,105,280,89,145299
632,145365,501,30,526,52,513,41,145300
632,145366,574,69,609,96,591,82,145301
632,145367,261,177,281,211,271,194,145302
632,145368,389,10,418,31,403,20,145303
632,145369,607,49,635,75,621,62,145304
632,145370,294,229,313,253,303,241,145305
632,145371,119,89,137,116,128,102,145306
632,145372,232,84,256,107,244,95,145307
632,145373,36,120,54,142,45,131,145308
632,145374,72,129,88,155,80,142,145309
632,145375,57,98,80,123,68,110,145310
632,145376,229,50,250,74,239,62,145311
632,145377,201,11,220,32,210,21,145312
632,145378,221,4,245,29,233,16,145313
632,145379,37,159,56,177,46,168,145314
632,145380,40,88,56,114,48,101,145315
632,145381,486,254,512,277,499,265,145316
632,145382,281,17,305,37,293,27,145317
632,145383,125,0,188,23,156,11,145318
632,145384,52,18,66,53,59,35,145319
632,145385,164,0,178,5,171,2,145320
632,145386,326,244,344,266,335,255,145321
632,145387,185,80,208,103,196,91,145322
632,145388,196,56,212,82,204,69,145323
632,145389,313,128,337,153,325,140,145324
632,145390,307,98,334,120,320,109,145325
632,145391,528,0,566,13,547,6,145326
632,145392,541,158,567,184,554,171,145327
632,145393,348,62,376,85,362,73,145328
632,145394,28,245,43,261,35,253,145329
632,145395,44,234,59,259,51,246,145330
632,145396,31,275,47,299,39,287,145331
632,145397,387,273,408,295,397,284,145333
632,145398,532,36,570,60,551,48,145334
632,145399,629,58,639,82,634,70,145335
632,145400,502,303,533,321,517,312,145336
632,145401,511,10,530,33,520,21,145337
632,145402,412,23,446,53,429,38,145338
632,145403,294,281,313,296,303,288,145339
632,145404,216,0,231,7,223,3,145340
632,145405,130,0,150,12,140,6,145341
632,145406,67,20,81,40,74,30,145342
632,145407,285,249,309,267,297,258,145343
632,145408,581,10,607,23,594,16,145344
633,145409,441,0,532,73,486,36,145346
633,145410,539,247,570,273,554,260,145347
633,145411,596,233,621,263,608,248,145348
633,145412,467,183,490,228,478,205,145349
633,145413,597,127,623,164,610,145,145350
633,145414,266,0,346,50,306,25,145351
633,145415,381,121,402,156,391,138,145352
633,145416,528,70,557,95,542,82,145353
633,145417,417,113,441,145,429,129,145354
633,145418,59,164,79,186,69,175,145355
633,145419,543,207,579,231,561,219,145356
633,145420,99,165,116,200,107,182,145357
633,145421,362,21,385,66,373,43,145358
633,145422,208,316,231,345,219,330,145359
633,145423,300,52,322,84,311,68,145360
633,145424,246,52,267,79,256,65,145361
633,145425,609,0,638,22,623,11,145362
633,145426,280,292,302,311,291,301,145363
633,145427,271,74,290,105,280,89,145364
633,145428,501,30,526,52,513,41,145365
633,145429,574,69,609,96,591,82,145366
633,145430,261,177,281,211,271,194,145367
633,145431,386,9,418,31,402,20,145368
633,145432,607,49,635,75,621,62,145369
633,145433,294,229,313,252,303,240,145370
633,145434,119,89,137,116,128,102,145371
633,145435,232,84,256,107,244,95,145372
633,145436,36,120,54,142,45,131,145373
633,145437,72,129,88,156,80,142,145374
633,145438,57,98,80,123,68,110,145375
633,145439,229,50,250,74,239,62,145376
633,145440,201,11,220,32,210,21,145377
633,145441,221,2,244,28,232,15,145378
633,145442,37,159,56,177,46,168,145379
633,145443,40,88,56,114,48,101,145380
633,145444,486,254,512,277,499,265,145381
633,145445,281,17,304,37,292,27,145382
633,145446,125,0,188,23,156,11,145383
633,145447,52,18,66,53,59,35,145384
633,145448,164,0,178,5,171,2,145385
633,145449,326,244,344,266,335,255,145386
633,145450,185,80,208,103,196,91,145387
633,145451,196,56,212,82,204,69,145388
633,145452,313,128,337,153,325,140,145389
633,145453,307,98,334,120,320,109,145390
633,145454,528,0,566,13,547,6,145391
633,145455,541,158,567,184,554,171,145392
633,145456,348,62,376,85,362,73,145393
633,145457,28,245,43,261,35,253,145394
633,145458,44,234,59,259,51,246,145395
633,145459,31,275,47,299,39,287,145396
633,145460,387,273,408,295,397,284,145397
633,145461,532,36,570,60,551,48,145398
633,145462,629,58,639,82,634,70,145399
633,145463,502,303,533,321,517,312,145400
633,145464,511,10,530,33,520,21,145401
633,145465,412,23,446,53,429,38,145402
633,145466,295,281,313,296,304,288,145403
633,145467,216,0,232,8,224,4,145404
633,145468,130,0,150,12,140,6,145405
633,145469,67,20,81,40,74,30,145406
633,145470,289,249,311,269,300,259,145407
633,145471,581,10,608,23,594,16,145408
633,145472,449,302,474,322,461,312,
634,145473,441,0,532,73,486,36,145409
634,145474,539,247,570,273,554,260,145410
634,145475,596,233,621,263,608,248,145411
634,145476,467,183,490,229,478,206,145412
634,145477,597,127,623,164,610,145,145413
634,145478,266,0,346,50,306,25,145414
634,145479,381,121,402,156,391,138,145415
634,145480,528,70,557,95,542,82,145416
634,145481,417,113,441,145,429,129,145417
634,145482,59,164,79,186,69,175,145418
634,145483,543,207,578,231,560,219,145419
634,145484,99,165,116,200,107,182,145420
634,145485,362,21,385,66,373,43,145421
634,145486,208,316,231,345,219,330,145422
634,145487,300,52,322,84,311,68,145423
634,145488,246,52,267,79,256,65,145424
634,145489,609,0,638,22,623,11,145425
634,145490,280,292,302,311,291,301,145426
634,145491,271,74,290,105,280,89,145427
634,145492,501,30,526,53,513,41,145428
634,145493,574,69,609,96,591,82,145429
634,145494,261,177,281,211,271,194,145430
634,145495,384,9,418,31,401,20,145431
634,145496,607,49,634,75,620,62,145432
634,145497,294,229,313,251,303,240,145433
634,145498,119,89,137,116,128,102,145434
634,145499,232,84,256,107,244,95,145435
634,145500,36,120,54,142,45,131,145436
634,145501,72,129,88,156,80,142,145437
634,145502,57,98,80,123,68,110,145438
634,145503,229,50,250,74,239,62,145439
634,145504,201,11,220,32,210,21,145440
634,145505,221,1,244,28,232,14,145441
634,145506,37,159,56,177,46,168,145442
634,145507,40,88,56,114,48,101,145443
634,145508,486,254,512,277,499,265,145444
634,145509,281,17,304,37,292,27,145445
634,145510,125,0,188,23,156,11,145446
634,145511,52,18,66,53,59,35,145447
634,145512,164,0,178,5,171,2,145448
634,145513,327,244,344,267,335,255,145449
634,145514,185,80,208,103,196,91,145450
634,145515,196,56,212,82,204,69,145451
634,145516,313,128,337,153,325,140,145452
634,145517,307,98,334,120,320,109,145453
634,145518,528,0,565,13,546,6,145454
634,145519,541,158,567,184,554,171,145455
634,145520,348,62,376,85,362,73,145456
634,145521,28,245,43,261,35,253,145457
634,145522,44,233,59,259,51,246,145458
634,145523,31,275,47,299,39,287,145459
634,145524,387,273,408,295,397,284,145460
634,145525,532,36,570,60,551,48,145461
634,145526,628,59,639,82,633,70,145462
634,145527,502,303,533,321,517,312,145463
634,145528,512,18,530,33,521,25,145464
634,145529,412,23,446,53,429,38,145465
634,145530,295,281,312,295,303,288,145466
634,145531,216,0,232,8,224,4,145467
634,145532,130,0,150,12,140,6,145468
634,145533,67,20,81,40,74,30,145469
634,145534,292,249,313,270,302,259,145470
634,145535,581,10,607,23,594,16,145471
634,145536,449,302,474,322,461,312,145472
634,145537,384,9,403,30,393,19,145431
635,145538,441,0,532,73,486,36,145473
635,145539,539,247,570,273,554,260,145474
635,145540,596,233,621,263,608,248,145475
635,145541,467,183,490,229,478,206,145476
635,145542,597,127,623,164,610,145,145477
635,145543,266,0,346,50,306,25,145478
635,145544,381,121,402,156,391,138,145479
635,145545,528,70,557,95,542,82,145480
635,145546,417,113,441,145,429,129,145481
635,145547,59,164,79,186,69,175,145482
635,145548,543,207,578,231,560,219,145483
635,145549,99,165,116,200,107,182,145484
635,145550,362,21,385,66,373,43,145485
635,145551,208,316,231,345,219,330,145486
635,145552,300,52,322,84,311,68,145487
635,145553,246,52,267,79,256,65,145488
635,145554,609,0,638,22,623,11,145489
635,145555,280,292,302,311,291,301,145490
635,145556,271,74,290,105,280,89,145491
635,145557,502,30,526,53,514,41,145492
635,145558,574,69,609,96,591,82,145493
635,145559,261,177,281,211,271,194,145494
635,145560,384,9,418,31,401,20,145495
635,145561,607,49,634,75,620,62,145496
635,145562,294,229,313,250,303,239,145497
635,145563,118,89,137,116,127,102,145498
635,145564,232,84,256,107,244,95,145499
635,145565,36,120,54,142,45,131,145500
635,145566,72,129,88,156,80,142,145501
635,145567,57,98,80,123,68,110,145502
635,145568,229,50,250,74,239,62,145503
635,145569,201,11,220,32,210,21,145504
635,145570,221,0,244,27,232,13,145505
635,145571,37,159,56,177,46,168,145506
635,145572,40,88,56,114,48,101,145507
635,145573,486,254,512,277,499,265,145508
635,145574,281,17,304,37,292,27,145509
635,145575,125,0,188,23,156,11,145510
635,145576,52,18,66,53,59,35,145511
635,145577,164,0,178,5,171,2,145512
635,145578,327,244,344,267,335,255,145513
635,145579,185,80,208,103,196,91,145514
635,145580,196,56,212,82,204,69,145515
635,145581,313,128,337,153,325,140,145516
635,145582,307,98,334,120,320,109,145517
635,145583,528,0,565,13,546,6,145518
635,145584,541,158,567,184,554,171,145519
635,145585,348,62,376,85,362,73,145520
635,145586,28,245,43,261,35,253,145521
635,145587,44,233,59,259,51,246,145522
635,145588,31,275,47,299,39,287,145523
635,145589,387,273,408,295,397,284,145524
635,145590,532,36,570,60,551,48,145525
635,145591,628,59,639,82,633,70,145526
635,145592,502,303,533,321,517,312,145527
635,145593,513,21,530,33,521,27,145528
635,145594,412,23,446,53,429,38,145529
635,145595,295,281,312,295,303,288,145530
635,145596,216,0,233,8,224,4,145531
635,145597,130,0,150,12,140,6,145532
635,145598,67,20,81,40,74,30,145533
635,145599,293,249,313,270,303,259,145534
635,145600,581,10,607,23,594,16,145535
635,145601,449,302,474,322,461,312,145536
635,145602,384,9,403,31,393,20,145495
636,145603,441,0,532,73,486,36,145538
636,145604,539,247,570,273,554,260,145539
636,145605,596,233,621,263,608,248,145540
636,145606,467,183,490,229,478,206,145541
636,145607,597,127,623,164,610,145,145542
636,145608,266,0,346,50,306,25,145543
636,145609,381,121,402,156,391,138,145544
636,145610,528,71,557,95,542,83,145545
636,145611,417,113,441,145,429,129,145546
636,145612,59,164,79,186,69,175,145547
636,145613,543,207,578,231,560,219,145548
636,145614,99,165,116,200,107,182,145549
636,145615,362,21,385,66,373,43,145550
636,145616,208,316,231,345,219,330,145551
636,145617,300,52,322,84,311,68,145552
636,145618,246,52,267,79,256,65,145553
636,145619,609,0,638,22,623,11,145554
636,145620,280,292,302,311,291,301,145555
636,145621,271,74,290,105,280,89,145556
636,145622,501,30,526,52,513,41,145557
636,145623,574,69,609,96,591,82,145558
636,145624,261,177,281,211,271,194,145559
636,145625,383,9,418,31,400,20,145560
636,145626,607,49,634,75,620,62,145561
636,145627,294,229,313,250,303,239,145562
636,145628,118,89,137,116,127,102,145563
636,145629,232,84,256,107,244,95,145564
636,145630,36,120,54,142,45,131,145565
636,145631,72,129,88,156,80,142,145566
636,145632,57,98,80,123,68,110,145567
636,145633,229,50,250,74,239,62,145568
636,145634,201,11,220,32,210,21,145569
636,145635,221,0,243,27,232,13,145570
636,145636,37,159,56,177,46,168,145571
636,145637,40,88,56,114,48,101,145572
636,145638,486,254,512,277,499,265,145573
636,145639,281,17,304,37,292,27,145574
636,145640,125,0,188,23,156,11,145575
636,145641,52,18,66,53,59,35,145576
636,145642,164,0,178,5,171,2,145577
636,145643,326,244,344,267,335,255,145578
636,145644,185,80,208,103,196,91,145579
636,145645,196,56,212,82,204,69,145580
636,145646,313,128,337,153,325,140,145581
636,145647,307,98,334,120,320,109,145582
636,145648,528,0,564,13,546,6,145583
636,145649,541,158,567,184,554,171,145584
636,145650,348,62,376,85,362,73,145585
636,145651,28,245,43,261,35,253,145586
636,145652,44,233,59,259,51,246,145587
636,145653,31,275,47,299,39,287,145588
636,145654,388,273,408,296,398,284,145589
636,145655,532,36,570,60,551,48,145590
636,145656,628,59,639,82,633,70,145591
636,145657,502,303,533,321,517,312,145592
636,145658,513,21,530,33,521,27,145593
636,145659,412,23,446,53,429,38,145594
636,145660,295,281,312,294,303,287,145595
636,145661,216,0,232,8,224,4,145596
636,145662,130,0,150,12,140,6,145597
636,145663,67,20,81,40,74,30,145598
636,145664,294,249,313,271,303,260,145599
636,145665,581,10,607,23,594,16,145600
637,145666,441,0,532,73,486,36,145603
637,145667,539,247,570,273,554,260,145604
637,145668,596,233,621,263,608,248,145605
637,145669,467,183,490,229,478,206,145606
637,145670,597,127,623,164,610,145,145607
637,145671,266,0,346,50,306,25,145608
637,145672,381,121,402,156,391,138,145609
637,145673,528,71,557,95,542,83,145610
637,145674,417,113,441,145,429,129,145611
637,145675,59,164,79,186,69,175,145612
637,145676,543,207,578,231,560,219,145613
637,145677,99,165,116,200,107,182,145614
637,145678,362,21,385,66,373,43,145615
637,145679,208,316,231,345,219,330,145616
637,145680,300,52,322,84,311,68,145617
637,145681,246,52,267,79,256,65,145618
637,145682,609,0,638,22,623,11,145619
637,145683,280,291,302,311,291,301,145620
637,145684,271,74,290,105,280,89,145621
637,145685,501,30,526,52,513,41,145622
637,145686,574,69,609,96,591,82,145623
637,145687,261,177,281,211,271,194,145624
637,145688,383,9,418,31,400,20,145625
637,145689,607,49,634,75,620,62,145626
637,145690,294,229,313,251,303,240,145627
637,145691,118,89,137,116,127,102,145628
637,145692,232,84,256,107,244,95,145629
637,145693,36,120,54,142,45,131,145630
637,145694,72,129,88,156,80,142,145631
637,145695,57,98,80,123,68,110,145632
637,145696,229,50,250,74,239,62,145633
637,145697,201,11,220,32,210,21,145634
637,145698,222,0,243,27,232,13,145635
637,145699,37,159,56,177,46,168,145636
637,145700,40,88,56,114,48,101,145637
637,145701,486,254,512,277,499,265,145638
637,145702,281,17,304,37,292,27,145639
637,145703,125,0,188,23,156,11,145640
637,145704,52,18,66,53,59,35,145641
637,145705,164,0,178,5,171,2,145642
637,145706,326,244,344,267,335,255,145643
637,145707,185,81,208,103,196,92,145644
637,145708,196,56,212,82,204,69,145645
637,145709,313,128,337,153,325,140,145646
637,145710,307,98,334,120,320,109,145647
637,145711,527,0,563,13,545,6,145648
637,145712,541,158,567,184,554,171,145649
637,145713,348,62,376,85,362,73,145650
637,145714,28,245,44,261,36,253,145651
637,145715,44,233,59,259,51,246,145652
637,145716,31,275,47,299,39,287,145653
637,145717,388,273,408,296,398,284,145654
637,145718,532,36,570,60,551,48,145655
637,145719,628,59,639,82,633,70,145656
637,145720,502,303,533,321,517,312,145657
637,145721,412,23,446,53,429,38,145659
637,145722,295,280,313,294,304,287,145660
637,145723,217,0,232,8,224,4,145661
637,145724,130,0,150,12,140,6,145662
637,145725,67,20,81,40,74,30,145663
637,145726,295,250,314,271,304,260,145664
637,145727,581,10,607,23,594,16,145665
638,145728,441,0,532,73,486,36,145666
638,145729,539,247,570,273,554,260,145667
638,145730,596,233,621,263,608,248,145668
638,145731,467,183,490,229,478,206,145669
638,145732,597,127,623,164,610,145,145670
638,145733,266,0,346,50,306,25,145671
638,145734,381,121,402,156,391,138,145672
638,145735,528,71,557,95,542,83,145673
638,145736,417,113,441,145,429,129,145674
638,145737,59,164,79,186,69,175,145675
638,145738,543,207,578,231,560,219,145676
638,145739,99,165,116,200,107,182,145677
638,145740,362,20,385,66,373,43,145678
638,145741,208,316,231,345,219,330,145679
638,145742,300,52,322,84,311,68,145680
638,145743,246,52,267,79,256,65,145681
638,145744,609,0,638,22,623,11,145682
638,145745,280,291,301,311,290,301,145683
638,145746,271,74,290,105,280,89,145684
638,145747,500,29,526,52,513,40,145685
638,145748,574,69,609,96,591,82,145686
638,145749,261,177,281,211,271,194,145687
638,145750,384,9,418,31,401,20,145688
638,145751,607,49,634,75,620,62,145689
638,145752,293,229,313,252,303,240,145690
638,145753,118,89,137,116,127,102,145691
638,145754,232,84,256,107,244,95,145692
638,145755,36,120,54,142,45,131,145693
638,145756,72,129,88,156,80,142,145694
638,145757,57,98,80,123,68,110,145695
638,145758,229,50,250,74,239,62,145696
638,145759,201,11,220,32,210,21,145697
638,145760,222,0,243,27,232,13,145698
638,145761,37,159,56,177,46,168,145699
638,145762,40,88,56,114,48,101,145700
638,145763,486,254,512,277,499,265,145701
638,145764,281,17,304,37,292,27,145702
638,145765,125,0,188,23,156,11,145703
638,145766,52,18,66,53,59,35,145704
638,145767,164,0,178,5,171,2,145705
638,145768,326,244,344,267,335,255,145706
638,145769,185,81,208,103,196,92,145707
638,145770,196,56,212,82,204,69,145708
638,145771,313,128,337,153,325,140,145709
638,145772,307,98,334,120,320,109,145710
638,145773,526,0,562,13,544,6,145711
638,145774,541,158,566,184,553,171,145712
638,145775,348,62,376,85,362,73,145713
638,145776,28,245,44,261,36,253,145714
638,145777,44,234,59,259,51,246,145715
638,145778,31,275,47,299,39,287,145716
638,145779,388,273,408,296,398,284,145717
638,145780,532,36,570,60,551,48,145718
638,145781,628,58,639,82,633,70,145719
638,145782,502,303,533,321,517,312,145720
638,145783,412,23,446,53,429,38,145721
638,145784,296,279,313,294,304,286,145722
638,145785,217,0,232,8,224,4,145723
638,145786,130,0,150,12,140,6,145724
638,145787,67,20,81,40,74,30,145725
638,145788,296,251,314,272,305,261,145726
638,145789,581,10,607,23,594,16,145727
638,145790,314,287,336,301,325,294,
638,145791,267,269,295,287,281,278,
638,145792,450,302,474,323,462,312,
638,145793,384,9,405,31,394,20,145688
639,145794,441,0,532,73,486,36,145728
639,145795,539,247,570,273,554,260,145729
639,145796,596,233,621,263,608,248,145730
639,145797,467,183,490,229,478,206,145731
639,145798,597,127,623,164,610,145,145732
639,145799,266,0,346,50,306,25,145733
639,145800,381,121,402,156,391,138,145734
639,145801,528,71,557,95,542,83,145735
639,145802,417,113,441,145,429,129,145736
639,145803,59,164,79,186,69,175,145737
639,145804,543,207,578,231,560,219,145738
639,145805,99,165,116,200,107,182,145739
639,145806,362,20,385,66,373,43,145740
639,145807,208,316,231,345,219,330,145741
639,145808,300,52,322,84,311,68,145742
639,145809,246,52,267,79,256,65,145743
639,145810,609,0,638,22,623,11,145744
639,145811,280,291,302,311,291,301,145745
639,145812,271,74,290,105,280,89,145746
639,145813,500,29,526,52,513,40,145747
639,145814,574,69,609,96,591,82,145748
639,145815,261,177,281,211,271,194,145749
639,145816,383,9,414,30,398,19,145750
639,145817,607,49,634,75,620,62,145751
639,145818,293,230,313,253,303,241,145752
639,145819,118,89,137,116,127,102,145753
639,145820,232,84,256,107,244,95,145754
639,145821,36,120,54,142,45,131,145755
639,145822,72,129,88,156,80,142,145756
639,145823,57,98,80,123,68,110,145757
639,145824,229,50,250,74,239,62,145758
639,145825,201,11,220,32,210,21,145759
639,145826,222,0,243,27,232,13,145760
639,145827,37,159,56,177,46,168,145761
639,145828,40,88,56,114,48,101,145762
639,145829,486,254,512,277,499,265,145763
639,145830,281,17,304,37,292,27,145764
639,145831,125,0,188,23,156,11,145765
639,145832,52,18,66,53,59,35,145766
639,145833,164,0,178,5,171,2,145767
639,145834,326,244,344,266,335,255,145768
639,145835,185,81,208,103,196,92,145769
639,145836,196,56,212,82,204,69,145770
639,145837,313,128,337,153,325,140,145771
639,145838,307,98,334,120,320,109,145772
639,145839,524,0,560,12,542,6,145773
639,145840,541,158,566,184,553,171,145774
639,145841,348,62,376,85,362,73,145775
639,145842,28,245,44,261,36,253,145776
639,145843,44,234,59,259,51,246,145777
639,145844,31,275,47,299,39,287,145778
639,145845,388,274,408,296,398,285,145779
639,145846,532,36,570,60,551,48,145780
639,145847,628,58,639,82,633,70,145781
639,145848,502,303,533,321,517,312,145782
639,145849,412,23,446,53,429,38,145783
639,145850,296,279,313,294,304,286,145784
639,145851,217,0,232,7,224,3,145785
639,145852,130,0,150,12,140,6,145786
639,145853,67,20,81,40,74,30,145787
639,145854,296,252,314,272,305,262,145788
639,145855,581,10,608,23,594,16,145789
639,145856,314,288,336,301,325,294,145790
639,145857,266,270,295,288,280,279,145791
639,145858,450,302,473,323,461,312,145792
639,145859,384,9,404,30,394,19,145750
640,145860,441,0,532,73,486,36,145794
640,145861,539,247,570,273,554,260,145795
640,145862,596,233,621,263,608,248,145796
640,145863,467,183,490,229,478,206,145797
640,145864,597,127,623,164,610,145,145798
640,145865,266,0,346,50,306,25,145799
640,145866,381,121,402,156,391,138,145800
640,145867,528,71,557,95,542,83,145801
640,145868,417,113,441,145,429,129,145802
640,145869,59,164,79,186,69,175,145803
640,145870,543,207,578,231,560,219,145804
640,145871,99,165,116,200,107,182,145805
640,145872,362,20,385,66,373,43,145806
640,145873,208,316,231,345,219,330,145807
640,145874,300,52,322,84,311,68,145808
640,145875,246,52,267,79,256,65,145809
640,145876,609,0,638,22,623,11,145810
640,145877,280,291,302,311,291,301,145811
640,145878,271,74,290,105,280,89,145812
640,145879,500,29,526,52,513,40,145813
640,145880,574,69,609,96,591,82,145814
640,145881,261,177,281,211,271,194,145815
640,145882,383,8,413,30,398,19,145816
640,145883,607,49,634,75,620,62,145817
640,145884,293,230,313,253,303,241,145818
640,145885,118,89,137,116,127,102,145819
640,145886,232,84,256,107,244,95,145820
640,145887,36,120,54,142,45,131,145821
640,145888,72,129,88,156,80,142,145822
640,145889,57,98,80,123,68,110,145823
640,145890,229,50,250,74,239,62,145824
640,145891,201,11,220,32,210,21,145825
640,145892,222,0,243,27,232,13,145826
640,145893,37,159,56,177,46,168,145827
640,145894,40,88,56,114,48,101,145828
640,145895,486,254,512,277,499,265,145829
640,145896,281,17,304,37,292,27,145830
640,145897,125,0,188,23,156,11,145831
640,145898,52,18,66,53,59,35,145832
640,145899,164,0,178,5,171,2,145833
640,145900,326,244,344,266,335,255,145834
640,145901,185,81,208,103,196,92,145835
640,145902,196,56,212,82,204,69,145836
640,145903,313,128,337,153,325,140,145837
640,145904,307,98,334,120,320,109,145838
640,145905,524,0,560,12,542,6,145839
640,145906,541,158,566,184,553,171,145840
640,145907,348,62,376,85,362,73,145841
640,145908,28,245,44,261,36,253,145842
640,145909,44,234,59,259,51,246,145843
640,145910,31,275,47,299,39,287,145844
640,145911,388,274,408,296,398,285,145845
640,145912,532,36,570,60,551,48,145846
640,145913,628,58,639,82,633,70,145847
640,145914,502,303,533,321,517,312,145848
640,145915,412,23,446,53,429,38,145849
640,145916,296,279,313,294,304,286,145850
640,145917,217,0,233,7,225,3,145851
640,145918,130,0,150,12,140,6,145852
640,145919,67,20,81,40,74,30,145853
640,145920,296,253,313,273,304,263,145854
640,145921,581,10,608,23,594,16,145855
640,145922,314,288,336,301,325,294,145856
640,145923,266,271,295,288,280,279,145857
640,145924,450,302,473,323,461,312,145858
640,145925,384,9,404,30,394,19,145816
640,145926,393,10,418,31,405,20,145816
641,145927,441,0,532,73,486,36,145860
641,145928,539,247,570,273,554,260,145861
641,145929,596,233,621,263,608,248,145862
641,145930,467,183,490,229,478,206,145863
641,145931,597,127,623,164,610,145,145864
641,145932,266,0,346,50,306,25,145865
641,145933,381,121,402,156,391,138,145866
641,145934,528,71,557,95,542,83,145867
641,145935,417,113,441,145,429,129,145868
641,145936,59,164,79,186,69,175,145869
641,145937,543,207,578,231,560,219,145870
641,145938,99,165,116,200,107,182,145871
641,145939,362,20,385,66,373,43,145872
641,145940,208,316,231,345,219,330,145873
641,145941,300,52,322,84,311,68,145874
641,145942,246,52,267,79,256,65,145875
641,145943,609,0,638,22,623,11,145876
641,145944,280,291,302,311,291,301,145877
641,145945,271,74,290,105,280,89,145878
641,145946,500,29,526,52,513,40,145879
641,145947,574,69,609,96,591,82,145880
641,145948,261,177,281,211,271,194,145881
641,145949,383,8,410,30,396,19,145882
641,145950,607,49,635,75,621,62,145883
641,145951,293,230,313,253,303,241,145884
641,145952,118,89,137,116,127,102,145885
641,145953,232,84,256,107,244,95,145886
641,145954,36,120,54,142,45,131,145887
641,145955,72,129,88,156,80,142,145888
641,145956,57,98,80,123,68,110,145889
641,145957,229,50,250,74,239,62,145890
641,145958,201,11,220,32,210,21,145891
641,145959,222,0,243,27,232,13,145892
641,145960,37,159,56,177,46,168,145893
641,145961,40,88,56,114,48,101,145894
641,145962,486,254,512,277,499,265,145895
641,145963,281,17,304,37,292,27,145896
641,145964,125,0,188,23,156,11,145897
641,145965,52,18,66,53,59,35,145898
641,145966,164,0,178,5,171,2,145899
641,145967,326,244,344,266,335,255,145900
641,145968,185,81,208,103,196,92,145901
641,145969,196,56,212,82,204,69,145902
641,145970,313,128,337,153,325,140,145903
641,145971,307,98,334,120,320,109,145904
641,145972,523,0,558,12,540,6,145905
641,145973,541,158,566,184,553,171,145906
641,145974,348,62,376,85,362,73,145907
641,145975,28,245,44,261,36,253,145908
641,145976,44,233,59,260,51,246,145909
641,145977,31,275,47,299,39,287,145910
641,145978,388,274,408,296,398,285,145911
641,145979,532,36,570,60,551,48,145912
641,145980,628,58,639,82,633,70,145913
641,145981,502,303,533,321,517,312,145914
641,145982,412,24,446,53,429,38,145915
641,145983,296,278,313,294,304,286,145916
641,145984,217,0,233,7,225,3,145917
641,145985,130,0,150,12,140,6,145918
641,145986,67,20,81,40,74,30,145919
641,145987,296,253,313,273,304,263,145920
641,145988,581,10,608,23,594,16,145921
641,145989,266,271,296,289,281,280,145923
641,145990,450,302,473,323,461,312,145924
641,145991,384,9,403,30,393,19,145882
641,145992,395,10,418,31,406,20,145926
642,145993,441,0,532,73,486,36,145927
642,145994,539,247,570,273,554,260,145928
642,145995,596,233,621,263,608,248,145929
642,145996,467,183,490,229,478,206,145930
642,145997,597,127,623,164,610,145,145931
642,145998,266,0,346,50,306,25,145932
642,145999,381,121,402,156,391,138,145933
642,146000,528,71,557,95,542,83,145934
642,146001,417,113,442,145,429,129,145935
642,146002,59,164,79,186,69,175,145936
642,146003,543,207,578,231,560,219,145937
642,146004,99,165,116,200,107,182,145938
642,146005,362,20,385,66,373,43,145939
642,146006,208,316,231,345,219,330,145940
642,146007,300,52,322,84,311,68,145941
642,146008,246,52,267,79,256,65,145942
642,146009,609,0,638,22,623,11,145943
642,146010,280,290,302,311,291,300,145944
642,146011,271,74,290,105,280,89,145945
642,146012,500,29,526,52,513,40,145946
642,146013,574,69,609,96,591,82,145947
642,146014,261,177,281,211,271,194,145948
642,146015,383,8,409,30,396,19,145949
642,146016,607,49,635,75,621,62,145950
642,146017,293,230,313,254,303,242,145951
642,146018,118,89,137,116,127,102,145952
642,146019,232,84,256,107,244,95,145953
642,146020,36,120,54,142,45,131,145954
642,146021,72,129,88,156,80,142,145955
642,146022,57,98,80,123,68,110,145956
642,146023,229,50,250,74,239,62,145957
642,146024,201,11,220,32,210,21,145958
642,146025,222,0,243,26,232,13,145959
642,146026,37,159,55,177,46,168,145960
642,146027,40,88,56,114,48,101,145961
642,146028,486,254,512,277,499,265,145962
642,146029,281,16,304,37,292,26,145963
642,146030,125,0,188,23,156,11,145964
642,146031,52,18,66,53,59,35,145965
642,146032,164,0,178,5,171,2,145966
642,146033,326,244,344,266,335,255,145967
642,146034,185,81,208,103,196,92,145968
642,146035,196,56,212,82,204,69,145969
642,146036,313,128,337,153,325,140,145970
642,146037,307,98,334,120,320,109,145971
642,146038,522,0,556,11,539,5,145972
642,146039,541,158,566,184,553,171,145973
642,146040,348,62,376,85,362,73,145974
642,146041,28,245,44,261,36,253,145975
642,146042,44,233,59,260,51,246,145976
642,146043,31,275,47,299,39,287,145977
642,146044,388,274,408,297,398,285,145978
642,146045,532,36,570,60,551,48,145979
642,146046,628,58,639,82,633,70,145980
642,146047,502,303,533,321,517,312,145981
642,146048,411,23,446,54,428,38,145982
642,146049,296,279,313,294,304,286,145983
642,146050,217,0,232,7,224,3,145984
642,146051,130,0,150,12,140,6,145985
642,146052,67,20,81,40,74,30,145986
642,146053,296,254,313,274,304,264,145987
642,146054,581,10,608,23,594,16,145988
642,146055,266,271,295,289,280,280,145989
642,146056,384,9,402,30,393,19,145949
642,146057,390,10,418,31,404,20,145992
643,146058,441,0,532,73,486,36,145993
643,146059,539,247,570,273,554,260,145994
643,146060,596,233,621,263,608,248,145995
643,146061,467,183,490,229,478,206,145996
643,146062,597,127,623,164,610,145,145997
643,146063,266,0,346,50,306,25,145998
643,146064,381,121,402,156,391,138,145999
643,146065,528,71,557,95,542,83,146000
643,146066,417,113,442,145,429,129,146001
643,146067,59,164,79,186,69,175,146002
643,146068,543,207,578,231,560,219,146003
643,146069,99,165,116,200,107,182,146004
643,146070,362,20,385,66,373,43,146005
643,146071,208,316,231,345,219,330,146006
643,146072,300,52,322,84,311,68,146007
643,146073,246,52,267,79,256,65,146008
643,146074,609,0,638,22,623,11,146009
643,146075,280,291,302,311,291,301,146010
643,146076,271,74,290,105,280,89,146011
643,146077,500,29,526,52,513,40,146012
643,146078,574,69,609,96,591,82,146013
643,146079,261,177,281,211,271,194,146014
643,146080,383,8,409,30,396,19,146015
643,146081,607,49,635,75,621,62,146016
643,146082,293,230,313,254,303,242,146017
643,146083,119,89,137,116,128,102,146018
643,146084,232,84,256,107,244,95,146019
643,146085,36,120,54,142,45,131,146020
643,146086,72,129,88,156,80,142,146021
643,146087,57,98,80,123,68,110,146022
643,146088,229,50,250,74,239,62,146023
643,146089,201,11,220,32,210,21,146024
643,146090,222,0,244,25,233,12,146025
643,146091,37,159,55,177,46,168,146026
643,146092,40,88,56,114,48,101,146027
643,146093,486,254,513,276,499,265,146028
643,146094,281,16,304,37,292,26,146029
643,146095,125,0,188,23,156,11,146030
643,146096,52,19,66,53,59,36,146031
643,146097,164,0,178,5,171,2,146032
643,146098,326,244,344,266,335,255,146033
643,146099,185,81,208,103,196,92,146034
643,146100,196,56,212,82,204,69,146035
643,146101,313,128,337,153,325,140,146036
643,146102,307,98,334,120,320,109,146037
643,146103,523,0,555,11,539,5,146038
643,146104,541,158,566,184,553,171,146039
643,146105,348,62,376,85,362,73,146040
643,146106,28,245,44,261,36,253,146041
643,146107,44,233,59,260,51,246,146042
643,146108,31,275,47,299,39,287,146043
643,146109,388,275,409,297,398,286,146044
643,146110,532,36,569,60,550,48,146045
643,146111,628,58,639,82,633,70,146046
643,146112,502,303,533,321,517,312,146047
643,146113,411,23,446,54,428,38,146048
643,146114,296,280,313,294,304,287,146049
643,146115,217,0,232,7,224,3,146050
643,146116,130,0,150,12,140,6,146051
643,146117,67,20,81,40,74,30,146052
643,146118,296,254,313,274,304,264,146053
643,146119,581,10,608,23,594,16,146054
643,146120,266,271,294,289,280,280,146055
643,146121,384,9,402,30,393,19,146015
643,146122,388,9,418,31,403,20,146057
644,146123,441,0,532,73,486,36,146058
644,146124,539,247,570,273,554,260,146059
644,146125,596,233,621,263,608,248,146060
644,146126,467,183,490,229,478,206,146061
644,146127,597,127,623,164,610,145,146062
644,146128,266,0,346,50,306,25,146063
644,146129,381,121,402,156,391,138,146064
644,146130,528,71,557,95,542,83,146065
644,146131,417,113,442,145,429,129,146066
644,146132,59,164,79,186,69,175,146067
644,146133,543,207,578,231,560,219,146068
644,146134,99,165,116,200,107,182,146069
644,146135,362,20,385,66,373,43,146070
644,146136,208,316,231,345,219,330,146071
644,146137,300,52,322,84,311,68,146072
644,146138,246,52,267,79,256,65,146073
644,146139,609,0,638,22,623,11,146074
644,146140,280,290,302,311,291,300,146075
644,146141,271,74,290,105,280,89,146076
644,146142,500,29,526,52,513,40,146077
644,146143,574,69,609,96,591,82,146078
644,146144,261,177,281,211,271,194,146079
644,146145,384,9,408,30,396,19,146080
644,146146,607,49,635,75,621,62,146081
644,146147,293,230,313,254,303,242,146082
644,146148,119,89,137,116,128,102,146083
644,146149,232,84,256,107,244,95,146084
644,146150,36,120,54,142,45,131,146085
644,146151,72,129,88,156,80,142,146086
644,146152,58,97,80,123,69,110,146087
644,146153,229,50,250,74,239,62,146088
644,146154,201,11,220,32,210,21,146089
644,146155,221,0,244,23,232,11,146090
644,146156,37,159,55,177,46,168,146091
644,146157,40,88,56,114,48,101,146092
644,146158,486,254,513,276,499,265,146093
644,146159,281,16,304,37,292,26,146094
644,146160,125,0,188,23,156,11,146095
644,146161,52,19,66,53,59,36,146096
644,146162,164,0,178,5,171,2,146097
644,146163,326,245,344,267,335,256,146098
644,146164,185,81,208,103,196,92,146099
644,146165,196,56,212,82,204,69,146100
644,146166,313,128,337,153,325,140,146101
644,146167,307,98,334,120,320,109,146102
644,146168,523,0,554,10,538,5,146103
644,146169,541,158,566,184,553,171,146104
644,146170,348,62,376,85,362,73,146105
644,146171,28,245,44,261,36,253,146106
644,146172,44,233,59,260,51,246,146107
644,146173,31,275,47,299,39,287,146108
644,146174,388,275,409,297,398,286,146109
644,146175,532,36,569,60,550,48,146110
644,146176,628,58,639,82,633,70,146111
644,146177,502,303,533,321,517,312,146112
644,146178,411,23,446,54,428,38,146113
644,146179,296,281,313,294,304,287,146114
644,146180,217,0,231,7,224,3,146115
644,146181,130,0,150,12,140,6,146116
644,146182,67,20,81,40,74,30,146117
644,146183,296,255,314,275,305,265,146118
644,146184,581,10,608,22,594,16,146119
644,146185,385,9,418,31,401,20,146080
644,146186,252,254,281,269,266,261,
644,146187,450,302,474,323,462,312,
645,146188,442,0,532,73,487,36,146123
645,146189,539,247,570,273,554,260,146124
645,146190,596,233,621,263,608,248,146125
645,146191,467,183,490,229,478,206,146126
645,146192,597,127,623,164,610,145,146127
645,146193,266,0,346,50,306,25,146128
645,146194,381,121,402,156,391,138,146129
645,146195,528,71,557,95,542,83,146130
645,146196,417,113,442,145,429,129,146131
645,146197,59,164,79,186,69,175,146132
645,146198,543,207,578,231,560,219,146133
645,146199,99,165,116,200,107,182,146134
645,146200,362,20,385,66,373,43,146135
645,146201,208,316,231,345,219,330,146136
645,146202,300,52,322,84,311,68,146137
645,146203,246,52,267,79,256,65,146138
645,146204,609,0,638,22,623,11,146139
645,146205,280,291,302,311,291,301,146140
645,146206,271,74,290,105,280,89,146141
645,146207,500,29,526,52,513,40,146142
645,146208,574,69,609,96,591,82,146143
645,146209,261,177,281,211,271,194,146144
645,146210,384,9,407,31,395,20,146145
645,146211,607,49,635,75,621,62,146146
645,146212,293,230,313,254,303,242,146147
645,146213,118,89,137,116,127,102,146148
645,146214,232,84,256,107,244,95,146149
645,146215,36,120,54,142,45,131,146150
645,146216,72,129,88,156,80,142,146151
645,146217,58,97,80,123,69,110,146152
645,146218,229,50,250,74,239,62,146153
645,146219,201,11,220,32,210,21,146154
645,146220,221,0,244,22,232,11,146155
645,146221,37,159,55,177,46,168,146156
645,146222,40,88,56,114,48,101,146157
645,146223,486,254,513,276,499,265,146158
645,146224,281,16,304,37,292,26,146159
645,146225,125,0,188,23,156,11,146160
645,146226,52,19,66,53,59,36,146161
645,146227,164,0,178,5,171,2,146162
645,146228,326,245,344,267,335,256,146163
645,146229,185,81,208,103,196,92,146164
645,146230,196,56,212,82,204,69,146165
645,146231,313,128,337,153,325,140,146166
645,146232,307,98,334,120,320,109,146167
645,146233,524,0,554,9,539,4,146168
645,146234,541,158,566,183,553,170,146169
645,146235,348,62,376,85,362,73,146170
645,146236,28,245,44,261,36,253,146171
645,146237,44,233,59,260,51,246,146172
645,146238,31,275,47,299,39,287,146173
645,146239,388,276,409,297,398,286,146174
645,146240,532,36,569,60,550,48,146175
645,146241,628,58,639,82,633,70,146176
645,146242,502,303,533,321,517,312,146177
645,146243,412,23,446,55,429,39,146178
645,146244,296,281,313,294,304,287,146179
645,146245,217,0,231,7,224,3,146180
645,146246,130,0,150,12,140,6,146181
645,146247,67,20,81,40,74,30,146182
645,146248,296,255,314,275,305,265,146183
645,146249,581,10,608,22,594,16,146184
645,146250,384,9,418,31,401,20,146145
645,146251,251,253,280,269,265,261,146186
646,146252,441,0,532,73,486,36,146188
646,146253,539,247,570,273,554,260,146189
646,146254,596,233,621,263,608,248,146190
646,146255,467,183,490,229,478,206,146191
646,146256,597,127,623,164,610,145,146192
646,146257,266,0,346,50,306,25,146193
646,146258,381,121,402,156,391,138,146194
646,146259,528,71,557,95,542,83,146195
646,146260,417,113,441,145,429,129,146196
646,146261,59,164,79,186,69,175,146197
646,146262,543,207,578,231,560,219,146198
646,146263,99,165,116,200,107,182,146199
646,146264,362,20,385,66,373,43,146200
646,146265,208,316,231,345,219,330,146201
646,146266,300,52,322,84,311,68,146202
646,146267,246,52,267,79,256,65,146203
646,146268,609,0,638,22,623,11,146204
646,146269,280,291,301,311,290,301,146205
646,146270,271,74,290,105,280,89,146206
646,146271,500,29,526,51,513,40,146207
646,146272,574,69,609,96,591,82,146208
646,146273,261,177,281,211,271,194,146209
646,146274,384,9,405,31,394,20,146210
646,146275,607,49,635,75,621,62,146211
646,146276,294,230,313,255,303,242,146212
646,146277,119,89,137,116,128,102,146213
646,146278,232,84,256,107,244,95,146214
646,146279,36,120,54,142,45,131,146215
646,146280,72,129,88,156,80,142,146216
646,146281,58,97,80,123,69,110,146217
646,146282,229,50,250,74,239,62,146218
646,146283,201,11,220,32,210,21,146219
646,146284,222,0,244,21,233,10,146220
646,146285,37,159,55,177,46,168,146221
646,146286,40,88,56,114,48,101,146222
646,146287,486,254,513,276,499,265,146223
646,146288,281,16,304,37,292,26,146224
646,146289,125,0,188,23,156,11,146225
646,146290,52,18,66,53,59,35,146226
646,146291,164,0,178,5,171,2,146227
646,146292,326,246,344,268,335,257,146228
646,146293,185,81,208,103,196,92,146229
646,146294,196,56,212,82,204,69,146230
646,146295,313,128,337,153,325,140,146231
646,146296,307,98,334,120,320,109,146232
646,146297,525,0,553,8,539,4,146233
646,146298,541,158,566,183,553,170,146234
646,146299,348,62,376,85,362,73,146235
646,146300,28,245,44,261,36,253,146236
646,146301,44,233,59,261,51,247,146237
646,146302,31,276,47,299,39,287,146238
646,146303,388,276,409,297,398,286,146239
646,146304,532,36,569,60,550,48,146240
646,146305,628,58,639,82,633,70,146241
646,146306,504,303,533,321,518,312,146242
646,146307,412,23,446,54,429,38,146243
646,146308,296,281,313,294,304,287,146244
646,146309,217,0,231,7,224,3,146245
646,146310,130,0,150,12,140,6,146246
646,146311,66,20,81,42,73,31,146247
646,146312,296,255,314,275,305,265,146248
646,146313,581,10,608,22,594,16,146249
646,146314,384,9,418,31,401,20,146210
646,146315,251,252,280,268,265,260,146251
647,146316,441,0,533,73,487,36,146252
647,146317,539,247,570,273,554,260,146253
647,146318,596,233,621,263,608,248,146254
647,146319,467,183,490,229,478,206,146255
647,146320,597,127,623,164,610,145,146256
647,146321,266,0,346,50,306,25,146257
647,146322,381,121,402,156,391,138,146258
647,146323,528,71,557,95,542,83,146259
647,146324,417,113,441,145,429,129,146260
647,146325,59,164,79,186,69,175,146261
647,146326,543,207,578,231,560,219,146262
647,146327,99,165,116,200,107,182,146263
647,146328,362,20,385,66,373,43,146264
647,146329,208,316,231,345,219,330,146265
647,146330,300,52,322,84,311,68,146266
647,146331,246,52,267,79,256,65,146267
647,146332,609,0,638,22,623,11,146268
647,146333,280,291,301,311,290,301,146269
647,146334,271,74,290,105,280,89,146270
647,146335,500,29,526,51,513,40,146271
647,146336,574,69,609,96,591,82,146272
647,146337,261,177,281,211,271,194,146273
647,146338,384,9,404,31,394,20,146274
647,146339,607,49,636,75,621,62,146275
647,146340,294,230,313,255,303,242,146276
647,146341,119,89,137,116,128,102,146277
647,146342,232,84,256,107,244,95,146278
647,146343,36,120,54,142,45,131,146279
647,146344,72,129,88,156,80,142,146280
647,146345,58,97,80,123,69,110,146281
647,146346,229,50,250,74,239,62,146282
647,146347,201,11,220,32,210,21,146283
647,146348,222,0,244,21,233,10,146284
647,146349,37,159,55,177,46,168,146285
647,146350,40,88,56,114,48,101,146286
647,146351,486,254,513,276,499,265,146287
647,146352,281,16,304,37,292,26,146288
647,146353,125,0,188,23,156,11,146289
647,146354,52,18,66,53,59,35,146290
647,146355,164,0,178,5,171,2,146291
647,146356,326,246,344,268,335,257,146292
647,146357,185,81,208,103,196,92,146293
647,146358,196,56,212,82,204,69,146294
647,146359,313,128,337,153,325,140,146295
647,146360,307,98,334,120,320,109,146296
647,146361,526,0,553,8,539,4,146297
647,146362,541,158,566,183,553,170,146298
647,146363,348,62,376,85,362,73,146299
647,146364,28,245,44,261,36,253,146300
647,146365,44,233,59,261,51,247,146301
647,146366,31,276,47,299,39,287,146302
647,146367,388,277,409,298,398,287,146303
647,146368,532,36,569,60,550,48,146304
647,146369,628,58,639,82,633,70,146305
647,146370,504,303,533,321,518,312,146306
647,146371,412,23,446,54,429,38,146307
647,146372,296,281,313,294,304,287,146308
647,146373,217,0,231,7,224,3,146309
647,146374,130,0,150,12,140,6,146310
647,146375,66,20,81,42,73,31,146311
647,146376,296,255,314,275,305,265,146312
647,146377,581,10,608,22,594,16,146313
647,146378,384,9,418,31,401,20,146274
647,146379,251,252,280,268,265,260,146315
648,146380,441,0,532,73,486,36,146316
648,146381,539,247,570,273,554,260,146317
648,146382,596,233,621,263,608,248,146318
648,146383,467,183,490,229,478,206,146319
648,146384,597,127,623,164,610,145,146320
648,146385,266,0,346,50,306,25,146321
648,146386,381,121,402,156,391,138,146322
648,146387,528,71,557,95,542,83,146323
648,146388,417,113,441,145,429,129,146324
648,146389,59,164,79,186,69,175,146325
648,146390,543,207,578,231,560,219,146326
648,146391,99,165,116,200,107,182,146327
648,146392,362,20,385,66,373,43,146328
648,146393,208,316,231,345,219,330,146329
648,146394,300,52,322,84,311,68,146330
648,146395,246,52,267,79,256,65,146331
648,146396,609,0,638,22,623,11,146332
648,146397,280,291,301,311,290,301,146333
648,146398,271,74,290,105,280,89,146334
648,146399,501,29,526,51,513,40,146335
648,146400,574,69,609,96,591,82,146336
648,146401,261,177,281,211,271,194,146337
648,146402,608,49,636,75,622,62,146339
648,146403,294,230,313,255,303,242,146340
648,146404,119,89,137,116,128,102,146341
648,146405,232,84,256,107,244,95,146342
648,146406,36,120,54,142,45,131,146343
648,146407,72,129,88,156,80,142,146344
648,146408,58,97,80,123,69,110,146345
648,146409,229,50,250,74,239,62,146346
648,146410,201,11,220,32,210,21,146347
648,146411,222,0,244,21,233,10,146348
648,146412,37,159,55,177,46,168,146349
648,146413,40,88,56,114,48,101,146350
648,146414,486,254,513,276,499,265,146351
648,146415,281,16,304,37,292,26,146352
648,146416,125,0,188,23,156,11,146353
648,146417,52,18,66,53,59,35,146354
648,146418,164,0,178,5,171,2,146355
648,146419,326,246,344,268,335,257,146356
648,146420,185,81,208,103,196,92,146357
648,146421,196,56,212,82,204,69,146358
648,146422,313,128,337,153,325,140,146359
648,146423,307,98,334,120,320,109,146360
648,146424,526,0,552,8,539,4,146361
648,146425,541,158,566,183,553,170,146362
648,146426,348,62,376,85,362,73,146363
648,146427,28,245,44,261,36,253,146364
648,146428,44,233,59,261,51,247,146365
648,146429,31,276,47,299,39,287,146366
648,146430,388,277,409,298,398,287,146367
648,146431,532,36,568,59,550,47,146368
648,146432,628,58,639,82,633,70,146369
648,146433,505,303,533,321,519,312,146370
648,146434,412,23,446,54,429,38,146371
648,146435,296,281,313,295,304,288,146372
648,146436,217,0,231,8,224,4,146373
648,146437,130,0,150,12,140,6,146374
648,146438,66,20,81,42,73,31,146375
648,146439,296,255,314,275,305,265,146376
648,146440,581,10,608,22,594,16,146377
648,146441,383,9,418,31,400,20,146338
648,146442,251,252,280,268,265,260,146379
649,146443,441,0,532,73,486,36,146380
649,146444,539,247,570,273,554,260,146381
649,146445,596,233,621,263,608,248,146382
649,146446,467,183,490,229,478,206,146383
649,146447,597,127,623,164,610,145,146384
649,146448,266,0,346,50,306,25,146385
649,146449,381,121,402,156,391,138,146386
649,146450,528,71,557,95,542,83,146387
649,146451,417,113,441,145,429,129,146388
649,146452,59,164,79,186,69,175,146389
649,146453,543,207,578,231,560,219,146390
649,146454,99,165,116,200,107,182,146391
649,146455,362,20,385,66,373,43,146392
649,146456,208,316,231,345,219,330,146393
649,146457,300,52,322,84,311,68,146394
649,146458,246,52,267,79,256,65,146395
649,146459,609,0,638,22,623,11,146396
649,146460,280,291,302,311,291,301,146397
649,146461,271,74,290,105,280,89,146398
649,146462,501,29,526,51,513,40,146399
649,146463,574,69,609,96,591,82,146400
649,146464,261,177,281,211,271,194,146401
649,146465,609,49,635,75,622,62,146402
649,146466,294,230,313,255,303,242,146403
649,146467,119,89,137,116,128,102,146404
649,146468,232,84,256,107,244,95,146405
649,146469,36,120,54,142,45,131,146406
649,146470,72,129,88,156,80,142,146407
649,146471,58,97,80,123,69,110,146408
649,146472,229,50,250,74,239,62,146409
649,146473,201,11,220,32,210,21,146410
649,146474,223,0,245,22,234,11,146411
649,146475,37,158,55,177,46,167,146412
649,146476,40,88,56,114,48,101,146413
649,146477,486,254,513,276,499,265,146414
649,146478,281,16,304,37,292,26,146415
649,146479,125,0,188,23,156,11,146416
649,146480,52,18,66,53,59,35,146417
649,146481,164,0,178,5,171,2,146418
649,146482,326,246,344,269,335,257,146419
649,146483,185,81,208,103,196,92,146420
649,146484,196,56,212,82,204,69,146421
649,146485,313,128,337,153,325,140,146422
649,146486,307,98,334,120,320,109,146423
649,146487,526,0,551,8,538,4,146424
649,146488,541,158,566,183,553,170,146425
649,146489,348,62,376,85,362,73,146426
649,146490,28,245,44,262,36,253,146427
649,146491,44,233,59,261,51,247,146428
649,146492,31,276,47,299,39,287,146429
649,146493,389,277,411,298,400,287,146430
649,146494,532,36,568,59,550,47,146431
649,146495,629,58,639,82,634,70,146432
649,146496,505,303,533,321,519,312,146433
649,146497,412,23,446,54,429,38,146434
649,146498,296,282,313,295,304,288,146435
649,146499,216,0,232,8,224,4,146436
649,146500,130,0,150,12,140,6,146437
649,146501,66,20,81,41,73,30,146438
649,146502,296,255,314,275,305,265,146439
649,146503,581,10,608,22,594,16,146440
649,146504,383,9,418,31,400,20,146441
649,146505,251,251,280,268,265,259,146442
650,146506,441,0,532,73,486,36,146443
650,146507,539,247,570,273,554,260,146444
650,146508,596,233,621,263,608,248,146445
650,146509,467,183,490,229,478,206,146446
650,146510,597,127,623,164,610,145,146447
650,146511,266,0,346,50,306,25,146448
650,146512,381,121,402,156,391,138,146449
650,146513,528,71,557,95,542,83,146450
650,146514,417,113,441,145,429,129,146451
650,146515,59,164,79,186,69,175,146452
650,146516,543,207,579,231,561,219,146453
650,146517,99,165,116,200,107,182,146454
650,146518,362,20,385,66,373,43,146455
650,146519,208,316,231,345,219,330,146456
650,146520,300,52,322,84,311,68,146457
650,146521,246,52,267,79,256,65,146458
650,146522,609,0,638,22,623,11,146459
650,146523,280,291,302,311,291,301,146460
650,146524,271,74,290,105,280,89,146461
650,146525,501,29,526,51,513,40,146462
650,146526,574,69,609,96,591,82,146463
650,146527,261,177,281,211,271,194,146464
650,146528,610,49,635,75,622,62,146465
650,146529,294,230,313,255,303,242,146466
650,146530,119,89,137,116,128,102,146467
650,146531,233,84,256,107,244,95,146468
650,146532,36,120,54,142,45,131,146469
650,146533,72,129,88,156,80,142,146470
650,146534,58,97,80,123,69,110,146471
650,146535,229,50,250,74,239,62,146472
650,146536,201,10,220,32,210,21,146473
650,146537,224,0,246,22,235,11,146474
650,146538,37,158,55,177,46,167,146475
650,146539,40,88,56,114,48,101,146476
650,146540,486,254,513,276,499,265,146477
650,146541,281,16,304,37,292,26,146478
650,146542,125,0,188,23,156,11,146479
650,146543,52,18,66,53,59,35,146480
650,146544,164,0,178,5,171,2,146481
650,146545,326,247,344,269,335,258,146482
650,146546,185,81,208,103,196,92,146483
650,146547,196,56,212,82,204,69,146484
650,146548,313,128,337,153,325,140,146485
650,146549,307,98,334,120,320,109,146486
650,146550,527,0,551,8,539,4,146487
650,146551,541,158,566,183,553,170,146488
650,146552,348,62,376,85,362,73,146489
650,146553,28,245,44,262,36,253,146490
650,146554,44,233,59,261,51,247,146491
650,146555,31,276,47,299,39,287,146492
650,146556,390,278,412,298,401,288,146493
650,146557,532,36,568,60,550,48,146494
650,146558,629,59,639,82,634,70,146495
650,146559,506,303,533,321,519,312,146496
650,146560,412,23,446,54,429,38,146497
650,146561,296,282,313,295,304,288,146498
650,146562,216,0,231,8,223,4,146499
650,146563,130,0,150,12,140,6,146500
650,146564,66,20,81,43,73,31,146501
650,146565,296,255,314,275,305,265,146502
650,146566,581,10,608,22,594,16,146503
650,146567,383,9,418,31,400,20,146504
650,146568,251,251,280,268,265,259,146505
651,146569,441,0,532,73,486,36,146506
651,146570,539,247,570,273,554,260,146507
651,146571,596,233,621,263,608,248,146508
651,146572,467,183,490,229,478,206,146509
651,146573,597,127,623,164,610,145,146510
651,146574,266,0,346,50,306,25,146511
651,146575,381,121,402,156,391,138,146512
651,146576,528,71,557,95,542,83,146513
651,146577,417,113,441,145,429,129,146514
651,146578,59,164,79,186,69,175,146515
651,146579,543,207,579,231,561,219,146516
651,146580,99,165,116,200,107,182,146517
651,146581,362,20,385,66,373,43,146518
651,146582,208,316,231,345,219,330,146519
651,146583,300,52,322,84,311,68,146520
651,146584,246,52,267,79,256,65,146521
651,146585,609,0,638,22,623,11,146522
651,146586,280,291,302,311,291,301,146523
651,146587,271,74,290,105,280,89,146524
651,146588,501,29,526,51,513,40,146525
651,146589,574,69,610,96,592,82,146526
651,146590,261,177,281,211,271,194,146527
651,146591,610,48,635,75,622,61,146528
651,146592,294,230,313,255,303,242,146529
651,146593,119,89,137,116,128,102,146530
651,146594,233,84,256,107,244,95,146531
651,146595,36,120,54,142,45,131,146532
651,146596,72,129,88,156,80,142,146533
651,146597,58,97,80,123,69,110,146534
651,146598,229,50,250,74,239,62,146535
651,146599,201,11,220,32,210,21,146536
651,146600,225,0,247,22,236,11,146537
651,146601,37,158,55,177,46,167,146538
651,146602,40,88,56,114,48,101,146539
651,146603,486,254,513,276,499,265,146540
651,146604,281,16,304,37,292,26,146541
651,146605,125,0,188,23,156,11,146542
651,146606,52,18,66,53,59,35,146543
651,146607,164,0,178,5,171,2,146544
651,146608,326,247,344,270,335,258,146545
651,146609,185,81,208,103,196,92,146546
651,146610,196,56,212,82,204,69,146547
651,146611,313,128,337,153,325,140,146548
651,146612,307,98,334,120,320,109,146549
651,146613,527,0,551,9,539,4,146550
651,146614,541,158,566,183,553,170,146551
651,146615,348,62,376,85,362,73,146552
651,146616,28,245,44,262,36,253,146553
651,146617,44,233,59,261,51,247,146554
651,146618,31,276,47,299,39,287,146555
651,146619,392,280,415,298,403,289,146556
651,146620,531,36,568,60,549,48,146557
651,146621,628,59,639,82,633,70,146558
651,146622,506,303,533,321,519,312,146559
651,146623,412,23,446,54,429,38,146560
651,146624,296,282,313,295,304,288,146561
651,146625,216,0,230,8,223,4,146562
651,146626,130,0,150,12,140,6,146563
651,146627,66,20,81,43,73,31,146564
651,146628,296,255,314,275,305,265,146565
651,146629,581,10,608,22,594,16,146566
651,146630,385,9,418,31,401,20,146567
651,146631,251,252,279,268,265,260,146568
651,146632,384,9,401,31,392,20,
651,146633,384,8,409,30,396,19,146567
652,146634,441,0,532,73,486,36,146569
652,146635,539,247,570,273,554,260,146570
652,146636,596,233,621,263,608,248,146571
652,146637,467,183,490,229,478,206,146572
652,146638,597,127,623,164,610,145,146573
652,146639,266,0,346,50,306,25,146574
652,146640,381,121,402,156,391,138,146575
652,146641,528,71,557,95,542,83,146576
652,146642,417,113,441,145,429,129,146577
652,146643,59,164,79,186,69,175,146578
652,146644,543,207,579,231,561,219,146579
652,146645,99,165,116,200,107,182,146580
652,146646,362,20,385,66,373,43,146581
652,146647,208,316,231,345,219,330,146582
652,146648,300,52,322,84,311,68,146583
652,146649,246,52,267,79,256,65,146584
652,146650,609,0,638,22,623,11,146585
652,146651,280,291,302,311,291,301,146586
652,146652,271,74,290,105,280,89,146587
652,146653,501,29,526,51,513,40,146588
652,146654,574,69,610,96,592,82,146589
652,146655,261,177,281,211,271,194,146590
652,146656,611,48,635,75,623,61,146591
652,146657,294,230,313,255,303,242,146592
652,146658,119,89,137,116,128,102,146593
652,146659,233,84,256,107,244,95,146594
652,146660,36,120,54,142,45,131,146595
652,146661,72,129,88,156,80,142,146596
652,146662,58,97,80,123,69,110,146597
652,146663,229,50,250,74,239,62,146598
652,146664,201,11,220,32,210,21,146599
652,146665,226,1,248,23,237,12,146600
652,146666,37,158,55,177,46,167,146601
652,146667,40,88,56,114,48,101,146602
652,146668,486,254,513,276,499,265,146603
652,146669,281,16,304,37,292,26,146604
652,146670,125,0,188,23,156,11,146605
652,146671,52,18,66,53,59,35,146606
652,146672,164,0,178,5,171,2,146607
652,146673,327,248,346,270,336,259,146608
652,146674,185,81,208,103,196,92,146609
652,146675,196,56,212,82,204,69,146610
652,146676,313,128,337,153,325,140,146611
652,146677,307,98,334,120,320,109,146612
652,146678,527,0,550,8,538,4,146613
652,146679,541,158,566,183,553,170,146614
652,146680,348,62,376,85,362,73,146615
652,146681,28,245,44,262,36,253,146616
652,146682,44,233,59,261,51,247,146617
652,146683,31,276,47,299,39,287,146618
652,146684,395,281,418,300,406,290,146619
652,146685,531,37,568,60,549,48,146620
652,146686,628,59,639,82,633,70,146621
652,146687,506,303,533,321,519,312,146622
652,146688,412,23,446,54,429,38,146623
652,146689,296,282,313,295,304,288,146624
652,146690,217,0,230,7,223,3,146625
652,146691,131,0,150,12,140,6,146626
652,146692,66,20,81,44,73,32,146627
652,146693,296,255,314,275,305,265,146628
652,146694,581,10,608,22,594,16,146629
652,146695,393,10,418,32,405,21,146630
652,146696,251,252,278,269,264,260,146631
652,146697,384,9,399,29,391,19,146632
653,146698,441,0,532,73,486,36,146634
653,146699,539,247,570,273,554,260,146635
653,146700,596,233,621,263,608,248,146636
653,146701,467,183,490,228,478,205,146637
653,146702,597,127,623,164,610,145,146638
653,146703,266,0,346,50,306,25,146639
653,146704,381,121,402,156,391,138,146640
653,146705,528,71,557,95,542,83,146641
653,146706,417,113,441,145,429,129,146642
653,146707,59,164,79,186,69,175,146643
653,146708,543,207,579,231,561,219,146644
653,146709,99,165,116,200,107,182,146645
653,146710,362,20,384,66,373,43,146646
653,146711,208,316,231,345,219,330,146647
653,146712,300,52,322,84,311,68,146648
653,146713,246,52,267,79,256,65,146649
653,146714,609,0,638,22,623,11,146650
653,146715,280,291,302,311,291,301,146651
653,146716,271,74,290,105,280,89,146652
653,146717,501,29,526,51,513,40,146653
653,146718,574,69,610,96,592,82,146654
653,146719,261,177,281,211,271,194,146655
653,146720,611,48,634,75,622,61,146656
653,146721,294,230,313,255,303,242,146657
653,146722,119,89,137,116,128,102,146658
653,146723,232,84,256,107,244,95,146659
653,146724,36,120,54,142,45,131,146660
653,146725,72,129,88,156,80,142,146661
653,146726,58,97,80,123,69,110,146662
653,146727,229,50,250,74,239,62,146663
653,146728,201,11,220,32,210,21,146664
653,146729,226,2,248,23,237,12,146665
653,146730,37,158,55,177,46,167,146666
653,146731,40,88,56,114,48,101,146667
653,146732,486,254,513,276,499,265,146668
653,146733,281,16,304,37,292,26,146669
653,146734,125,0,188,23,156,11,146670
653,146735,52,18,66,53,59,35,146671
653,146736,164,0,178,5,171,2,146672
653,146737,327,248,346,270,336,259,146673
653,146738,185,81,208,103,196,92,146674
653,146739,196,56,212,82,204,69,146675
653,146740,313,128,337,153,325,140,146676
653,146741,307,98,334,120,320,109,146677
653,146742,527,0,550,8,538,4,146678
653,146743,541,158,566,183,553,170,146679
653,146744,348,62,376,85,362,73,146680
653,146745,28,245,44,262,36,253,146681
653,146746,44,233,59,261,51,247,146682
653,146747,31,276,47,299,39,287,146683
653,146748,396,282,419,300,407,291,146684
653,146749,531,37,568,60,549,48,146685
653,146750,628,59,639,82,633,70,146686
653,146751,506,303,533,321,519,312,146687
653,146752,412,23,446,54,429,38,146688
653,146753,296,281,313,295,304,288,146689
653,146754,217,0,230,7,223,3,146690
653,146755,131,0,150,12,140,6,146691
653,146756,66,20,81,44,73,32,146692
653,146757,296,255,314,275,305,265,146693
653,146758,581,10,608,22,594,16,146694
653,146759,396,11,418,32,407,21,146695
653,146760,251,253,278,269,264,261,146696
653,146761,384,8,399,28,391,18,146697
654,146762,442,0,532,73,487,36,146698
654,146763,539,247,571,273,555,260,146699
654,146764,596,233,621,263,608,248,146700
654,146765,467,183,490,228,478,205,146701
654,146766,597,127,623,164,610,145,146702
654,146767,266,0,346,50,306,25,146703
654,146768,381,121,402,156,391,138,146704
654,146769,528,71,557,95,542,83,146705
654,146770,417,113,441,145,429,129,146706
654,146771,59,164,79,186,69,175,146707
654,146772,543,207,579,231,561,219,146708
654,146773,99,165,116,200,107,182,146709
654,146774,362,20,384,66,373,43,146710
654,146775,208,316,231,345,219,330,146711
654,146776,300,52,322,84,311,68,146712
654,146777,246,52,267,79,256,65,146713
654,146778,609,0,638,22,623,11,146714
654,146779,280,291,302,311,291,301,146715
654,146780,271,74,290,105,280,89,146716
654,146781,501,29,526,51,513,40,146717
654,146782,574,69,610,96,592,82,146718
654,146783,261,177,281,211,271,194,146719
654,146784,611,49,634,75,622,62,146720
654,146785,294,230,313,255,303,242,146721
654,146786,119,89,137,116,128,102,146722
654,146787,232,84,256,107,244,95,146723
654,146788,36,120,54,142,45,131,146724
654,146789,72,129,88,156,80,142,146725
654,146790,58,97,80,123,69,110,146726
654,146791,229,50,250,74,239,62,146727
654,146792,201,11,220,32,210,21,146728
654,146793,227,2,248,23,237,12,146729
654,146794,37,158,55,177,46,167,146730
654,146795,40,88,56,114,48,101,146731
654,146796,486,254,513,276,499,265,146732
654,146797,281,17,304,37,292,27,146733
654,146798,126,0,188,23,157,11,146734
654,146799,52,18,66,53,59,35,146735
654,146800,164,0,178,5,171,2,146736
654,146801,328,248,347,270,337,259,146737
654,146802,185,81,208,103,196,92,146738
654,146803,196,56,212,82,204,69,146739
654,146804,313,128,337,153,325,140,146740
654,146805,307,98,334,120,320,109,146741
654,146806,526,0,550,9,538,4,146742
654,146807,541,158,566,183,553,170,146743
654,146808,348,62,376,85,362,73,146744
654,146809,28,245,44,262,36,253,146745
654,146810,44,233,59,261,51,247,146746
654,146811,31,276,47,299,39,287,146747
654,146812,398,283,421,302,409,292,146748
654,146813,531,37,568,61,549,49,146749
654,146814,628,59,639,82,633,70,146750
654,146815,506,303,533,321,519,312,146751
654,146816,412,23,446,53,429,38,146752
654,146817,296,281,313,295,304,288,146753
654,146818,217,0,229,7,223,3,146754
654,146819,131,0,150,12,140,6,146755
654,146820,66,20,81,42,73,31,146756
654,146821,296,255,314,275,305,265,146757
654,146822,581,10,608,22,594,16,146758
654,146823,398,11,418,32,408,21,146759
654,146824,251,254,277,269,264,261,146760
654,146825,384,8,399,27,391,17,146761
655,146826,442,0,532,73,487,36,146762
655,146827,539,247,571,273,555,260,146763
655,146828,596,233,621,263,608,248,146764
655,146829,467,183,490,228,478,205,146765
655,146830,597,127,623,164,610,145,146766
655,146831,266,0,346,50,306,25,146767
655,146832,381,121,402,156,391,138,146768
655,146833,528,71,557,95,542,83,146769
655,146834,417,113,441,145,429,129,146770
655,146835,59,164,79,186,69,175,146771
655,146836,543,207,579,231,561,219,146772
655,146837,99,165,116,200,107,182,146773
655,146838,362,20,384,66,373,43,146774
655,146839,208,316,231,345,219,330,146775
655,146840,300,52,322,84,311,68,146776
655,146841,246,52,267,79,256,65,146777
655,146842,609,0,638,22,623,11,146778
655,146843,280,291,302,311,291,301,146779
655,146844,271,74,290,105,280,89,146780
655,146845,500,29,526,51,513,40,146781
655,146846,574,69,609,96,591,82,146782
655,146847,261,177,281,211,271,194,146783
655,146848,611,49,635,75,623,62,146784
655,146849,294,230,313,255,303,242,146785
655,146850,119,89,137,116,128,102,146786
655,146851,232,84,256,107,244,95,146787
655,146852,36,120,54,142,45,131,146788
655,146853,72,129,88,156,80,142,146789
655,146854,58,97,80,123,69,110,146790
655,146855,229,50,250,74,239,62,146791
655,146856,201,11,220,32,210,21,146792
655,146857,227,2,249,24,238,13,146793
655,146858,37,158,55,177,46,167,146794
655,146859,40,88,56,114,48,101,146795
655,146860,486,254,513,276,499,265,146796
655,146861,281,17,304,37,292,27,146797
655,146862,126,0,188,23,157,11,146798
655,146863,52,18,66,53,59,35,146799
655,146864,164,0,178,5,171,2,146800
655,146865,330,248,348,270,339,259,146801
655,146866,185,81,208,103,196,92,146802
655,146867,196,56,212,82,204,69,146803
655,146868,313,128,337,153,325,140,146804
655,146869,307,98,334,120,320,109,146805
655,146870,525,0,550,9,537,4,146806
655,146871,541,158,566,183,553,170,146807
655,146872,348,62,376,85,362,73,146808
655,146873,28,245,44,262,36,253,146809
655,146874,44,233,59,261,51,247,146810
655,146875,31,276,47,299,39,287,146811
655,146876,400,284,423,303,411,293,146812
655,146877,531,38,567,62,549,50,146813
655,146878,627,59,639,82,633,70,146814
655,146879,506,303,533,321,519,312,146815
655,146880,412,23,446,53,429,38,146816
655,146881,296,281,313,295,304,288,146817
655,146882,217,0,229,7,223,3,146818
655,146883,131,0,150,12,140,6,146819
655,146884,66,20,81,42,73,31,146820
655,146885,296,255,314,275,305,265,146821
655,146886,581,10,607,22,594,16,146822
655,146887,398,11,418,32,408,21,146823
655,146888,384,8,399,27,391,17,146825
656,146889,442,0,532,73,487,36,146826
656,146890,539,247,571,273,555,260,146827
656,146891,596,233,621,263,608,248,146828
656,146892,467,183,490,228,478,205,146829
656,146893,597,127,623,164,610,145,146830
656,146894,266,0,346,50,306,25,146831
656,146895,381,121,402,156,391,138,146832
656,146896,528,70,557,95,542,82,146833
656,146897,417,113,441,145,429,129,146834
656,146898,59,164,79,186,69,175,146835
656,146899,543,207,579,231,561,219,146836
656,146900,99,165,116,200,107,182,146837
656,146901,362,20,384,66,373,43,146838
656,146902,208,316,231,345,219,330,146839
656,146903,300,52,322,84,311,68,146840
656,146904,246,52,267,79,256,65,146841
656,146905,609,0,638,22,623,11,146842
656,146906,280,291,302,311,291,301,146843
656,146907,271,74,290,105,280,89,146844
656,146908,500,29,526,50,513,39,146845
656,146909,574,69,609,96,591,82,146846
656,146910,261,177,281,211,271,194,146847
656,146911,611,49,635,75,623,62,146848
656,146912,294,230,313,255,303,242,146849
656,146913,119,89,137,116,128,102,146850
656,146914,232,84,256,107,244,95,146851
656,146915,36,120,54,142,45,131,146852
656,146916,72,129,88,156,80,142,146853
656,146917,58,97,80,123,69,110,146854
656,146918,229,50,250,74,239,62,146855
656,146919,201,11,220,32,210,21,146856
656,146920,227,2,249,24,238,13,146857
656,146921,37,158,55,177,46,167,146858
656,146922,40,88,56,114,48,101,146859
656,146923,486,254,513,276,499,265,146860
656,146924,281,17,304,37,292,27,146861
656,146925,126,0,188,23,157,11,146862
656,146926,52,18,66,53,59,35,146863
656,146927,164,0,178,5,171,2,146864
656,146928,331,248,349,270,340,259,146865
656,146929,185,81,208,103,196,92,146866
656,146930,196,56,212,82,204,69,146867
656,146931,313,128,337,153,325,140,146868
656,146932,307,98,334,120,320,109,146869
656,146933,524,0,550,9,537,4,146870
656,146934,541,158,566,183,553,170,146871
656,146935,348,62,376,85,362,73,146872
656,146936,28,245,44,262,36,253,146873
656,146937,44,233,59,261,51,247,146874
656,146938,31,276,47,299,39,287,146875
656,146939,401,285,424,303,412,294,146876
656,146940,531,39,567,63,549,51,146877
656,146941,627,59,639,82,633,70,146878
656,146942,506,303,533,321,519,312,146879
656,146943,412,23,446,53,429,38,146880
656,146944,296,281,313,295,304,288,146881
656,146945,217,0,229,7,223,3,146882
656,146946,131,0,150,12,140,6,146883
656,146947,66,20,81,41,73,30,146884
656,146948,296,255,314,275,305,265,146885
656,146949,581,10,607,22,594,16,146886
656,146950,398,11,418,32,408,21,146887
656,146951,384,8,399,27,391,17,146888
657,146952,442,0,532,73,487,36,146889
657,146953,539,247,571,273,555,260,146890
657,146954,596,233,621,263,608,248,146891
657,146955,467,183,490,228,478,205,146892
657,146956,597,127,623,164,610,145,146893
657,146957,266,0,346,50,306,25,146894
657,146958,381,121,402,156,391,138,146895
657,146959,528,70,557,95,542,82,146896
657,146960,417,113,441,145,429,129,146897
657,146961,59,164,79,186,69,175,146898
657,146962,543,207,579,231,561,219,146899
657,146963,99,165,116,200,107,182,146900
657,146964,362,20,384,66,373,43,146901
657,146965,208,316,231,345,219,330,146902
657,146966,300,52,322,84,311,68,146903
657,146967,246,52,267,79,256,65,146904
657,146968,609,0,638,22,623,11,146905
657,146969,280,291,302,311,291,301,146906
657,146970,271,74,290,105,280,89,146907
657,146971,500,29,526,50,513,39,146908
657,146972,574,69,609,96,591,82,146909
657,146973,261,177,281,211,271,194,146910
657,146974,612,49,635,75,623,62,146911
657,146975,293,230,313,255,303,242,146912
657,146976,119,89,137,116,128,102,146913
657,146977,232,84,256,107,244,95,146914
657,146978,36,120,54,142,45,131,146915
657,146979,72,129,88,156,80,142,146916
657,146980,58,97,80,123,69,110,146917
657,146981,229,50,250,74,239,62,146918
657,146982,201,11,220,32,210,21,146919
657,146983,227,2,249,24,238,13,146920
657,146984,37,158,55,177,46,167,146921
657,146985,40,88,56,114,48,101,146922
657,146986,486,254,513,276,499,265,146923
657,146987,281,17,304,37,292,27,146924
657,146988,126,0,188,23,157,11,146925
657,146989,52,18,66,53,59,35,146926
657,146990,164,0,178,5,171,2,146927
657,146991,332,248,350,270,341,259,146928
657,146992,184,81,208,103,196,92,146929
657,146993,196,56,212,82,204,69,146930
657,146994,313,128,337,153,325,140,146931
657,146995,307,98,334,120,320,109,146932
657,146996,524,0,550,9,537,4,146933
657,146997,541,158,566,183,553,170,146934
657,146998,348,62,376,85,362,73,146935
657,146999,28,245,44,262,36,253,146936
657,147000,44,233,59,261,51,247,146937
657,147001,31,276,47,299,39,287,146938
657,147002,403,286,426,304,414,295,146939
657,147003,530,41,567,64,548,52,146940
657,147004,627,59,639,82,633,70,146941
657,147005,506,303,533,321,519,312,146942
657,147006,412,23,446,53,429,38,146943
657,147007,296,282,313,295,304,288,146944
657,147008,217,0,229,8,223,4,146945
657,147009,131,0,150,12,140,6,146946
657,147010,66,20,81,41,73,30,146947
657,147011,296,256,313,275,304,265,146948
657,147012,581,10,607,22,594,16,146949
657,147013,398,11,418,32,408,21,146950
657,147014,384,8,399,27,391,17,146951
658,147015,442,0,532,73,487,36,146952
658,147016,539,247,571,273,555,260,146953
658,147017,596,233,621,263,608,248,146954
658,147018,467,183,490,228,478,205,146955
658,147019,597,127,623,164,610,145,146956
658,147020,266,0,346,50,306,25,146957
658,147021,381,121,402,156,391,138,146958
658,147022,528,71,557,95,542,83,146959
658,147023,417,113,441,145,429,129,146960
658,147024,59,164,79,186,69,175,146961
658,147025,543,207,579,231,561,219,146962
658,147026,99,165,116,200,107,182,146963
658,147027,362,20,384,66,373,43,146964
658,147028,208,316,231,345,219,330,146965
658,147029,300,52,322,84,311,68,146966
658,147030,246,52,267,79,256,65,146967
658,147031,609,0,638,22,623,11,146968
658,147032,280,291,302,311,291,301,146969
658,147033,271,74,290,105,280,89,146970
658,147034,500,29,527,50,513,39,146971
658,147035,574,69,609,96,591,82,146972
658,147036,261,177,281,211,271,194,146973
658,147037,612,49,634,75,623,62,146974
658,147038,293,230,313,255,303,242,146975
658,147039,119,89,137,116,128,102,146976
658,147040,233,84,256,107,244,95,146977
658,147041,36,120,54,142,45,131,146978
658,147042,72,129,88,156,80,142,146979
658,147043,58,97,80,123,69,110,146980
658,147044,229,50,250,74,239,62,146981
658,147045,201,11,220,33,210,22,146982
658,147046,227,2,249,25,238,13,146983
658,147047,37,158,55,177,46,167,146984
658,147048,40,88,56,114,48,101,146985
658,147049,486,254,513,277,499,265,146986
658,147050,281,17,304,37,292,27,146987
658,147051,125,0,188,23,156,11,146988
658,147052,52,18,66,53,59,35,146989
658,147053,164,0,178,5,171,2,146990
658,147054,332,248,350,271,341,259,146991
658,147055,184,81,208,103,196,92,146992
658,147056,196,56,212,82,204,69,146993
658,147057,313,128,337,153,325,140,146994
658,147058,307,98,334,120,320,109,146995
658,147059,524,0,549,9,536,4,146996
658,147060,541,158,566,182,553,170,146997
658,147061,348,62,376,85,362,73,146998
658,147062,28,245,44,262,36,253,146999
658,147063,44,233,59,261,51,247,147000
658,147064,31,276,47,299,39,287,147001
658,147065,405,288,428,304,416,296,147002
658,147066,530,42,567,66,548,54,147003
658,147067,627,59,639,82,633,70,147004
658,147068,506,303,533,321,519,312,147005
658,147069,412,23,446,53,429,38,147006
658,147070,296,281,313,295,304,288,147007
658,147071,217,0,229,8,223,4,147008
658,147072,131,0,150,12,140,6,147009
658,147073,66,20,81,41,73,30,147010
658,147074,296,256,313,275,304,265,147011
658,147075,581,10,607,22,594,16,147012
658,147076,398,11,418,32,408,21,147013
658,147077,384,8,399,27,391,17,147014
659,147078,442,0,532,73,487,36,147015
659,147079,539,247,570,273,554,260,147016
659,147080,596,233,621,263,608,248,147017
659,147081,467,183,490,228,478,205,147018
659,147082,597,127,623,164,610,145,147019
659,147083,266,0,346,50,306,25,147020
659,147084,381,121,402,156,391,138,147021
659,147085,528,71,557,95,542,83,147022
659,147086,417,113,441,145,429,129,147023
659,147087,59,164,79,186,69,175,147024
659,147088,543,207,579,231,561,219,147025
659,147089,99,165,116,200,107,182,147026
659,147090,362,20,384,66,373,43,147027
659,147091,208,316,231,345,219,330,147028
659,147092,300,52,321,84,310,68,147029
659,147093,246,52,267,79,256,65,147030
659,147094,609,0,638,22,623,11,147031
659,147095,280,291,302,311,291,301,147032
659,147096,271,74,290,105,280,89,147033
659,147097,500,29,527,50,513,39,147034
659,147098,574,69,609,96,591,82,147035
659,147099,261,177,281,211,271,194,147036
659,147100,613,50,634,75,623,62,147037
659,147101,293,230,313,255,303,242,147038
659,147102,119,89,137,116,128,102,147039
659,147103,233,84,256,106,244,95,147040
659,147104,36,120,54,142,45,131,147041
659,147105,72,129,88,156,80,142,147042
659,147106,58,97,80,123,69,110,147043
659,147107,229,50,250,74,239,62,147044
659,147108,201,11,220,32,210,21,147045
659,147109,227,2,249,25,238,13,147046
659,147110,37,158,55,177,46,167,147047
659,147111,40,88,56,114,48,101,147048
659,147112,486,254,513,277,499,265,147049
659,147113,281,17,304,37,292,27,147050
659,147114,125,0,188,23,156,11,147051
659,147115,52,18,66,53,59,35,147052
659,147116,164,0,178,5,171,2,147053
659,147117,333,248,350,271,341,259,147054
659,147118,184,81,208,102,196,91,147055
659,147119,196,56,212,82,204,69,147056
659,147120,313,128,337,153,325,140,147057
659,147121,307,98,334,120,320,109,147058
659,147122,524,0,549,9,536,4,147059
659,147123,541,158,566,183,553,170,147060
659,147124,348,62,376,85,362,73,147061
659,147125,28,244,44,262,36,253,147062
659,147126,44,233,59,261,51,247,147063
659,147127,31,275,47,299,39,287,147064
659,147128,406,288,429,304,417,296,147065
659,147129,529,42,567,66,548,54,147066
659,147130,627,59,639,82,633,70,147067
659,147131,506,303,533,321,519,312,147068
659,147132,412,23,446,53,429,38,147069
659,147133,296,281,313,295,304,288,147070
659,147134,217,0,229,8,223,4,147071
659,147135,131,0,150,12,140,6,147072
659,147136,66,20,81,41,73,30,147073
659,147137,296,256,313,276,304,266,147074
659,147138,581,10,607,22,594,16,147075
659,147139,398,12,418,32,408,22,147076
659,147140,384,8,399,27,391,17,147077
659,147141,201,274,219,294,210,284,
660,147142,442,0,533,73,487,36,147078
660,147143,539,247,570,273,554,260,147079
660,147144,596,233,621,263,608,248,147080
660,147145,467,183,490,228,478,205,147081
660,147146,597,127,623,164,610,145,147082
660,147147,266,0,346,50,306,25,147083
660,147148,381,121,402,156,391,138,147084
660,147149,528,71,557,96,542,83,147085
660,147150,417,113,441,145,429,129,147086
660,147151,59,164,79,186,69,175,147087
660,147152,543,207,579,231,561,219,147088
660,147153,99,165,116,200,107,182,147089
660,147154,362,20,384,66,373,43,147090
660,147155,208,316,231,345,219,330,147091
660,147156,300,52,321,84,310,68,147092
660,147157,246,52,267,79,256,65,147093
660,147158,609,0,638,22,623,11,147094
660,147159,280,291,302,312,291,301,147095
660,147160,271,74,290,105,280,89,147096
660,147161,501,29,527,50,514,39,147097
660,147162,574,69,609,96,591,82,147098
660,147163,261,177,281,211,271,194,147099
660,147164,613,50,635,75,624,62,147100
660,147165,293,230,313,255,303,242,147101
660,147166,119,89,137,116,128,102,147102
660,147167,233,84,256,106,244,95,147103
660,147168,36,120,54,142,45,131,147104
660,147169,72,129,88,156,80,142,147105
660,147170,58,97,80,123,69,110,147106
660,147171,229,50,250,74,239,62,147107
660,147172,201,11,220,32,210,21,147108
660,147173,227,2,249,25,238,13,147109
660,147174,37,158,56,177,46,167,147110
660,147175,40,88,56,114,48,101,147111
660,147176,486,254,513,277,499,265,147112
660,147177,281,17,304,37,292,27,147113
660,147178,125,0,188,23,156,11,147114
660,147179,52,19,66,53,59,36,147115
660,147180,164,0,178,5,171,2,147116
660,147181,333,247,351,271,342,259,147117
660,147182,183,81,208,102,195,91,147118
660,147183,196,56,212,82,204,69,147119
660,147184,313,128,337,153,325,140,147120
660,147185,307,98,334,120,320,109,147121
660,147186,524,0,549,9,536,4,147122
660,147187,541,158,566,183,553,170,147123
660,147188,348,62,376,85,362,73,147124
660,147189,28,245,44,262,36,253,147125
660,147190,44,233,59,261,51,247,147126
660,147191,31,276,47,299,39,287,147127
660,147192,408,288,431,304,419,296,147128
660,147193,528,43,566,66,547,54,147129
660,147194,627,59,639,82,633,70,147130
660,147195,506,303,533,321,519,312,147131
660,147196,412,23,446,53,429,38,147132
660,147197,296,280,313,295,304,287,147133
660,147198,217,0,229,8,223,4,147134
660,147199,131,0,150,12,140,6,147135
660,147200,67,20,81,40,74,30,147136
660,147201,296,256,313,276,304,266,147137
660,147202,581,10,607,22,594,16,147138
660,147203,398,12,418,32,408,22,147139
660,147204,384,8,399,27,391,17,147140
660,147205,201,275,219,294,210,284,147141
661,147206,442,0,533,73,487,36,147142
661,147207,539,247,570,273,554,260,147143
661,147208,596,233,621,263,608,248,147144
661,147209,467,183,490,229,478,206,147145
661,147210,597,127,623,164,610,145,147146
661,147211,266,0,346,50,306,25,147147
661,147212,381,121,402,156,391,138,147148
661,147213,528,71,557,96,542,83,147149
661,147214,417,113,441,145,429,129,147150
661,147215,59,164,79,186,69,175,147151
661,147216,543,207,579,231,561,219,147152
661,147217,99,165,116,200,107,182,147153
661,147218,362,21,384,66,373,43,147154
661,147219,208,316,231,345,219,330,147155
661,147220,300,52,321,84,310,68,147156
661,147221,246,52,267,79,256,65,147157
661,147222,609,0,638,22,623,11,147158
661,147223,280,291,302,312,291,301,147159
661,147224,271,74,290,105,280,89,147160
661,147225,501,29,527,50,514,39,147161
661,147226,574,69,609,96,591,82,147162
661,147227,261,177,281,211,271,194,147163
661,147228,613,49,635,75,624,62,147164
661,147229,293,230,313,254,303,242,147165
661,147230,119,89,137,116,128,102,147166
661,147231,232,84,256,107,244,95,147167
661,147232,36,120,54,142,45,131,147168
661,147233,72,129,88,156,80,142,147169
661,147234,58,97,80,123,69,110,147170
661,147235,229,50,250,74,239,62,147171
661,147236,201,11,220,33,210,22,147172
661,147237,228,3,249,25,238,14,147173
661,147238,37,158,56,177,46,167,147174
661,147239,40,88,56,114,48,101,147175
661,147240,486,254,513,277,499,265,147176
661,147241,281,17,304,37,292,27,147177
661,147242,125,0,187,23,156,11,147178
661,147243,52,18,66,53,59,35,147179
661,147244,164,0,178,5,171,2,147180
661,147245,334,247,351,272,342,259,147181
661,147246,183,81,208,102,195,91,147182
661,147247,196,56,212,82,204,69,147183
661,147248,313,128,337,153,325,140,147184
661,147249,307,98,334,120,320,109,147185
661,147250,524,0,549,10,536,5,147186
661,147251,541,158,566,183,553,170,147187
661,147252,348,63,376,85,362,74,147188
661,147253,28,244,44,262,36,253,147189
661,147254,44,233,59,261,51,247,147190
661,147255,31,276,47,299,39,287,147191
661,147256,411,288,433,305,422,296,147192
661,147257,527,44,565,67,546,55,147193
661,147258,627,59,639,82,633,70,147194
661,147259,506,303,533,321,519,312,147195
661,147260,412,23,446,53,429,38,147196
661,147261,295,280,313,295,304,287,147197
661,147262,217,0,229,7,223,3,147198
661,147263,131,0,150,12,140,6,147199
661,147264,67,20,81,41,74,30,147200
661,147265,297,255,314,275,305,265,147201
661,147266,581,10,607,22,594,16,147202
661,147267,398,11,418,32,408,21,147203
661,147268,384,8,399,27,391,17,147204
661,147269,201,275,219,294,210,284,147205
662,147270,441,0,533,73,487,36,147206
662,147271,539,247,570,273,554,260,147207
662,147272,596,233,621,263,608,248,147208
662,147273,467,183,490,229,478,206,147209
662,147274,597,127,623,164,610,145,147210
662,147275,266,0,346,50,306,25,147211
662,147276,381,121,402,156,391,138,147212
662,147277,528,70,557,96,542,83,147213
662,147278,417,113,441,145,429,129,147214
662,147279,59,164,79,186,69,175,147215
662,147280,543,207,579,231,561,219,147216
662,147281,99,165,116,200,107,182,147217
662,147282,362,21,384,66,373,43,147218
662,147283,208,316,231,345,219,330,147219
662,147284,300,52,321,84,310,68,147220
662,147285,246,52,267,79,256,65,147221
662,147286,609,0,638,22,623,11,147222
662,147287,280,291,302,312,291,301,147223
662,147288,271,74,291,105,281,89,147224
662,147289,501,29,527,50,514,39,147225
662,147290,574,69,609,96,591,82,147226
662,147291,261,177,281,211,271,194,147227
662,147292,613,49,635,75,624,62,147228
662,147293,293,230,313,254,303,242,147229
662,147294,119,89,137,115,128,102,147230
662,147295,232,84,256,107,244,95,147231
662,147296,36,120,54,142,45,131,147232
662,147297,72,129,88,156,80,142,147233
662,147298,58,97,80,123,69,110,147234
662,147299,229,50,250,74,239,62,147235
662,147300,201,11,220,33,210,22,147236
662,147301,228,3,249,26,238,14,147237
662,147302,37,158,56,177,46,167,147238
662,147303,40,88,56,114,48,101,147239
662,147304,486,254,513,277,499,265,147240
662,147305,281,17,304,37,292,27,147241
662,147306,125,0,187,23,156,11,147242
662,147307,52,18,66,53,59,35,147243
662,147308,164,0,178,5,171,2,147244
662,147309,334,248,351,273,342,260,147245
662,147310,183,81,208,102,195,91,147246
662,147311,196,56,212,82,204,69,147247
662,147312,313,128,337,153,325,140,147248
662,147313,307,98,334,120,320,109,147249
662,147314,524,0,549,10,536,5,147250
662,147315,541,158,566,183,553,170,147251
662,147316,348,63,376,85,362,74,147252
662,147317,28,244,44,262,36,253,147253
662,147318,44,233,59,261,51,247,147254
662,147319,31,276,47,299,39,287,147255
662,147320,413,288,435,306,424,297,147256
662,147321,527,45,565,68,546,56,147257
662,147322,627,59,639,82,633,70,147258
662,147323,506,303,533,321,519,312,147259
662,147324,412,23,446,53,429,38,147260
662,147325,296,281,313,295,304,288,147261
662,147326,217,0,229,7,223,3,147262
662,147327,131,0,150,12,140,6,147263
662,147328,67,20,81,41,74,30,147264
662,147329,297,255,314,275,305,265,147265
662,147330,581,10,607,22,594,16,147266
662,147331,398,11,418,32,408,21,147267
662,147332,384,8,399,27,391,17,147268
662,147333,201,275,219,294,210,284,147269
662,147334,314,288,336,300,325,294,
663,147335,441,0,534,73,487,36,147270
663,147336,539,247,570,273,554,260,147271
663,147337,596,233,621,263,608,248,147272
663,147338,467,183,490,229,478,206,147273
663,147339,597,127,623,165,610,146,147274
663,147340,266,0,346,50,306,25,147275
663,147341,381,121,402,156,391,138,147276
663,147342,528,71,557,96,542,83,147277
663,147343,417,113,441,145,429,129,147278
663,147344,59,164,79,186,69,175,147279
663,147345,543,207,579,231,561,219,147280
663,147346,99,165,116,200,107,182,147281
663,147347,362,21,384,66,373,43,147282
663,147348,208,316,231,345,219,330,147283
663,147349,300,52,321,84,310,68,147284
663,147350,246,52,267,79,256,65,147285
663,147351,610,0,638,22,624,11,147286
663,147352,280,291,302,312,291,301,147287
663,147353,271,74,290,105,280,89,147288
663,147354,501,29,527,50,514,39,147289
663,147355,574,69,609,96,591,82,147290
663,147356,261,177,281,211,271,194,147291
663,147357,613,49,635,75,624,62,147292
663,147358,293,229,313,254,303,241,147293
663,147359,119,89,137,115,128,102,147294
663,147360,232,84,256,107,244,95,147295
663,147361,36,120,54,142,45,131,147296
663,147362,72,129,88,156,80,142,147297
663,147363,58,97,80,123,69,110,147298
663,147364,229,50,250,74,239,62,147299
663,147365,201,11,220,33,210,22,147300
663,147366,228,3,249,26,238,14,147301
663,147367,37,158,56,177,46,167,147302
663,147368,40,88,56,114,48,101,147303
663,147369,486,254,513,277,499,265,147304
663,147370,281,17,304,37,292,27,147305
663,147371,126,0,187,23,156,11,147306
663,147372,52,18,66,53,59,35,147307
663,147373,164,0,178,5,171,2,147308
663,147374,335,249,352,274,343,261,147309
663,147375,183,81,208,102,195,91,147310
663,147376,196,56,212,82,204,69,147311
663,147377,313,128,337,153,325,140,147312
663,147378,307,98,334,120,320,109,147313
663,147379,525,0,549,11,537,5,147314
663,147380,541,158,566,182,553,170,147315
663,147381,348,63,376,85,362,74,147316
663,147382,28,244,44,262,36,253,147317
663,147383,44,233,59,261,51,247,147318
663,147384,31,276,47,299,39,287,147319
663,147385,415,288,438,307,426,297,147320
663,147386,526,45,564,68,545,56,147321
663,147387,627,59,639,83,633,71,147322
663,147388,506,303,533,321,519,312,147323
663,147389,412,23,446,54,429,38,147324
663,147390,296,281,312,294,304,287,147325
663,147391,217,0,229,7,223,3,147326
663,147392,131,0,150,12,140,6,147327
663,147393,67,20,81,41,74,30,147328
663,147394,297,255,314,275,305,265,147329
663,147395,581,10,607,21,594,15,147330
663,147396,398,11,418,32,408,21,147331
663,147397,384,8,399,27,391,17,147332
663,147398,201,275,219,294,210,284,147333
663,147399,511,10,530,32,520,21,
664,147400,441,0,534,73,487,36,147335
664,147401,539,247,570,273,554,260,147336
664,147402,596,233,621,263,608,248,147337
664,147403,467,183,490,229,478,206,147338
664,147404,597,127,623,164,610,145,147339
664,147405,266,0,346,50,306,25,147340
664,147406,381,121,402,156,391,138,147341
664,147407,528,71,557,96,542,83,147342
664,147408,417,113,441,145,429,129,147343
664,147409,59,164,79,186,69,175,147344
664,147410,543,207,579,231,561,219,147345
664,147411,99,165,116,200,107,182,147346
664,147412,362,21,384,66,373,43,147347
664,147413,208,316,231,345,219,330,147348
664,147414,300,52,321,84,310,68,147349
664,147415,246,52,267,79,256,65,147350
664,147416,610,0,638,22,624,11,147351
664,147417,280,291,302,312,291,301,147352
664,147418,271,74,291,105,281,89,147353
664,147419,501,29,527,50,514,39,147354
664,147420,574,69,609,96,591,82,147355
664,147421,261,177,281,211,271,194,147356
664,147422,613,49,636,75,624,62,147357
664,147423,293,229,313,254,303,241,147358
664,147424,119,89,137,115,128,102,147359
664,147425,232,84,256,107,244,95,147360
664,147426,36,120,54,142,45,131,147361
664,147427,72,129,88,156,80,142,147362
664,147428,58,97,80,123,69,110,147363
664,147429,229,50,250,74,239,62,147364
664,147430,201,11,220,33,210,22,147365
664,147431,228,4,250,27,239,15,147366
664,147432,37,158,56,177,46,167,147367
664,147433,40,88,56,114,48,101,147368
664,147434,486,254,513,277,499,265,147369
664,147435,280,17,305,37,292,27,147370
664,147436,127,0,187,23,157,11,147371
664,147437,52,18,66,53,59,35,147372
664,147438,164,0,178,5,171,2,147373
664,147439,335,250,353,275,344,262,147374
664,147440,183,81,208,102,195,91,147375
664,147441,196,56,212,82,204,69,147376
664,147442,313,128,337,153,325,140,147377
664,147443,307,98,334,120,320,109,147378
664,147444,525,0,549,11,537,5,147379
664,147445,541,158,566,182,553,170,147380
664,147446,348,63,376,85,362,74,147381
664,147447,28,244,44,262,36,253,147382
664,147448,44,233,59,261,51,247,147383
664,147449,31,276,47,299,39,287,147384
664,147450,416,288,439,307,427,297,147385
664,147451,526,46,563,69,544,57,147386
664,147452,627,60,639,83,633,71,147387
664,147453,506,303,533,321,519,312,147388
664,147454,412,24,446,54,429,39,147389
664,147455,296,281,312,294,304,287,147390
664,147456,217,0,229,7,223,3,147391
664,147457,132,0,150,12,141,6,147392
664,147458,67,20,81,41,74,30,147393
664,147459,297,255,314,275,305,265,147394
664,147460,581,10,607,21,594,15,147395
664,147461,398,11,418,32,408,21,147396
664,147462,384,8,399,27,391,17,147397
664,147463,201,275,219,294,210,284,147398
664,147464,314,288,336,300,325,294,
665,147465,441,0,534,73,487,36,147400
665,147466,539,247,570,273,554,260,147401
665,147467,596,233,621,263,608,248,147402
665,147468,467,183,490,229,478,206,147403
665,147469,597,127,623,164,610,145,147404
665,147470,266,0,346,50,306,25,147405
665,147471,381,121,402,156,391,138,147406
665,147472,528,71,557,96,542,83,147407
665,147473,417,113,441,145,429,129,147408
665,147474,59,164,79,186,69,175,147409
665,147475,543,207,579,231,561,219,147410
665,147476,99,165,116,200,107,182,147411
665,147477,362,22,384,66,373,44,147412
665,147478,208,316,231,345,219,330,147413
665,147479,300,52,321,84,310,68,147414
665,147480,246,52,267,79,256,65,147415
665,147481,610,0,638,22,624,11,147416
665,147482,279,291,302,312,290,301,147417
665,147483,271,74,291,105,281,89,147418
665,147484,501,29,527,50,514,39,147419
665,147485,574,69,609,96,591,82,147420
665,147486,261,177,281,211,271,194,147421
665,147487,613,49,636,75,624,62,147422
665,147488,293,229,313,254,303,241,147423
665,147489,119,89,137,115,128,102,147424
665,147490,232,84,256,107,244,95,147425
665,147491,36,120,54,142,45,131,147426
665,147492,72,129,88,156,80,142,147427
665,147493,58,97,80,123,69,110,147428
665,147494,229,50,250,74,239,62,147429
665,147495,201,11,220,33,210,22,147430
665,147496,228,4,250,27,239,15,147431
665,147497,37,158,56,177,46,167,147432
665,147498,40,88,56,114,48,101,147433
665,147499,486,254,513,277,499,265,147434
665,147500,280,17,305,37,292,27,147435
665,147501,127,0,187,23,157,11,147436
665,147502,52,18,66,53,59,35,147437
665,147503,164,0,178,5,171,2,147438
665,147504,335,251,353,276,344,263,147439
665,147505,183,81,208,102,195,91,147440
665,147506,196,56,212,82,204,69,147441
665,147507,313,128,337,153,325,140,147442
665,147508,307,98,334,120,320,109,147443
665,147509,525,0,549,11,537,5,147444
665,147510,541,158,566,182,553,170,147445
665,147511,348,63,376,85,362,74,147446
665,147512,28,244,44,262,36,253,147447
665,147513,44,233,59,261,51,247,147448
665,147514,31,276,47,299,39,287,147449
665,147515,417,288,440,307,428,297,147450
665,147516,526,46,562,69,544,57,147451
665,147517,627,60,639,83,633,71,147452
665,147518,506,303,533,321,519,312,147453
665,147519,412,24,446,54,429,39,147454
665,147520,296,281,312,294,304,287,147455
665,147521,217,0,229,7,223,3,147456
665,147522,132,0,150,12,141,6,147457
665,147523,67,20,81,41,74,30,147458
665,147524,297,255,314,275,305,265,147459
665,147525,581,10,607,21,594,15,147460
665,147526,398,11,418,32,408,21,147461
665,147527,384,8,399,27,391,17,147462
665,147528,201,275,219,294,210,284,147463
665,147529,314,288,336,300,325,294,147464
666,147530,441,0,534,73,487,36,147465
666,147531,539,247,570,273,554,260,147466
666,147532,596,233,621,263,608,248,147467
666,147533,467,183,490,229,478,206,147468
666,147534,597,127,623,164,610,145,147469
666,147535,266,0,346,50,306,25,147470
666,147536,381,121,402,156,391,138,147471
666,147537,528,71,557,95,542,83,147472
666,147538,417,113,441,145,429,129,147473
666,147539,59,164,79,186,69,175,147474
666,147540,543,207,579,231,561,219,147475
666,147541,99,165,116,200,107,182,147476
666,147542,362,22,384,66,373,44,147477
666,147543,208,316,231,345,219,330,147478
666,147544,300,52,321,84,310,68,147479
666,147545,246,52,267,79,256,65,147480
666,147546,610,0,638,22,624,11,147481
666,147547,279,291,302,311,290,301,147482
666,147548,271,74,291,105,281,89,147483
666,147549,501,29,527,50,514,39,147484
666,147550,574,69,609,96,591,82,147485
666,147551,261,177,281,211,271,194,147486
666,147552,612,49,636,75,624,62,147487
666,147553,293,229,313,254,303,241,147488
666,147554,119,89,137,115,128,102,147489
666,147555,232,84,256,107,244,95,147490
666,147556,36,120,54,142,45,131,147491
666,147557,72,129,88,156,80,142,147492
666,147558,58,97,80,123,69,110,147493
666,147559,229,50,249,74,239,62,147494
666,147560,201,11,220,33,210,22,147495
666,147561,228,5,250,27,239,16,147496
666,147562,37,158,56,177,46,167,147497
666,147563,40,88,56,114,48,101,147498
666,147564,486,254,513,277,499,265,147499
666,147565,280,16,305,37,292,26,147500
666,147566,127,0,187,23,157,11,147501
666,147567,52,18,66,53,59,35,147502
666,147568,164,0,178,5,171,2,147503
666,147569,335,252,353,277,344,264,147504
666,147570,182,81,208,102,195,91,147505
666,147571,196,56,212,82,204,69,147506
666,147572,313,128,337,153,325,140,147507
666,147573,307,98,334,120,320,109,147508
666,147574,525,0,549,10,537,5,147509
666,147575,541,158,566,182,553,170,147510
666,147576,348,63,376,85,362,74,147511
666,147577,28,244,44,262,36,253,147512
666,147578,44,233,59,261,51,247,147513
666,147579,31,276,47,299,39,287,147514
666,147580,418,288,441,307,429,297,147515
666,147581,526,46,562,68,544,57,147516
666,147582,627,60,639,83,633,71,147517
666,147583,506,303,533,321,519,312,147518
666,147584,412,24,446,54,429,39,147519
666,147585,296,280,312,294,304,287,147520
666,147586,217,0,229,7,223,3,147521
666,147587,132,0,150,12,141,6,147522
666,147588,67,20,81,41,74,30,147523
666,147589,297,255,314,275,305,265,147524
666,147590,581,10,607,21,594,15,147525
666,147591,398,11,418,32,408,21,147526
666,147592,384,8,399,27,391,17,147527
666,147593,201,275,219,294,210,284,147528
666,147594,314,287,336,300,325,293,147529
667,147595,441,0,534,73,487,36,147530
667,147596,539,247,570,273,554,260,147531
667,147597,596,233,621,263,608,248,147532
667,147598,467,183,490,229,478,206,147533
667,147599,597,127,623,164,610,145,147534
667,147600,265,0,346,50,305,25,147535
667,147601,381,121,402,156,391,138,147536
667,147602,528,71,557,95,542,83,147537
667,147603,417,113,441,145,429,129,147538
667,147604,59,164,79,186,69,175,147539
667,147605,543,207,579,231,561,219,147540
667,147606,99,165,116,200,107,182,147541
667,147607,362,22,384,66,373,44,147542
667,147608,208,316,231,345,219,330,147543
667,147609,300,52,321,84,310,68,147544
667,147610,246,52,267,79,256,65,147545
667,147611,610,0,638,22,624,11,147546
667,147612,278,291,302,311,290,301,147547
667,147613,271,74,291,105,281,89,147548
667,147614,501,29,527,50,514,39,147549
667,147615,574,69,609,96,591,82,147550
667,147616,261,177,281,211,271,194,147551
667,147617,612,49,636,75,624,62,147552
667,147618,293,229,313,254,303,241,147553
667,147619,119,89,137,115,128,102,147554
667,147620,232,84,256,107,244,95,147555
667,147621,36,120,54,142,45,131,147556
667,147622,71,129,88,156,79,142,147557
667,147623,58,97,80,123,69,110,147558
667,147624,229,50,249,74,239,62,147559
667,147625,201,11,220,32,210,21,147560
667,147626,228,6,251,27,239,16,147561
667,147627,37,158,56,177,46,167,147562
667,147628,40,88,56,114,48,101,147563
667,147629,486,254,513,277,499,265,147564
667,147630,280,16,306,37,293,26,147565
667,147631,127,0,187,23,157,11,147566
667,147632,52,18,66,53,59,35,147567
667,147633,164,0,178,5,171,2,147568
667,147634,336,253,353,279,344,266,147569
667,147635,182,81,208,103,195,92,147570
667,147636,196,56,212,82,204,69,147571
667,147637,313,128,337,153,325,140,147572
667,147638,307,98,334,120,320,109,147573
667,147639,525,0,549,10,537,5,147574
667,147640,541,158,567,182,554,170,147575
667,147641,348,63,376,85,362,74,147576
667,147642,28,244,43,262,35,253,147577
667,147643,44,233,59,261,51,247,147578
667,147644,31,275,47,299,39,287,147579
667,147645,420,289,441,307,430,298,147580
667,147646,527,47,561,68,544,57,147581
667,147647,627,60,639,83,633,71,147582
667,147648,506,303,533,321,519,312,147583
667,147649,412,24,446,54,429,39,147584
667,147650,296,279,312,294,304,286,147585
667,147651,217,0,229,7,223,3,147586
667,147652,132,0,150,12,141,6,147587
667,147653,67,20,81,41,74,30,147588
667,147654,297,254,314,275,305,264,147589
667,147655,581,10,607,21,594,15,147590
667,147656,398,11,418,32,408,21,147591
667,147657,384,8,399,27,391,17,147592
667,147658,201,275,219,294,210,284,147593
667,147659,314,288,336,300,325,294,147594
667,147660,248,256,270,272,259,264,
668,147661,441,0,534,73,487,36,147595
668,147662,539,247,570,273,554,260,147596
668,147663,596,233,621,263,608,248,147597
668,147664,467,183,490,229,478,206,147598
668,147665,597,127,623,164,610,145,147599
668,147666,265,0,346,51,305,25,147600
668,147667,381,121,402,156,391,138,147601
668,147668,528,70,557,95,542,82,147602
668,147669,417,113,441,145,429,129,147603
668,147670,59,164,79,186,69,175,147604
668,147671,543,207,579,231,561,219,147605
668,147672,99,165,116,200,107,182,147606
668,147673,362,22,384,66,373,44,147607
668,147674,208,316,231,345,219,330,147608
668,147675,300,52,321,84,310,68,147609
668,147676,246,52,267,79,256,65,147610
668,147677,610,0,638,22,624,11,147611
668,147678,278,290,302,310,290,300,147612
668,147679,271,74,291,105,281,89,147613
668,147680,501,28,528,50,514,39,147614
668,147681,574,69,609,96,591,82,147615
668,147682,261,177,281,211,271,194,147616
668,147683,612,49,635,75,623,62,147617
668,147684,293,229,313,254,303,241,147618
668,147685,119,89,137,115,128,102,147619
668,147686,232,84,256,107,244,95,147620
668,147687,36,120,54,142,45,131,147621
668,147688,71,129,88,156,79,142,147622
668,147689,58,97,80,123,69,110,147623
668,147690,229,50,249,74,239,62,147624
668,147691,201,11,220,32,210,21,147625
668,147692,227,6,252,27,239,16,147626
668,147693,37,158,56,177,46,167,147627
668,147694,40,88,56,114,48,101,147628
668,147695,486,254,513,277,499,265,147629
668,147696,281,16,306,37,293,26,147630
668,147697,127,0,187,23,157,11,147631
668,147698,52,18,66,53,59,35,147632
668,147699,164,0,178,5,171,2,147633
668,147700,336,255,353,281,344,268,147634
668,147701,182,81,208,103,195,92,147635
668,147702,196,56,212,82,204,69,147636
668,147703,313,128,337,153,325,140,147637
668,147704,307,98,334,120,320,109,147638
668,147705,525,0,549,10,537,5,147639
668,147706,541,158,567,182,554,170,147640
668,147707,348,63,376,85,362,74,147641
668,147708,28,244,43,262,35,253,147642
668,147709,44,233,59,261,51,247,147643
668,147710,31,275,47,299,39,287,147644
668,147711,421,290,442,307,431,298,147645
668,147712,526,47,559,68,542,57,147646
668,147713,627,60,639,83,633,71,147647
668,147714,506,303,533,321,519,312,147648
668,147715,412,24,446,54,429,39,147649
668,147716,296,278,312,294,304,286,147650
668,147717,217,0,229,7,223,3,147651
668,147718,132,0,150,12,141,6,147652
668,147719,67,20,81,41,74,30,147653
668,147720,297,255,314,276,305,265,147654
668,147721,581,10,607,22,594,16,147655
668,147722,398,12,418,32,408,22,147656
668,147723,384,9,399,27,391,18,147657
668,147724,201,275,219,294,210,284,147658
668,147725,314,288,337,301,325,294,147659
668,147726,247,256,269,272,258,264,147660
669,147727,442,0,533,73,487,36,147661
669,147728,539,247,570,273,554,260,147662
669,147729,596,233,621,263,608,248,147663
669,147730,467,183,490,229,478,206,147664
669,147731,597,127,623,164,610,145,147665
669,147732,265,0,346,50,305,25,147666
669,147733,381,121,402,156,391,138,147667
669,147734,528,70,557,95,542,82,147668
669,147735,417,113,441,145,429,129,147669
669,147736,59,164,79,186,69,175,147670
669,147737,543,207,579,231,561,219,147671
669,147738,99,165,116,200,107,182,147672
669,147739,362,22,384,66,373,44,147673
669,147740,208,316,231,346,219,331,147674
669,147741,300,52,321,84,310,68,147675
669,147742,246,52,267,79,256,65,147676
669,147743,610,0,638,22,624,11,147677
669,147744,277,290,302,309,289,299,147678
669,147745,271,74,291,105,281,89,147679
669,147746,501,28,528,50,514,39,147680
669,147747,573,69,609,96,591,82,147681
669,147748,261,177,281,211,271,194,147682
669,147749,612,48,635,75,623,61,147683
669,147750,293,229,313,254,303,241,147684
669,147751,119,89,137,115,128,102,147685
669,147752,232,84,256,107,244,95,147686
669,147753,36,120,54,142,45,131,147687
669,147754,71,129,88,156,79,142,147688
669,147755,58,97,80,123,69,110,147689
669,147756,229,50,249,74,239,62,147690
669,147757,201,11,220,32,210,21,147691
669,147758,227,6,252,27,239,16,147692
669,147759,37,158,56,177,46,167,147693
669,147760,40,88,56,114,48,101,147694
669,147761,486,254,513,277,499,265,147695
669,147762,281,17,307,37,294,27,147696
669,147763,127,0,187,23,157,11,147697
669,147764,52,18,66,53,59,35,147698
669,147765,164,0,178,5,171,2,147699
669,147766,336,256,353,282,344,269,147700
669,147767,182,81,208,103,195,92,147701
669,147768,196,56,212,82,204,69,147702
669,147769,313,128,337,153,325,140,147703
669,147770,307,98,334,120,320,109,147704
669,147771,525,0,549,10,537,5,147705
669,147772,541,158,567,182,554,170,147706
669,147773,348,63,376,85,362,74,147707
669,147774,28,244,43,262,35,253,147708
669,147775,44,234,59,261,51,247,147709
669,147776,31,275,47,299,39,287,147710
669,147777,423,291,443,307,433,299,147711
669,147778,524,47,557,68,540,57,147712
669,147779,627,60,639,84,633,72,147713
669,147780,506,303,533,321,519,312,147714
669,147781,412,24,446,54,429,39,147715
669,147782,296,278,312,294,304,286,147716
669,147783,217,0,229,7,223,3,147717
669,147784,132,0,150,12,141,6,147718
669,147785,67,20,81,41,74,30,147719
669,147786,297,255,314,276,305,265,147720
669,147787,581,10,607,22,594,16,147721
669,147788,398,12,418,32,408,22,147722
669,147789,384,9,399,27,391,18,147723
669,147790,201,275,219,294,210,284,147724
669,147791,314,288,337,301,325,294,147725
669,147792,246,256,269,273,257,264,147726
670,147793,442,0,533,73,487,36,147727
670,147794,539,247,570,273,554,260,147728
670,147795,596,233,621,263,608,248,147729
670,147796,467,183,490,229,478,206,147730
670,147797,597,127,623,164,610,145,147731
670,147798,264,0,346,51,305,25,147732
670,147799,381,121,402,156,391,138,147733
670,147800,528,70,557,95,542,82,147734
670,147801,417,113,441,145,429,129,147735
670,147802,59,164,79,186,69,175,147736
670,147803,543,207,579,231,561,219,147737
670,147804,99,165,116,200,107,182,147738
670,147805,362,22,384,66,373,44,147739
670,147806,208,316,231,346,219,331,147740
670,147807,300,52,321,84,310,68,147741
670,147808,246,52,267,79,256,65,147742
670,147809,610,0,638,22,624,11,147743
670,147810,277,289,302,309,289,299,147744
670,147811,271,74,290,105,280,89,147745
670,147812,502,28,528,50,515,39,147746
670,147813,573,69,609,96,591,82,147747
670,147814,261,177,281,211,271,194,147748
670,147815,612,48,635,75,623,61,147749
670,147816,293,229,313,254,303,241,147750
670,147817,119,89,137,115,128,102,147751
670,147818,232,84,256,107,244,95,147752
670,147819,36,120,54,142,45,131,147753
670,147820,71,129,88,156,79,142,147754
670,147821,58,97,80,123,69,110,147755
670,147822,229,50,249,74,239,62,147756
670,147823,201,11,220,32,210,21,147757
670,147824,227,7,252,27,239,17,147758
670,147825,37,158,56,177,46,167,147759
670,147826,40,88,56,114,48,101,147760
670,147827,486,254,513,277,499,265,147761
670,147828,283,18,309,38,296,28,147762
670,147829,127,0,187,23,157,11,147763
670,147830,52,18,66,53,59,35,147764
670,147831,164,0,178,5,171,2,147765
670,147832,336,258,354,282,345,270,147766
670,147833,182,81,208,103,195,92,147767
670,147834,196,56,212,82,204,69,147768
670,147835,313,128,337,153,325,140,147769
670,147836,307,98,334,120,320,109,147770
670,147837,525,0,549,10,537,5,147771
670,147838,541,158,567,182,554,170,147772
670,147839,348,63,376,85,362,74,147773
670,147840,28,244,43,262,35,253,147774
670,147841,44,234,59,261,51,247,147775
670,147842,31,275,47,299,39,287,147776
670,147843,424,293,444,307,434,300,147777
670,147844,521,47,555,69,538,58,147778
670,147845,626,60,639,84,632,72,147779
670,147846,506,303,533,321,519,312,147780
670,147847,412,24,446,54,429,39,147781
670,147848,296,278,312,293,304,285,147782
670,147849,217,0,229,8,223,4,147783
670,147850,132,0,150,12,141,6,147784
670,147851,67,20,81,41,74,30,147785
670,147852,297,255,314,276,305,265,147786
670,147853,581,10,607,22,594,16,147787
670,147854,398,12,418,32,408,22,147788
670,147855,384,9,399,27,391,18,147789
670,147856,201,275,219,294,210,284,147790
670,147857,314,288,337,301,325,294,147791
670,147858,245,255,268,274,256,264,147792
671,147859,442,0,532,73,487,36,147793
671,147860,539,247,570,273,554,260,147794
671,147861,596,233,621,263,608,248,147795
671,147862,467,183,490,229,478,206,147796
671,147863,597,127,623,164,610,145,147797
671,147864,264,0,346,51,305,25,147798
671,147865,381,121,402,156,391,138,147799
671,147866,528,70,557,95,542,82,147800
671,147867,417,113,441,145,429,129,147801
671,147868,59,164,79,186,69,175,147802
671,147869,543,207,579,231,561,219,147803
671,147870,99,165,116,200,107,182,147804
671,147871,362,22,384,66,373,44,147805
671,147872,208,316,231,346,219,331,147806
671,147873,300,52,321,84,310,68,147807
671,147874,246,52,267,79,256,65,147808
671,147875,610,0,638,22,624,11,147809
671,147876,277,289,302,309,289,299,147810
671,147877,271,74,290,105,280,89,147811
671,147878,502,28,528,50,515,39,147812
671,147879,573,69,609,96,591,82,147813
671,147880,261,177,281,211,271,194,147814
671,147881,612,48,635,75,623,61,147815
671,147882,293,229,313,254,303,241,147816
671,147883,119,89,137,115,128,102,147817
671,147884,232,84,256,107,244,95,147818
671,147885,36,120,54,142,45,131,147819
671,147886,71,129,88,156,79,142,147820
671,147887,58,97,80,123,69,110,147821
671,147888,229,50,249,74,239,62,147822
671,147889,201,11,220,32,210,21,147823
671,147890,227,7,253,27,240,17,147824
671,147891,37,158,56,177,46,167,147825
671,147892,40,88,56,114,48,101,147826
671,147893,486,254,513,277,499,265,147827
671,147894,283,19,310,38,296,28,147828
671,147895,127,0,187,23,157,11,147829
671,147896,52,18,66,53,59,35,147830
671,147897,164,0,178,5,171,2,147831
671,147898,336,259,354,282,345,270,147832
671,147899,182,81,208,103,195,92,147833
671,147900,196,56,212,82,204,69,147834
671,147901,313,128,337,153,325,140,147835
671,147902,307,98,334,120,320,109,147836
671,147903,525,0,549,10,537,5,147837
671,147904,541,158,567,182,554,170,147838
671,147905,348,63,376,85,362,74,147839
671,147906,28,244,43,262,35,253,147840
671,147907,44,234,59,261,51,247,147841
671,147908,31,275,47,299,39,287,147842
671,147909,424,293,444,307,434,300,147843
671,147910,520,47,555,69,537,58,147844
671,147911,626,60,639,84,632,72,147845
671,147912,506,303,533,321,519,312,147846
671,147913,412,24,446,54,429,39,147847
671,147914,296,278,312,293,304,285,147848
671,147915,217,0,229,8,223,4,147849
671,147916,132,0,150,12,141,6,147850
671,147917,67,20,81,41,74,30,147851
671,147918,297,255,314,276,305,265,147852
671,147919,582,10,607,21,594,15,147853
671,147920,398,12,418,33,408,22,147854
671,147921,384,9,399,27,391,18,147855
671,147922,201,275,219,294,210,284,147856
671,147923,314,288,337,300,325,294,147857
671,147924,244,255,268,275,256,265,147858
672,147925,442,0,532,73,487,36,147859
672,147926,539,247,570,273,554,260,147860
672,147927,596,233,621,263,608,248,147861
672,147928,467,183,490,229,478,206,147862
672,147929,597,127,623,164,610,145,147863
672,147930,264,0,346,51,305,25,147864
672,147931,381,121,402,156,391,138,147865
672,147932,528,70,557,95,542,82,147866
672,147933,417,113,441,145,429,129,147867
672,147934,59,164,79,186,69,175,147868
672,147935,543,207,579,231,561,219,147869
672,147936,99,165,116,200,107,182,147870
672,147937,362,22,384,66,373,44,147871
672,147938,208,316,231,346,219,331,147872
672,147939,300,52,321,84,310,68,147873
672,147940,246,52,267,79,256,65,147874
672,147941,610,0,638,22,624,11,147875
672,147942,277,289,302,309,289,299,147876
672,147943,271,74,290,105,280,89,147877
672,147944,502,28,528,50,515,39,147878
672,147945,573,69,609,96,591,82,147879
672,147946,261,177,281,211,271,194,147880
672,147947,612,48,636,75,624,61,147881
672,147948,293,229,313,254,303,241,147882
672,147949,119,89,137,115,128,102,147883
672,147950,232,84,256,107,244,95,147884
672,147951,36,120,54,142,45,131,147885
672,147952,71,129,88,156,79,142,147886
672,147953,58,97,80,123,69,110,147887
672,147954,229,50,249,74,239,62,147888
672,147955,201,11,220,32,210,21,147889
672,147956,227,7,253,28,240,17,147890
672,147957,37,158,56,177,46,167,147891
672,147958,40,88,56,114,48,101,147892
672,147959,486,254,513,277,499,265,147893
672,147960,284,19,311,39,297,29,147894
672,147961,127,0,187,23,157,11,147895
672,147962,52,18,66,53,59,35,147896
672,147963,164,0,178,5,171,2,147897
672,147964,337,259,355,283,346,271,147898
672,147965,182,81,208,103,195,92,147899
672,147966,196,56,212,82,204,69,147900
672,147967,313,128,337,153,325,140,147901
672,147968,307,98,334,120,320,109,147902
672,147969,525,0,549,10,537,5,147903
672,147970,541,158,567,182,554,170,147904
672,147971,348,63,376,85,362,74,147905
672,147972,28,244,43,262,35,253,147906
672,147973,44,234,59,262,51,248,147907
672,147974,31,276,47,299,39,287,147908
672,147975,424,294,445,307,434,300,147909
672,147976,518,47,554,69,536,58,147910
672,147977,626,60,639,85,632,72,147911
672,147978,506,303,533,321,519,312,147912
672,147979,412,24,446,54,429,39,147913
672,147980,296,278,312,293,304,285,147914
672,147981,217,0,229,8,223,4,147915
672,147982,132,0,150,12,141,6,147916
672,147983,67,20,81,41,74,30,147917
672,147984,297,255,314,276,305,265,147918
672,147985,582,10,607,21,594,15,147919
672,147986,398,12,418,33,408,22,147920
672,147987,384,9,399,27,391,18,147921
672,147988,201,275,219,294,210,284,147922
672,147989,314,288,337,300,325,294,147923
672,147990,243,255,267,273,255,264,147924
673,147991,442,0,532,73,487,36,147925
673,147992,539,247,570,273,554,260,147926
673,147993,596,233,621,263,608,248,147927
673,147994,467,183,490,229,478,206,147928
673,147995,597,127,623,164,610,145,147929
673,147996,264,0,346,51,305,25,147930
673,147997,381,121,402,156,391,138,147931
673,147998,528,70,557,95,542,82,147932
673,147999,417,113,441,145,429,129,147933
673,148000,59,164,79,186,69,175,147934
673,148001,543,207,579,231,561,219,147935
673,148002,99,165,116,200,107,182,147936
673,148003,362,22,384,66,373,44,147937
673,148004,208,316,231,346,219,331,147938
673,148005,300,52,321,84,310,68,147939
673,148006,246,52,267,79,256,65,147940
673,148007,610,0,638,22,624,11,147941
673,148008,277,289,302,309,289,299,147942
673,148009,271,74,290,105,280,89,147943
673,148010,502,28,527,50,514,39,147944
673,148011,573,69,609,96,591,82,147945
673,148012,261,177,281,211,271,194,147946
673,148013,612,48,636,75,624,61,147947
673,148014,293,229,313,254,303,241,147948
673,148015,119,89,137,115,128,102,147949
673,148016,232,84,256,107,244,95,147950
673,148017,36,120,54,142,45,131,147951
673,148018,71,129,88,156,79,142,147952
673,148019,58,97,80,123,69,110,147953
673,148020,229,50,250,74,239,62,147954
673,148021,201,11,220,32,210,21,147955
673,148022,227,7,253,28,240,17,147956
673,148023,37,158,56,177,46,167,147957
673,148024,40,88,56,114,48,101,147958
673,148025,486,254,513,277,499,265,147959
673,148026,284,20,313,40,298,30,147960
673,148027,127,0,187,23,157,11,147961
673,148028,52,18,66,53,59,35,147962
673,148029,164,0,178,5,171,2,147963
673,148030,337,260,357,283,347,271,147964
673,148031,182,81,208,103,195,92,147965
673,148032,196,56,212,82,204,69,147966
673,148033,313,128,337,153,325,140,147967
673,148034,307,98,334,120,320,109,147968
673,148035,525,0,549,10,537,5,147969
673,148036,541,158,567,182,554,170,147970
673,148037,348,63,376,85,362,74,147971
673,148038,28,244,43,262,35,253,147972
673,148039,44,234,59,262,51,248,147973
673,148040,31,276,47,299,39,287,147974
673,148041,425,294,445,307,435,300,147975
673,148042,516,47,553,69,534,58,147976
673,148043,626,60,639,85,632,72,147977
673,148044,506,303,533,321,519,312,147978
673,148045,412,24,446,54,429,39,147979
673,148046,296,279,312,293,304,286,147980
673,148047,217,0,229,8,223,4,147981
673,148048,132,0,150,12,141,6,147982
673,148049,67,20,81,41,74,30,147983
673,148050,297,255,314,276,305,265,147984
673,148051,581,10,607,21,594,15,147985
673,148052,398,12,418,33,408,22,147986
673,148053,384,9,399,27,391,18,147987
673,148054,201,275,219,294,210,284,147988
673,148055,314,288,337,300,325,294,147989
674,148056,442,0,532,73,487,36,147991
674,148057,539,247,570,273,554,260,147992
674,148058,596,233,621,263,608,248,147993
674,148059,467,183,490,229,478,206,147994
674,148060,597,127,623,164,610,145,147995
674,148061,264,0,346,51,305,25,147996
674,148062,381,121,402,156,391,138,147997
674,148063,528,70,557,95,542,82,147998
674,148064,417,113,441,145,429,129,147999
674,148065,59,164,79,186,69,175,148000
674,148066,543,207,579,231,561,219,148001
674,148067,99,165,116,200,107,182,148002
674,148068,362,22,384,66,373,44,148003
674,148069,208,316,231,346,219,331,148004
674,148070,300,52,321,84,310,68,148005
674,148071,246,52,267,79,256,65,148006
674,148072,610,0,638,22,624,11,148007
674,148073,277,288,301,309,289,298,148008
674,148074,271,74,290,105,280,89,148009
674,148075,502,28,528,50,515,39,148010
674,148076,573,69,609,96,591,82,148011
674,148077,261,177,281,211,271,194,148012
674,148078,612,48,636,75,624,61,148013
674,148079,293,229,313,254,303,241,148014
674,148080,119,89,137,115,128,102,148015
674,148081,232,84,256,107,244,95,148016
674,148082,36,120,54,142,45,131,148017
674,148083,71,129,88,156,79,142,148018
674,148084,58,97,80,123,69,110,148019
674,148085,229,50,250,74,239,62,148020
674,148086,201,11,220,32,210,21,148021
674,148087,228,7,252,28,240,17,148022
674,148088,37,158,56,177,46,167,148023
674,148089,40,88,56,114,48,101,148024
674,148090,486,254,513,277,499,265,148025
674,148091,284,20,313,41,298,30,148026
674,148092,127,0,187,23,157,11,148027
674,148093,52,18,66,53,59,35,148028
674,148094,164,0,178,5,171,2,148029
674,148095,338,261,357,284,347,272,148030
674,148096,182,81,208,103,195,92,148031
674,148097,196,56,212,82,204,69,148032
674,148098,313,128,337,153,325,140,148033
674,148099,307,98,334,120,320,109,148034
674,148100,525,0,549,10,537,5,148035
674,148101,541,158,567,182,554,170,148036
674,148102,348,63,376,85,362,74,148037
674,148103,28,244,44,262,36,253,148038
674,148104,44,233,59,262,51,247,148039
674,148105,31,276,47,299,39,287,148040
674,148106,425,294,446,307,435,300,148041
674,148107,516,47,551,69,533,58,148042
674,148108,626,60,639,85,632,72,148043
674,148109,506,303,533,321,519,312,148044
674,148110,412,24,446,54,429,39,148045
674,148111,295,280,312,294,303,287,148046
674,148112,217,0,229,8,223,4,148047
674,148113,132,0,150,12,141,6,148048
674,148114,67,20,81,41,74,30,148049
674,148115,297,255,314,275,305,265,148050
674,148116,581,10,607,21,594,15,148051
674,148117,398,12,419,33,408,22,148052
674,148118,384,9,399,27,391,18,148053
674,148119,201,275,219,294,210,284,148054
674,148120,314,288,337,301,325,294,148055
675,148121,442,0,532,73,487,36,148056
675,148122,539,247,570,273,554,260,148057
675,148123,596,233,621,263,608,248,148058
675,148124,467,183,490,229,478,206,148059
675,148125,597,127,623,164,610,145,148060
675,148126,264,0,346,52,305,26,148061
675,148127,381,121,402,156,391,138,148062
675,148128,528,70,557,95,542,82,148063
675,148129,417,113,441,145,429,129,148064
675,148130,59,164,79,186,69,175,148065
675,148131,543,207,579,231,561,219,148066
675,148132,99,165,116,200,107,182,148067
675,148133,362,22,384,66,373,44,148068
675,148134,208,316,231,346,219,331,148069
675,148135,300,52,321,84,310,68,148070
675,148136,246,52,267,79,256,65,148071
675,148137,610,0,638,22,624,11,148072
675,148138,278,288,301,309,289,298,148073
675,148139,271,74,290,105,280,89,148074
675,148140,501,28,527,49,514,38,148075
675,148141,573,69,609,96,591,82,148076
675,148142,261,177,281,211,271,194,148077
675,148143,612,48,636,75,624,61,148078
675,148144,293,229,313,254,303,241,148079
675,148145,119,89,137,115,128,102,148080
675,148146,232,84,256,107,244,95,148081
675,148147,36,120,54,142,45,131,148082
675,148148,71,129,88,156,79,142,148083
675,148149,58,97,80,123,69,110,148084
675,148150,229,50,250,74,239,62,148085
675,148151,201,11,220,32,210,21,148086
675,148152,228,7,252,28,240,17,148087
675,148153,37,158,56,177,46,167,148088
675,148154,40,88,56,114,48,101,148089
675,148155,486,254,513,277,499,265,148090
675,148156,284,21,314,41,299,31,148091
675,148157,127,0,188,23,157,11,148092
675,148158,52,18,66,53,59,35,148093
675,148159,164,0,178,5,171,2,148094
675,148160,339,262,358,285,348,273,148095
675,148161,182,81,208,103,195,92,148096
675,148162,196,56,212,82,204,69,148097
675,148163,313,128,337,153,325,140,148098
675,148164,307,98,334,120,320,109,148099
675,148165,525,0,549,10,537,5,148100
675,148166,541,158,567,182,554,170,148101
675,148167,348,63,376,85,362,74,148102
675,148168,28,244,44,262,36,253,148103
675,148169,44,234,59,262,51,248,148104
675,148170,31,276,47,299,39,287,148105
675,148171,425,294,446,307,435,300,148106
675,148172,516,47,549,69,532,58,148107
675,148173,626,60,639,85,632,72,148108
675,148174,506,303,533,321,519,312,148109
675,148175,412,24,446,54,429,39,148110
675,148176,295,280,312,294,303,287,148111
675,148177,217,0,229,8,223,4,148112
675,148178,132,0,150,12,141,6,148113
675,148179,67,20,81,41,74,30,148114
675,148180,297,255,314,274,305,264,148115
675,148181,582,10,607,21,594,15,148116
675,148182,398,12,419,33,408,22,148117
675,148183,384,9,399,27,391,18,148118
675,148184,201,275,219,294,210,284,148119
675,148185,450,302,475,322,462,312,
676,148186,442,0,532,73,487,36,148121
676,148187,539,247,570,273,554,260,148122
676,148188,596,233,621,263,608,248,148123
676,148189,467,183,490,229,478,206,148124
676,148190,597,127,623,164,610,145,148125
676,148191,264,0,346,52,305,26,148126
676,148192,381,121,402,156,391,138,148127
676,148193,528,70,557,95,542,82,148128
676,148194,417,113,441,145,429,129,148129
676,148195,59,164,79,186,69,175,148130
676,148196,543,207,579,231,561,219,148131
676,148197,99,165,116,200,107,182,148132
676,148198,362,21,384,66,373,43,148133
676,148199,208,316,231,345,219,330,148134
676,148200,300,53,321,84,310,68,148135
676,148201,246,52,267,79,256,65,148136
676,148202,610,0,638,22,624,11,148137
676,148203,278,288,301,309,289,298,148138
676,148204,271,74,290,105,280,89,148139
676,148205,501,28,527,49,514,38,148140
676,148206,573,69,609,96,591,82,148141
676,148207,261,177,281,211,271,194,148142
676,148208,612,48,636,75,624,61,148143
676,148209,293,229,313,254,303,241,148144
676,148210,119,89,137,115,128,102,148145
676,148211,232,84,256,107,244,95,148146
676,148212,36,120,54,142,45,131,148147
676,148213,71,129,88,156,79,142,148148
676,148214,58,97,80,123,69,110,148149
676,148215,229,50,250,74,239,62,148150
676,148216,201,11,220,32,210,21,148151
676,148217,228,7,252,28,240,17,148152
676,148218,37,158,56,177,46,167,148153
676,148219,40,88,56,114,48,101,148154
676,148220,486,254,513,277,499,265,148155
676,148221,284,21,314,41,299,31,148156
676,148222,127,0,188,23,157,11,148157
676,148223,52,18,66,53,59,35,148158
676,148224,164,0,178,5,171,2,148159
676,148225,339,262,359,286,349,274,148160
676,148226,182,81,208,103,195,92,148161
676,148227,196,56,212,82,204,69,148162
676,148228,313,128,337,153,325,140,148163
676,148229,307,98,334,120,320,109,148164
676,148230,525,0,549,9,537,4,148165
676,148231,541,158,567,182,554,170,148166
676,148232,348,63,376,85,362,74,148167
676,148233,28,244,44,262,36,253,148168
676,148234,44,234,59,262,51,248,148169
676,148235,31,276,47,299,39,287,148170
676,148236,425,294,446,307,435,300,148171
676,148237,516,47,548,69,532,58,148172
676,148238,626,60,639,85,632,72,148173
676,148239,506,303,533,321,519,312,148174
676,148240,412,24,446,54,429,39,148175
676,148241,295,281,312,294,303,287,148176
676,148242,217,0,230,8,223,4,148177
676,148243,132,0,150,12,141,6,148178
676,148244,67,20,81,41,74,30,148179
676,148245,297,255,314,274,305,264,148180
676,148246,582,10,607,21,594,15,148181
676,148247,398,12,419,33,408,22,148182
676,148248,384,9,399,27,391,18,148183
676,148249,201,275,219,294,210,284,148184
676,148250,323,1,339,13,331,7,
676,148251,450,302,475,322,462,312,148185
677,148252,442,0,532,73,487,36,148186
677,148253,539,247,570,273,554,260,148187
677,148254,596,233,621,263,608,248,148188
677,148255,467,183,490,229,478,206,148189
677,148256,597,127,623,164,610,145,148190
677,148257,264,0,346,52,305,26,148191
677,148258,381,121,402,156,391,138,148192
677,148259,528,70,557,95,542,82,148193
677,148260,417,113,441,145,429,129,148194
677,148261,59,164,79,186,69,175,148195
677,148262,543,207,579,231,561,219,148196
677,148263,99,165,116,200,107,182,148197
677,148264,362,21,384,66,373,43,148198
677,148265,208,316,231,345,219,330,148199
677,148266,300,53,321,84,310,68,148200
677,148267,246,52,267,79,256,65,148201
677,148268,610,0,638,22,624,11,148202
677,148269,278,288,301,309,289,298,148203
677,148270,271,74,290,105,280,89,148204
677,148271,501,29,527,49,514,39,148205
677,148272,573,69,609,96,591,82,148206
677,148273,261,177,281,211,271,194,148207
677,148274,612,48,636,75,624,61,148208
677,148275,293,229,313,254,303,241,148209
677,148276,119,89,137,115,128,102,148210
677,148277,232,84,256,107,244,95,148211
677,148278,36,120,54,142,45,131,148212
677,148279,71,129,88,156,79,142,148213
677,148280,58,97,80,123,69,110,148214
677,148281,229,50,250,74,239,62,148215
677,148282,201,11,220,32,210,21,148216
677,148283,228,6,252,28,240,17,148217
677,148284,37,158,56,177,46,167,148218
677,148285,40,88,56,114,48,101,148219
677,148286,486,254,513,277,499,265,148220
677,148287,285,22,314,41,299,31,148221
677,148288,127,0,188,23,157,11,148222
677,148289,52,18,66,53,59,35,148223
677,148290,164,0,178,5,171,2,148224
677,148291,340,262,359,286,349,274,148225
677,148292,182,81,208,103,195,92,148226
677,148293,196,56,212,82,204,69,148227
677,148294,313,128,337,153,325,140,148228
677,148295,307,98,334,120,320,109,148229
677,148296,525,0,549,9,537,4,148230
677,148297,541,158,567,182,554,170,148231
677,148298,348,63,376,85,362,74,148232
677,148299,28,244,44,262,36,253,148233
677,148300,44,234,59,262,51,248,148234
677,148301,31,276,47,299,39,287,148235
677,148302,425,294,446,307,435,300,148236
677,148303,516,47,547,70,531,58,148237
677,148304,626,60,639,85,632,72,148238
677,148305,506,303,533,321,519,312,148239
677,148306,412,24,446,54,429,39,148240
677,148307,295,281,312,294,303,287,148241
677,148308,217,0,229,8,223,4,148242
677,148309,132,0,150,12,141,6,148243
677,148310,67,20,81,41,74,30,148244
677,148311,297,255,314,274,305,264,148245
677,148312,582,10,607,21,594,15,148246
677,148313,398,12,419,33,408,22,148247
677,148314,384,9,399,27,391,18,148248
677,148315,201,275,219,294,210,284,148249
677,148316,323,1,339,13,331,7,148250
678,148317,442,0,532,73,487,36,148252
678,148318,539,247,570,273,554,260,148253
678,148319,596,233,621,263,608,248,148254
678,148320,467,183,490,229,478,206,148255
678,148321,597,127,623,164,610,145,148256
678,148322,265,0,346,52,305,26,148257
678,148323,381,121,402,156,391,138,148258
678,148324,528,70,557,95,542,82,148259
678,148325,417,113,441,145,429,129,148260
678,148326,59,164,79,186,69,175,148261
678,148327,543,207,579,231,561,219,148262
678,148328,99,165,116,200,107,182,148263
678,148329,362,22,384,66,373,44,148264
678,148330,208,316,231,345,219,330,148265
678,148331,300,53,321,84,310,68,148266
678,148332,246,52,267,79,256,65,148267
678,148333,610,0,638,22,624,11,148268
678,148334,278,288,301,309,289,298,148269
678,148335,271,74,290,105,280,89,148270
678,148336,501,28,527,50,514,39,148271
678,148337,573,69,609,96,591,82,148272
678,148338,261,177,281,211,271,194,148273
678,148339,612,48,636,75,624,61,148274
678,148340,293,229,313,254,303,241,148275
678,148341,119,89,137,115,128,102,148276
678,148342,232,84,256,107,244,95,148277
678,148343,36,120,54,142,45,131,148278
678,148344,71,129,88,156,79,142,148279
678,148345,58,97,80,123,69,110,148280
678,148346,229,50,250,74,239,62,148281
678,148347,201,11,220,32,210,21,148282
678,148348,228,6,252,28,240,17,148283
678,148349,37,158,56,177,46,167,148284
678,148350,40,88,56,114,48,101,148285
678,148351,486,254,513,277,499,265,148286
678,148352,285,22,314,41,299,31,148287
678,148353,127,0,188,23,157,11,148288
678,148354,52,18,66,53,59,35,148289
678,148355,164,0,178,5,171,2,148290
678,148356,340,262,359,287,349,274,148291
678,148357,182,81,208,103,195,92,148292
678,148358,196,56,212,82,204,69,148293
678,148359,313,128,337,153,325,140,148294
678,148360,307,98,334,120,320,109,148295
678,148361,525,0,549,9,537,4,148296
678,148362,541,158,567,182,554,170,148297
678,148363,348,63,376,85,362,74,148298
678,148364,28,244,43,262,35,253,148299
678,148365,44,234,59,262,51,248,148300
678,148366,31,276,47,299,39,287,148301
678,148367,425,294,446,307,435,300,148302
678,148368,515,49,546,71,530,60,148303
678,148369,626,60,639,85,632,72,148304
678,148370,506,303,533,321,519,312,148305
678,148371,412,24,446,54,429,39,148306
678,148372,295,281,312,293,303,287,148307
678,148373,217,0,229,8,223,4,148308
678,148374,132,0,150,12,141,6,148309
678,148375,67,20,81,41,74,30,148310
678,148376,297,255,314,274,305,264,148311
678,148377,582,10,607,21,594,15,148312
678,148378,399,12,419,33,409,22,148313
678,148379,384,9,400,27,392,18,148314
678,148380,201,275,219,294,210,284,148315
678,148381,323,1,339,13,331,7,148316
679,148382,442,0,532,73,487,36,148317
679,148383,539,247,570,273,554,260,148318
679,148384,596,233,621,263,608,248,148319
679,148385,467,183,490,229,478,206,148320
679,148386,597,127,623,164,610,145,148321
679,148387,265,0,346,52,305,26,148322
679,148388,381,121,402,156,391,138,148323
679,148389,528,70,557,95,542,82,148324
679,148390,417,113,441,145,429,129,148325
679,148391,59,164,79,186,69,175,148326
679,148392,543,207,579,231,561,219,148327
679,148393,99,165,116,200,107,182,148328
679,148394,362,21,384,66,373,43,148329
679,148395,208,316,231,345,219,330,148330
679,148396,300,53,321,84,310,68,148331
679,148397,246,52,267,79,256,65,148332
679,148398,610,0,638,22,624,11,148333
679,148399,278,288,301,309,289,298,148334
679,148400,271,74,290,105,280,89,148335
679,148401,501,28,528,50,514,39,148336
679,148402,573,69,609,96,591,82,148337
679,148403,261,177,281,210,271,193,148338
679,148404,612,48,636,75,624,61,148339
679,148405,293,229,313,254,303,241,148340
679,148406,119,89,137,115,128,102,148341
679,148407,232,84,256,107,244,95,148342
679,148408,36,120,54,142,45,131,148343
679,148409,71,129,88,156,79,142,148344
679,148410,58,97,80,123,69,110,148345
679,148411,229,50,250,74,239,62,148346
679,148412,201,11,220,33,210,22,148347
679,148413,228,6,252,28,240,17,148348
679,148414,37,158,56,177,46,167,148349
679,148415,40,88,56,114,48,101,148350
679,148416,486,254,513,277,499,265,148351
679,148417,285,23,314,41,299,32,148352
679,148418,127,0,188,23,157,11,148353
679,148419,52,18,66,53,59,35,148354
679,148420,164,0,178,5,171,2,148355
679,148421,340,262,360,287,350,274,148356
679,148422,182,81,208,103,195,92,148357
679,148423,196,56,212,82,204,69,148358
679,148424,313,128,337,153,325,140,148359
679,148425,307,98,334,120,320,109,148360
679,148426,525,0,549,9,537,4,148361
679,148427,541,158,567,182,554,170,148362
679,148428,348,63,376,85,362,74,148363
679,148429,28,244,44,262,36,253,148364
679,148430,44,234,59,261,51,247,148365
679,148431,31,276,47,299,39,287,148366
679,148432,425,294,446,307,435,300,148367
679,148433,514,51,545,73,529,62,148368
679,148434,626,60,639,85,632,72,148369
679,148435,506,303,533,321,519,312,148370
679,148436,413,24,446,54,429,39,148371
679,148437,217,0,229,8,223,4,148373
679,148438,132,0,150,12,141,6,148374
679,148439,67,20,81,41,74,30,148375
679,148440,297,255,315,274,306,264,148376
679,148441,582,10,607,21,594,15,148377
679,148442,399,12,419,33,409,22,148378
679,148443,384,9,400,27,392,18,148379
679,148444,201,275,219,294,210,284,148380
679,148445,323,1,339,13,331,7,148381
680,148446,442,0,532,73,487,36,148382
680,148447,539,247,570,274,554,260,148383
680,148448,596,233,621,263,608,248,148384
680,148449,467,183,490,228,478,205,148385
680,148450,597,127,623,165,610,146,148386
680,148451,264,0,346,52,305,26,148387
680,148452,381,121,402,156,391,138,148388
680,148453,529,70,558,95,543,82,148389
680,148454,417,113,441,145,429,129,148390
680,148455,59,164,79,186,69,175,148391
680,148456,544,207,579,231,561,219,148392
680,148457,99,165,116,200,107,182,148393
680,148458,362,21,384,66,373,43,148394
680,148459,208,316,231,346,219,331,148395
680,148460,300,52,322,84,311,68,148396
680,148461,246,52,267,79,256,65,148397
680,148462,609,0,638,22,623,11,148398
680,148463,278,287,301,309,289,298,148399
680,148464,271,75,290,105,280,90,148400
680,148465,501,28,528,50,514,39,148401
680,148466,573,69,609,96,591,82,148402
680,148467,261,178,281,210,271,194,148403
680,148468,612,48,636,75,624,61,148404
680,148469,293,228,313,254,303,241,148405
680,148470,119,89,137,115,128,102,148406
680,148471,232,84,256,106,244,95,148407
680,148472,36,120,54,142,45,131,148408
680,148473,72,129,88,156,80,142,148409
680,148474,57,97,80,123,68,110,148410
680,148475,229,50,249,74,239,62,148411
680,148476,201,11,220,32,210,21,148412
680,148477,228,5,252,28,240,16,148413
680,148478,37,158,55,177,46,167,148414
680,148479,40,88,56,114,48,101,148415
680,148480,486,254,513,277,499,265,148416
680,148481,285,23,314,41,299,32,148417
680,148482,126,0,187,23,156,11,148418
680,148483,53,19,67,52,60,35,148419
680,148484,164,0,179,4,171,2,148420
680,148485,339,263,360,289,349,276,148421
680,148486,181,81,208,103,194,92,148422
680,148487,196,56,212,82,204,69,148423
680,148488,314,128,337,153,325,140,148424
680,148489,306,98,334,120,320,109,148425
680,148490,525,0,548,10,536,5,148426
680,148491,541,157,567,182,554,169,148427
680,148492,348,62,376,85,362,73,148428
680,148493,28,244,43,262,35,253,148429
680,148494,43,235,58,261,50,248,148430
680,148495,31,275,47,299,39,287,148431
680,148496,426,294,446,307,436,300,148432
680,148497,511,53,544,75,527,64,148433
680,148498,625,60,639,84,632,72,148434
680,148499,506,303,533,321,519,312,148435
680,148500,413,24,446,54,429,39,148436
680,148501,217,0,229,8,223,4,148437
680,148502,132,0,150,12,141,6,148438
680,148503,298,255,315,274,306,264,148440
680,148504,582,10,607,22,594,16,148441
680,148505,399,12,419,33,409,22,148442
680,148506,384,9,400,27,392,18,148443
680,148507,201,275,219,294,210,284,148444
681,148508,442,0,532,73,487,36,148446
681,148509,539,247,570,274,554,260,148447
681,148510,596,233,621,263,608,248,148448
681,148511,467,183,490,229,478,206,148449
681,148512,597,127,623,165,610,146,148450
681,148513,264,0,346,52,305,26,148451
681,148514,381,121,402,156,391,138,148452
681,148515,529,70,558,95,543,82,148453
681,148516,417,113,441,146,429,129,148454
681,148517,59,164,79,186,69,175,148455
681,148518,544,206,578,231,561,218,148456
681,148519,99,165,116,200,107,182,148457
681,148520,363,21,384,66,373,43,148458
681,148521,208,316,231,346,219,331,148459
681,148522,300,52,322,84,311,68,148460
681,148523,246,52,267,80,256,66,148461
681,148524,609,0,638,21,623,10,148462
681,148525,278,287,301,309,289,298,148463
681,148526,271,75,290,105,280,90,148464
681,148527,501,27,528,50,514,38,148465
681,148528,573,69,610,96,591,82,148466
681,148529,261,178,281,210,271,194,148467
681,148530,612,48,636,75,624,61,148468
681,148531,293,228,313,254,303,241,148469
681,148532,119,89,137,115,128,102,148470
681,148533,232,84,255,106,243,95,148471
681,148534,36,120,54,142,45,131,148472
681,148535,72,129,88,156,80,142,148473
681,148536,57,97,80,123,68,110,148474
681,148537,229,50,249,74,239,62,148475
681,148538,201,11,220,32,210,21,148476
681,148539,228,5,252,28,240,16,148477
681,148540,37,158,55,177,46,167,148478
681,148541,40,88,56,114,48,101,148479
681,148542,486,254,513,277,499,265,148480
681,148543,285,23,314,41,299,32,148481
681,148544,126,0,187,23,156,11,148482
681,148545,53,20,67,52,60,36,148483
681,148546,164,0,179,4,171,2,148484
681,148547,339,263,360,289,349,276,148485
681,148548,181,81,208,103,194,92,148486
681,148549,196,57,212,82,204,69,148487
681,148550,314,128,337,153,325,140,148488
681,148551,306,98,334,120,320,109,148489
681,148552,524,0,548,10,536,5,148490
681,148553,541,157,567,182,554,169,148491
681,148554,348,62,376,85,362,73,148492
681,148555,28,244,43,262,35,253,148493
681,148556,43,235,58,261,50,248,148494
681,148557,31,275,47,299,39,287,148495
681,148558,426,294,446,307,436,300,148496
681,148559,510,54,543,75,526,64,148497
681,148560,625,60,639,84,632,72,148498
681,148561,506,303,533,322,519,312,148499
681,148562,413,25,446,54,429,39,148500
681,148563,217,0,229,8,223,4,148501
681,148564,132,0,150,12,141,6,148502
681,148565,298,255,316,274,307,264,148503
681,148566,582,10,607,22,594,16,148504
681,148567,399,12,418,33,408,22,148505
681,148568,384,9,400,27,392,18,148506
681,148569,201,275,219,294,210,284,148507
682,148570,442,0,533,72,487,36,148508
682,148571,539,247,570,274,554,260,148509
682,148572,596,233,621,263,608,248,148510
682,148573,467,183,490,229,478,206,148511
682,148574,597,127,623,165,610,146,148512
682,148575,264,0,346,52,305,26,148513
682,148576,381,121,402,156,391,138,148514
682,148577,529,70,558,95,543,82,148515
682,148578,417,113,441,146,429,129,148516
682,148579,59,164,79,186,69,175,148517
682,148580,544,206,578,231,561,218,148518
682,148581,99,165,116,200,107,182,148519
682,148582,363,21,384,66,373,43,148520
682,148583,208,316,231,346,219,331,148521
682,148584,300,52,322,84,311,68,148522
682,148585,246,52,267,80,256,66,148523
682,148586,609,0,638,21,623,10,148524
682,148587,278,287,301,309,289,298,148525
682,148588,271,75,290,105,280,90,148526
682,148589,501,27,528,50,514,38,148527
682,148590,573,69,610,96,591,82,148528
682,148591,261,178,281,210,271,194,148529
682,148592,612,48,637,75,624,61,148530
682,148593,293,228,313,254,303,241,148531
682,148594,119,89,137,115,128,102,148532
682,148595,232,84,255,106,243,95,148533
682,148596,36,120,54,142,45,131,148534
682,148597,72,129,88,156,80,142,148535
682,148598,57,97,80,122,68,109,148536
682,148599,229,50,249,74,239,62,148537
682,148600,201,11,220,32,210,21,148538
682,148601,228,5,252,28,240,16,148539
682,148602,37,158,55,177,46,167,148540
682,148603,40,88,56,114,48,101,148541
682,148604,486,254,513,277,499,265,148542
682,148605,285,23,314,41,299,32,148543
682,148606,125,0,186,23,155,11,148544
682,148607,53,20,67,52,60,36,148545
682,148608,164,0,179,4,171,2,148546
682,148609,338,263,360,289,349,276,148547
682,148610,181,81,209,103,195,92,148548
682,148611,196,57,212,82,204,69,148549
682,148612,314,128,337,153,325,140,148550
682,148613,306,98,334,121,320,109,148551
682,148614,524,0,548,10,536,5,148552
682,148615,541,157,567,182,554,169,148553
682,148616,348,62,376,85,362,73,148554
682,148617,28,244,43,262,35,253,148555
682,148618,43,235,58,261,50,248,148556
682,148619,31,275,47,299,39,287,148557
682,148620,426,294,446,307,436,300,148558
682,148621,510,54,543,75,526,64,148559
682,148622,626,61,639,84,632,72,148560
682,148623,506,303,533,322,519,312,148561
682,148624,413,25,446,54,429,39,148562
682,148625,218,0,229,8,223,4,148563
682,148626,132,0,150,12,141,6,148564
682,148627,298,255,316,274,307,264,148565
682,148628,582,10,607,22,594,16,148566
682,148629,399,12,418,33,408,22,148567
682,148630,384,9,400,27,392,18,148568
682,148631,201,275,219,294,210,284,148569
683,148632,442,0,532,72,487,36,148570
683,148633,539,247,570,274,554,260,148571
683,148634,596,233,621,263,608,248,148572
683,148635,467,183,490,229,478,206,148573
683,148636,597,127,623,165,610,146,148574
683,148637,264,0,346,52,305,26,148575
683,148638,381,121,402,156,391,138,148576
683,148639,529,70,558,95,543,82,148577
683,148640,417,113,441,146,429,129,148578
683,148641,59,164,79,186,69,175,148579
683,148642,544,206,578,231,561,218,148580
683,148643,99,165,116,200,107,182,148581
683,148644,363,21,384,66,373,43,148582
683,148645,208,316,231,346,219,331,148583
683,148646,300,52,322,84,311,68,148584
683,148647,246,52,267,80,256,66,148585
683,148648,609,0,638,22,623,11,148586
683,148649,278,287,301,309,289,298,148587
683,148650,271,75,290,105,280,90,148588
683,148651,501,27,528,50,514,38,148589
683,148652,573,69,610,96,591,82,148590
683,148653,261,178,281,210,271,194,148591
683,148654,612,48,636,75,624,61,148592
683,148655,293,228,313,254,303,241,148593
683,148656,119,89,137,115,128,102,148594
683,148657,232,84,255,107,243,95,148595
683,148658,36,120,54,142,45,131,148596
683,148659,72,129,88,156,80,142,148597
683,148660,57,97,80,122,68,109,148598
683,148661,229,50,249,74,239,62,148599
683,148662,201,11,220,32,210,21,148600
683,148663,228,5,252,28,240,16,148601
683,148664,37,158,55,177,46,167,148602
683,148665,40,88,56,114,48,101,148603
683,148666,486,254,513,277,499,265,148604
683,148667,286,23,315,41,300,32,148605
683,148668,125,0,186,23,155,11,148606
683,148669,53,20,67,52,60,36,148607
683,148670,164,0,179,4,171,2,148608
683,148671,181,81,209,103,195,92,148610
683,148672,196,57,212,82,204,69,148611
683,148673,314,128,337,153,325,140,148612
683,148674,306,98,334,121,320,109,148613
683,148675,524,0,548,10,536,5,148614
683,148676,541,157,567,182,554,169,148615
683,148677,348,62,376,85,362,73,148616
683,148678,28,244,43,262,35,253,148617
683,148679,43,235,58,261,50,248,148618
683,148680,31,275,47,299,39,287,148619
683,148681,426,293,446,307,436,300,148620
683,148682,509,55,542,77,525,66,148621
683,148683,625,61,639,84,632,72,148622
683,148684,506,303,533,322,519,312,148623
683,148685,413,25,446,54,429,39,148624
683,148686,218,0,229,8,223,4,148625
683,148687,132,0,150,12,141,6,148626
683,148688,299,255,318,274,308,264,148627
683,148689,582,10,607,22,594,16,148628
683,148690,399,12,418,33,408,22,148629
683,148691,384,9,400,27,392,18,148630
683,148692,201,275,219,294,210,284,148631
684,148693,442,0,533,72,487,36,148632
684,148694,539,247,570,274,554,260,148633
684,148695,596,233,621,263,608,248,148634
684,148696,467,183,490,229,478,206,148635
684,148697,597,127,623,165,610,146,148636
684,148698,264,0,346,52,305,26,148637
684,148699,381,121,402,156,391,138,148638
684,148700,528,70,558,95,543,82,148639
684,148701,417,113,441,146,429,129,148640
684,148702,59,164,79,186,69,175,148641
684,148703,544,206,578,231,561,218,148642
684,148704,99,165,116,200,107,182,148643
684,148705,362,21,384,66,373,43,148644
684,148706,208,316,231,346,219,331,148645
684,148707,300,52,322,84,311,68,148646
684,148708,246,52,267,80,256,66,148647
684,148709,609,0,638,22,623,11,148648
684,148710,279,287,301,308,290,297,148649
684,148711,271,75,290,105,280,90,148650
684,148712,501,26,528,50,514,38,148651
684,148713,573,69,609,96,591,82,148652
684,148714,261,178,281,210,271,194,148653
684,148715,612,48,637,75,624,61,148654
684,148716,293,227,313,254,303,240,148655
684,148717,119,89,137,115,128,102,148656
684,148718,232,84,255,107,243,95,148657
684,148719,36,120,54,141,45,130,148658
684,148720,72,129,88,156,80,142,148659
684,148721,57,97,80,123,68,110,148660
684,148722,229,50,249,74,239,62,148661
684,148723,201,11,220,32,210,21,148662
684,148724,228,6,252,28,240,17,148663
684,148725,37,158,55,177,46,167,148664
684,148726,40,88,56,114,48,101,148665
684,148727,486,254,513,277,499,265,148666
684,148728,286,22,315,41,300,31,148667
684,148729,126,0,186,23,156,11,148668
684,148730,53,20,67,52,60,36,148669
684,148731,164,0,179,4,171,2,148670
684,148732,181,81,208,103,194,92,148671
684,148733,196,56,212,82,204,69,148672
684,148734,314,128,337,153,325,140,148673
684,148735,306,98,334,121,320,109,148674
684,148736,524,0,548,10,536,5,148675
684,148737,541,157,567,182,554,169,148676
684,148738,348,62,376,85,362,73,148677
684,148739,28,244,43,262,35,253,148678
684,148740,43,235,58,260,50,247,148679
684,148741,31,275,47,299,39,287,148680
684,148742,426,293,446,307,436,300,148681
684,148743,509,57,540,79,524,68,148682
684,148744,626,61,639,84,632,72,148683
684,148745,506,303,533,321,519,312,148684
684,148746,413,25,446,54,429,39,148685
684,148747,217,0,229,8,223,4,148686
684,148748,132,0,150,12,141,6,148687
684,148749,301,256,320,274,310,265,148688
684,148750,582,10,607,22,594,16,148689
684,148751,399,12,418,33,408,22,148690
684,148752,384,9,401,27,392,18,148691
684,148753,242,252,267,268,254,260,
684,148754,339,264,360,288,349,276,
685,148755,442,0,533,72,487,36,148693
685,148756,539,247,570,274,554,260,148694
685,148757,596,233,621,263,608,248,148695
685,148758,467,183,490,229,478,206,148696
685,148759,597,127,623,165,610,146,148697
685,148760,264,0,346,52,305,26,148698
685,148761,381,121,402,156,391,138,148699
685,148762,528,70,558,95,543,82,148700
685,148763,417,113,441,146,429,129,148701
685,148764,59,164,79,186,69,175,148702
685,148765,544,206,578,231,561,218,148703
685,148766,99,165,116,200,107,182,148704
685,148767,362,21,385,66,373,43,148705
685,148768,208,316,231,346,219,331,148706
685,148769,300,52,322,84,311,68,148707
685,148770,246,52,267,80,256,66,148708
685,148771,609,0,638,22,623,11,148709
685,148772,279,287,301,308,290,297,148710
685,148773,271,74,290,104,280,89,148711
685,148774,501,26,528,50,514,38,148712
685,148775,573,69,609,96,591,82,148713
685,148776,261,178,281,210,271,194,148714
685,148777,612,48,637,75,624,61,148715
685,148778,293,227,313,254,303,240,148716
685,148779,119,89,137,115,128,102,148717
685,148780,232,84,255,107,243,95,148718
685,148781,36,120,54,141,45,130,148719
685,148782,72,129,88,156,80,142,148720
685,148783,57,97,80,123,68,110,148721
685,148784,229,50,249,74,239,62,148722
685,148785,201,11,220,32,210,21,148723
685,148786,228,6,253,28,240,17,148724
685,148787,37,158,55,177,46,167,148725
685,148788,40,88,56,114,48,101,148726
685,148789,486,254,513,277,499,265,148727
685,148790,286,22,315,41,300,31,148728
685,148791,126,0,186,23,156,11,148729
685,148792,53,20,67,52,60,36,148730
685,148793,164,0,179,4,171,2,148731
685,148794,181,81,208,103,194,92,148732
685,148795,196,56,212,82,204,69,148733
685,148796,314,128,337,153,325,140,148734
685,148797,306,98,334,121,320,109,148735
685,148798,524,0,548,10,536,5,148736
685,148799,541,157,567,182,554,169,148737
685,148800,348,62,376,85,362,73,148738
685,148801,28,244,43,262,35,253,148739
685,148802,43,235,58,260,50,247,148740
685,148803,31,275,47,299,39,287,148741
685,148804,427,294,446,308,436,301,148742
685,148805,508,59,539,81,523,70,148743
685,148806,626,61,639,84,632,72,148744
685,148807,505,303,533,321,519,312,148745
685,148808,413,25,446,54,429,39,148746
685,148809,218,0,229,8,223,4,148747
685,148810,132,0,150,12,141,6,148748
685,148811,304,256,324,274,314,265,148749
685,148812,582,10,607,22,594,16,148750
685,148813,399,12,418,33,408,22,148751
685,148814,384,9,401,27,392,18,148752
685,148815,340,264,360,288,350,276,148754
685,148816,201,275,219,294,210,284,
686,148817,442,0,533,72,487,36,148755
686,148818,539,247,570,274,554,260,148756
686,148819,596,233,621,263,608,248,148757
686,148820,467,183,490,229,478,206,148758
686,148821,597,127,623,165,610,146,148759
686,148822,264,0,346,52,305,26,148760
686,148823,381,121,402,156,391,138,148761
686,148824,528,70,557,95,542,82,148762
686,148825,417,113,441,145,429,129,148763
686,148826,59,164,79,186,69,175,148764
686,148827,544,206,578,231,561,218,148765
686,148828,99,165,116,200,107,182,148766
686,148829,362,21,385,66,373,43,148767
686,148830,208,316,231,346,219,331,148768
686,148831,300,52,322,84,311,68,148769
686,148832,246,52,267,80,256,66,148770
686,148833,609,0,638,22,623,11,148771
686,148834,278,287,301,308,289,297,148772
686,148835,271,74,290,104,280,89,148773
686,148836,501,25,528,50,514,37,148774
686,148837,573,69,609,96,591,82,148775
686,148838,261,178,281,210,271,194,148776
686,148839,612,48,637,75,624,61,148777
686,148840,293,227,313,254,303,240,148778
686,148841,119,89,137,115,128,102,148779
686,148842,232,84,255,107,243,95,148780
686,148843,36,120,54,141,45,130,148781
686,148844,72,129,88,156,80,142,148782
686,148845,57,97,80,123,68,110,148783
686,148846,229,50,249,74,239,62,148784
686,148847,201,11,220,32,210,21,148785
686,148848,228,6,254,28,241,17,148786
686,148849,37,158,55,177,46,167,148787
686,148850,40,88,56,114,48,101,148788
686,148851,486,254,513,277,499,265,148789
686,148852,287,22,315,41,301,31,148790
686,148853,126,0,185,23,155,11,148791
686,148854,52,20,67,52,59,36,148792
686,148855,164,0,179,4,171,2,148793
686,148856,182,81,208,103,195,92,148794
686,148857,196,56,212,82,204,69,148795
686,148858,314,128,337,153,325,140,148796
686,148859,306,98,334,121,320,109,148797
686,148860,524,0,549,10,536,5,148798
686,148861,541,157,567,182,554,169,148799
686,148862,348,62,376,85,362,73,148800
686,148863,28,244,43,262,35,253,148801
686,148864,43,235,58,260,50,247,148802
686,148865,31,275,47,299,39,287,148803
686,148866,427,294,446,308,436,301,148804
686,148867,508,60,537,82,522,71,148805
686,148868,626,62,639,84,632,73,148806
686,148869,504,303,533,321,518,312,148807
686,148870,413,25,446,54,429,39,148808
686,148871,217,0,229,8,223,4,148809
686,148872,132,0,150,12,141,6,148810
686,148873,307,256,329,273,318,264,148811
686,148874,582,10,607,22,594,16,148812
686,148875,398,12,418,33,408,22,148813
686,148876,384,9,401,27,392,18,148814
686,148877,340,264,360,288,350,276,148815
686,148878,201,275,219,294,210,284,148816
686,148879,239,252,267,268,253,260,
687,148880,442,0,533,73,487,36,148817
687,148881,539,247,570,274,554,260,148818
687,148882,596,233,621,263,608,248,148819
687,148883,467,183,490,229,478,206,148820
687,148884,597,127,623,165,610,146,148821
687,148885,264,0,346,53,305,26,148822
687,148886,381,121,402,156,391,138,148823
687,148887,528,70,557,95,542,82,148824
687,148888,417,113,441,145,429,129,148825
687,148889,59,164,79,186,69,175,148826
687,148890,544,206,578,231,561,218,148827
687,148891,99,165,116,200,107,182,148828
687,148892,362,21,385,66,373,43,148829
687,148893,208,316,231,346,219,331,148830
687,148894,300,52,322,84,311,68,148831
687,148895,246,52,267,80,256,66,148832
687,148896,610,0,638,22,624,11,148833
687,148897,278,287,301,308,289,297,148834
687,148898,271,74,290,104,280,89,148835
687,148899,501,25,529,51,515,38,148836
687,148900,573,69,609,96,591,82,148837
687,148901,261,178,281,210,271,194,148838
687,148902,612,48,637,75,624,61,148839
687,148903,293,227,313,254,303,240,148840
687,148904,119,89,137,115,128,102,148841
687,148905,232,84,255,107,243,95,148842
687,148906,36,120,54,141,45,130,148843
687,148907,72,129,88,156,80,142,148844
687,148908,57,97,80,123,68,110,148845
687,148909,229,50,249,74,239,62,148846
687,148910,201,11,220,33,210,22,148847
687,148911,228,6,255,27,241,16,148848
687,148912,37,158,55,177,46,167,148849
687,148913,40,88,56,115,48,101,148850
687,148914,486,254,513,277,499,265,148851
687,148915,286,22,316,41,301,31,148852
687,148916,126,0,185,23,155,11,148853
687,148917,52,20,67,52,59,36,148854
687,148918,164,0,179,4,171,2,148855
687,148919,182,81,208,103,195,92,148856
687,148920,196,56,212,82,204,69,148857
687,148921,314,128,337,153,325,140,148858
687,148922,306,98,334,121,320,109,148859
687,148923,524,0,549,9,536,4,148860
687,148924,541,157,567,182,554,169,148861
687,148925,348,62,376,85,362,73,148862
687,148926,28,244,43,262,35,253,148863
687,148927,43,235,58,260,50,247,148864
687,148928,31,275,47,299,39,287,148865
687,148929,427,294,446,307,436,300,148866
687,148930,506,60,536,82,521,71,148867
687,148931,626,62,639,84,632,73,148868
687,148932,504,303,533,321,518,312,148869
687,148933,413,25,446,54,429,39,148870
687,148934,217,0,229,8,223,4,148871
687,148935,132,0,150,12,141,6,148872
687,148936,310,255,332,272,321,263,148873
687,148937,582,10,607,22,594,16,148874
687,148938,398,12,418,33,408,22,148875
687,148939,384,9,401,27,392,18,148876
687,148940,340,264,360,287,350,275,148877
687,148941,239,252,267,268,253,260,148879
688,148942,442,0,533,73,487,36,148880
688,148943,539,247,570,274,554,260,148881
688,148944,596,233,621,263,608,248,148882
688,148945,467,183,490,229,478,206,148883
688,148946,597,127,623,165,610,146,148884
688,148947,264,0,346,53,305,26,148885
688,148948,381,121,402,156,391,138,148886
688,148949,529,70,557,95,543,82,148887
688,148950,417,113,441,145,429,129,148888
688,148951,59,164,79,186,69,175,148889
688,148952,544,206,578,230,561,218,148890
688,148953,99,165,116,200,107,182,148891
688,148954,362,21,385,66,373,43,148892
688,148955,208,316,231,346,219,331,148893
688,148956,300,52,322,84,311,68,148894
688,148957,246,52,267,80,256,66,148895
688,148958,610,0,638,22,624,11,148896
688,148959,278,287,301,308,289,297,148897
688,148960,271,74,290,104,280,89,148898
688,148961,501,25,529,51,515,38,148899
688,148962,573,69,609,96,591,82,148900
688,148963,261,178,281,210,271,194,148901
688,148964,612,48,636,75,624,61,148902
688,148965,293,227,313,254,303,240,148903
688,148966,119,89,137,115,128,102,148904
688,148967,232,84,255,107,243,95,148905
688,148968,36,120,54,141,45,130,148906
688,148969,72,129,88,156,80,142,148907
688,148970,57,97,80,123,68,110,148908
688,148971,229,50,249,74,239,62,148909
688,148972,201,11,220,33,210,22,148910
688,148973,228,6,255,27,241,16,148911
688,148974,37,158,55,177,46,167,148912
688,148975,40,88,56,115,48,101,148913
688,148976,486,254,513,277,499,265,148914
688,148977,286,22,316,41,301,31,148915
688,148978,126,0,185,23,155,11,148916
688,148979,52,20,67,52,59,36,148917
688,148980,164,0,179,4,171,2,148918
688,148981,182,81,208,103,195,92,148919
688,148982,196,56,212,82,204,69,148920
688,148983,314,128,337,153,325,140,148921
688,148984,306,98,334,121,320,109,148922
688,148985,525,0,549,9,537,4,148923
688,148986,541,157,567,182,554,169,148924
688,148987,348,62,376,85,362,73,148925
688,148988,28,244,43,262,35,253,148926
688,148989,43,235,58,260,50,247,148927
688,148990,31,275,47,299,39,287,148928
688,148991,427,294,446,307,436,300,148929
688,148992,505,60,535,82,520,71,148930
688,148993,626,62,639,84,632,73,148931
688,148994,504,303,533,322,518,312,148932
688,148995,413,25,446,54,429,39,148933
688,148996,217,0,229,8,223,4,148934
688,148997,132,0,150,12,141,6,148935
688,148998,312,255,333,272,322,263,148936
688,148999,582,10,607,22,594,16,148937
688,149000,398,12,418,33,408,22,148938
688,149001,384,9,401,27,392,18,148939
688,149002,340,264,360,287,350,275,148940
688,149003,239,252,267,268,253,260,148941
689,149004,442,0,533,73,487,36,148942
689,149005,539,247,570,274,554,260,148943
689,149006,596,233,621,263,608,248,148944
689,149007,467,183,490,229,478,206,148945
689,149008,597,127,623,165,610,146,148946
689,149009,264,0,346,53,305,26,148947
689,149010,381,121,402,156,391,138,148948
689,149011,528,70,557,95,542,82,148949
689,149012,417,113,441,145,429,129,148950
689,149013,59,164,79,186,69,175,148951
689,149014,544,206,578,230,561,218,148952
689,149015,99,165,116,200,107,182,148953
689,149016,362,21,385,66,373,43,148954
689,149017,208,316,231,346,219,331,148955
689,149018,300,52,322,84,311,68,148956
689,149019,246,52,267,80,256,66,148957
689,149020,610,0,638,22,624,11,148958
689,149021,278,287,301,308,289,297,148959
689,149022,271,74,290,104,280,89,148960
689,149023,501,25,529,51,515,38,148961
689,149024,573,69,609,96,591,82,148962
689,149025,261,178,281,210,271,194,148963
689,149026,612,48,636,75,624,61,148964
689,149027,293,227,313,254,303,240,148965
689,149028,119,89,137,115,128,102,148966
689,149029,232,84,255,106,243,95,148967
689,149030,36,120,54,141,45,130,148968
689,149031,72,129,88,156,80,142,148969
689,149032,57,97,80,123,68,110,148970
689,149033,229,50,249,74,239,62,148971
689,149034,201,11,220,33,210,22,148972
689,149035,228,6,255,26,241,16,148973
689,149036,37,158,55,177,46,167,148974
689,149037,40,88,56,115,48,101,148975
689,149038,486,254,513,277,499,265,148976
689,149039,286,22,316,41,301,31,148977
689,149040,126,0,185,23,155,11,148978
689,149041,52,20,67,52,59,36,148979
689,149042,164,0,179,4,171,2,148980
689,149043,182,81,208,103,195,92,148981
689,149044,196,56,212,82,204,69,148982
689,149045,314,128,337,153,325,140,148983
689,149046,306,98,334,121,320,109,148984
689,149047,525,0,549,9,537,4,148985
689,149048,541,157,568,182,554,169,148986
689,149049,348,62,376,85,362,73,148987
689,149050,28,244,43,262,35,253,148988
689,149051,43,235,58,260,50,247,148989
689,149052,31,275,47,299,39,287,148990
689,149053,427,294,446,307,436,300,148991
689,149054,503,60,535,82,519,71,148992
689,149055,626,62,639,84,632,73,148993
689,149056,504,303,533,322,518,312,148994
689,149057,413,25,446,54,429,39,148995
689,149058,217,0,229,8,223,4,148996
689,149059,132,0,150,12,141,6,148997
689,149060,313,254,335,271,324,262,148998
689,149061,582,10,607,22,594,16,148999
689,149062,398,12,418,33,408,22,149000
689,149063,384,9,401,27,392,18,149001
689,149064,340,264,360,288,350,276,149002
689,149065,239,252,267,268,253,260,149003
690,149066,442,0,533,73,487,36,149004
690,149067,539,247,570,274,554,260,149005
690,149068,596,233,621,263,608,248,149006
690,149069,467,183,490,229,478,206,149007
690,149070,597,127,623,165,610,146,149008
690,149071,264,0,346,53,305,26,149009
690,149072,381,121,402,156,391,138,149010
690,149073,529,70,557,95,543,82,149011
690,149074,417,113,441,145,429,129,149012
690,149075,59,164,79,186,69,175,149013
690,149076,544,206,578,230,561,218,149014
690,149077,99,165,116,200,107,182,149015
690,149078,362,21,385,66,373,43,149016
690,149079,208,316,231,346,219,331,149017
690,149080,300,52,322,84,311,68,149018
690,149081,246,52,267,80,256,66,149019
690,149082,610,0,638,22,624,11,149020
690,149083,278,287,301,308,289,297,149021
690,149084,271,74,290,104,280,89,149022
690,149085,500,25,529,51,514,38,149023
690,149086,573,69,609,96,591,82,149024
690,149087,261,178,281,210,271,194,149025
690,149088,612,48,637,75,624,61,149026
690,149089,293,227,313,254,303,240,149027
690,149090,119,89,137,115,128,102,149028
690,149091,232,84,255,106,243,95,149029
690,149092,36,120,54,141,45,130,149030
690,149093,72,129,88,156,80,142,149031
690,149094,57,97,80,123,68,110,149032
690,149095,229,50,249,74,239,62,149033
690,149096,201,11,220,33,210,22,149034
690,149097,228,6,255,26,241,16,149035
690,149098,37,158,55,177,46,167,149036
690,149099,40,88,56,115,48,101,149037
690,149100,486,254,513,277,499,265,149038
690,149101,286,22,316,41,301,31,149039
690,149102,126,0,185,23,155,11,149040
690,149103,52,20,67,52,59,36,149041
690,149104,164,0,179,4,171,2,149042
690,149105,181,81,208,103,194,92,149043
690,149106,196,56,212,82,204,69,149044
690,149107,314,128,337,153,325,140,149045
690,149108,306,98,334,121,320,109,149046
690,149109,525,0,549,9,537,4,149047
690,149110,541,157,568,182,554,169,149048
690,149111,348,62,376,85,362,73,149049
690,149112,28,244,43,262,35,253,149050
690,149113,43,235,58,260,50,247,149051
690,149114,31,275,47,299,39,287,149052
690,149115,427,293,446,307,436,300,149053
690,149116,500,60,534,82,517,71,149054
690,149117,626,62,639,85,632,73,149055
690,149118,504,303,533,322,518,312,149056
690,149119,413,25,446,54,429,39,149057
690,149120,217,0,229,8,223,4,149058
690,149121,132,0,150,12,141,6,149059
690,149122,315,253,339,269,327,261,149060
690,149123,582,10,607,22,594,16,149061
690,149124,398,12,418,33,408,22,149062
690,149125,384,9,401,27,392,18,149063
690,149126,340,264,360,288,350,276,149064
690,149127,239,252,266,269,252,260,149065
690,149128,201,275,219,294,210,284,
691,149129,442,0,533,73,487,36,149066
691,149130,539,247,570,274,554,260,149067
691,149131,596,233,621,263,608,248,149068
691,149132,467,183,490,229,478,206,149069
691,149133,597,127,623,165,610,146,149070
691,149134,264,0,346,53,305,26,149071
691,149135,381,121,402,156,391,138,149072
691,149136,529,70,557,95,543,82,149073
691,149137,417,113,441,146,429,129,149074
691,149138,59,164,79,186,69,175,149075
691,149139,544,206,578,231,561,218,149076
691,149140,99,165,116,200,107,182,149077
691,149141,362,21,385,66,373,43,149078
691,149142,208,316,231,346,219,331,149079
691,149143,300,52,322,84,311,68,149080
691,149144,246,52,267,80,256,66,149081
691,149145,610,0,638,21,624,10,149082
691,149146,278,287,302,308,290,297,149083
691,149147,271,75,290,104,280,89,149084
691,149148,500,25,529,51,514,38,149085
691,149149,573,69,609,96,591,82,149086
691,149150,261,178,281,210,271,194,149087
691,149151,612,48,637,76,624,62,149088
691,149152,293,227,313,254,303,240,149089
691,149153,119,89,137,115,128,102,149090
691,149154,233,84,255,106,244,95,149091
691,149155,36,120,54,141,45,130,149092
691,149156,72,129,88,156,80,142,149093
691,149157,57,97,80,123,68,110,149094
691,149158,229,50,249,74,239,62,149095
691,149159,201,11,220,33,210,22,149096
691,149160,227,6,256,26,241,16,149097
691,149161,37,158,56,177,46,167,149098
691,149162,40,88,56,115,48,101,149099
691,149163,486,254,513,277,499,265,149100
691,149164,286,22,316,40,301,31,149101
691,149165,127,0,185,23,156,11,149102
691,149166,52,20,67,52,59,36,149103
691,149167,164,0,179,4,171,2,149104
691,149168,181,81,208,104,194,92,149105
691,149169,196,56,212,82,204,69,149106
691,149170,314,128,337,153,325,140,149107
691,149171,306,98,334,121,320,109,149108
691,149172,525,0,549,9,537,4,149109
691,149173,541,157,568,182,554,169,149110
691,149174,348,62,376,85,362,73,149111
691,149175,28,244,43,262,35,253,149112
691,149176,43,235,58,260,50,247,149113
691,149177,31,275,47,299,39,287,149114
691,149178,427,294,446,307,436,300,149115
691,149179,499,60,533,81,516,70,149116
691,149180,626,62,639,85,632,73,149117
691,149181,504,303,534,322,519,312,149118
691,149182,412,25,446,54,429,39,149119
691,149183,217,0,229,8,223,4,149120
691,149184,132,0,150,12,141,6,149121
691,149185,319,251,342,268,330,259,149122
691,149186,582,10,607,22,594,16,149123
691,149187,398,12,418,33,408,22,149124
691,149188,384,9,401,27,392,18,149125
691,149189,340,265,360,287,350,276,149126
692,149190,442,0,533,73,487,36,149129
692,149191,540,247,570,274,555,260,149130
692,149192,596,233,621,263,608,248,149131
692,149193,467,183,490,229,478,206,149132
692,149194,597,127,623,165,610,146,149133
692,149195,265,0,346,53,305,26,149134
692,149196,381,121,402,156,391,138,149135
692,149197,528,70,557,95,542,82,149136
692,149198,417,113,441,146,429,129,149137
692,149199,59,164,79,186,69,175,149138
692,149200,544,206,578,231,561,218,149139
692,149201,99,165,116,200,107,182,149140
692,149202,362,21,385,66,373,43,149141
692,149203,208,316,231,346,219,331,149142
692,149204,300,52,322,84,311,68,149143
692,149205,246,52,267,80,256,66,149144
692,149206,610,0,638,21,624,10,149145
692,149207,278,287,302,308,290,297,149146
692,149208,271,75,290,104,280,89,149147
692,149209,500,26,529,51,514,38,149148
692,149210,573,69,609,96,591,82,149149
692,149211,261,178,281,210,271,194,149150
692,149212,612,48,638,76,625,62,149151
692,149213,293,227,312,254,302,240,149152
692,149214,119,89,137,115,128,102,149153
692,149215,233,84,255,106,244,95,149154
692,149216,36,120,54,141,45,130,149155
692,149217,72,129,88,156,80,142,149156
692,149218,57,97,80,123,68,110,149157
692,149219,229,50,249,74,239,62,149158
692,149220,201,11,220,33,210,22,149159
692,149221,227,6,256,26,241,16,149160
692,149222,37,158,56,177,46,167,149161
692,149223,40,88,56,115,48,101,149162
692,149224,486,254,513,277,499,265,149163
692,149225,286,22,316,40,301,31,149164
692,149226,127,0,185,23,156,11,149165
692,149227,52,20,67,52,59,36,149166
692,149228,164,0,179,4,171,2,149167
692,149229,181,81,208,103,194,92,149168
692,149230,196,56,212,82,204,69,149169
692,149231,314,128,337,153,325,140,149170
692,149232,306,98,334,121,320,109,149171
692,149233,524,0,549,9,536,4,149172
692,149234,541,157,568,182,554,169,149173
692,149235,348,62,376,85,362,73,149174
692,149236,29,245,43,262,36,253,149175
692,149237,43,235,58,260,50,247,149176
692,149238,31,275,47,299,39,287,149177
692,149239,426,293,447,308,436,300,149178
692,149240,498,60,531,81,514,70,149179
692,149241,626,62,639,85,632,73,149180
692,149242,504,303,534,322,519,312,149181
692,149243,412,25,446,54,429,39,149182
692,149244,217,0,229,8,223,4,149183
692,149245,133,0,150,12,141,6,149184
692,149246,323,249,346,267,334,258,149185
692,149247,582,10,607,22,594,16,149186
692,149248,398,12,418,33,408,22,149187
692,149249,384,9,401,27,392,18,149188
692,149250,340,264,360,287,350,275,149189
692,149251,0,237,6,258,3,247,
692,149252,449,302,475,323,462,312,
692,149253,238,252,265,269,251,260,
693,149254,442,0,533,73,487,36,149190
693,149255,540,247,570,274,555,260,149191
693,149256,596,233,621,263,608,248,149192
693,149257,467,183,490,229,478,206,149193
693,149258,597,127,623,165,610,146,149194
693,149259,265,0,346,53,305,26,149195
693,149260,381,121,402,156,391,138,149196
693,149261,528,70,557,95,542,82,149197
693,149262,417,113,441,146,429,129,149198
693,149263,59,164,80,186,69,175,149199
693,149264,544,206,578,231,561,218,149200
693,149265,99,165,116,200,107,182,149201
693,149266,362,20,385,66,373,43,149202
693,149267,208,316,231,346,219,331,149203
693,149268,300,52,322,84,311,68,149204
693,149269,246,52,267,80,256,66,149205
693,149270,610,0,638,21,624,10,149206
693,149271,278,287,302,308,290,297,149207
693,149272,271,75,290,104,280,89,149208
693,149273,500,26,529,51,514,38,149209
693,149274,573,69,609,96,591,82,149210
693,149275,261,178,281,210,271,194,149211
693,149276,612,48,637,76,624,62,149212
693,149277,293,227,313,254,303,240,149213
693,149278,119,89,137,115,128,102,149214
693,149279,233,84,255,106,244,95,149215
693,149280,36,120,54,141,45,130,149216
693,149281,72,129,88,156,80,142,149217
693,149282,57,97,80,123,68,110,149218
693,149283,229,50,249,74,239,62,149219
693,149284,201,11,220,33,210,22,149220
693,149285,227,6,256,26,241,16,149221
693,149286,37,158,56,177,46,167,149222
693,149287,40,88,56,115,48,101,149223
693,149288,486,254,513,277,499,265,149224
693,149289,286,22,316,40,301,31,149225
693,149290,127,0,185,23,156,11,149226
693,149291,52,20,67,52,59,36,149227
693,149292,165,0,179,4,172,2,149228
693,149293,181,81,208,103,194,92,149229
693,149294,196,56,212,82,204,69,149230
693,149295,314,128,337,153,325,140,149231
693,149296,306,98,334,121,320,109,149232
693,149297,524,0,549,9,536,4,149233
693,149298,541,157,568,182,554,169,149234
693,149299,348,62,377,85,362,73,149235
693,149300,29,245,43,262,36,253,149236
693,149301,43,235,58,260,50,247,149237
693,149302,31,275,47,299,39,287,149238
693,149303,426,293,447,308,436,300,149239
693,149304,497,60,530,81,513,70,149240
693,149305,626,62,639,85,632,73,149241
693,149306,504,303,534,322,519,312,149242
693,149307,412,25,446,54,429,39,149243
693,149308,217,0,229,8,223,4,149244
693,149309,133,0,150,12,141,6,149245
693,149310,327,248,350,266,338,257,149246
693,149311,582,10,607,22,594,16,149247
693,149312,398,12,418,33,408,22,149248
693,149313,384,9,401,27,392,18,149249
693,149314,340,265,360,287,350,276,149250
693,149315,0,235,8,259,4,247,149251
693,149316,449,302,475,323,462,312,149252
693,149317,238,252,264,269,251,260,149253
694,149318,442,0,533,73,487,36,149254
694,149319,540,247,570,274,555,260,149255
694,149320,596,233,621,263,608,248,149256
694,149321,467,183,490,229,478,206,149257
694,149322,597,127,623,165,610,146,149258
694,149323,265,0,346,53,305,26,149259
694,149324,381,121,402,156,391,138,149260
694,149325,528,70,557,95,542,82,149261
694,149326,417,113,441,146,429,129,149262
694,149327,59,164,80,186,69,175,149263
694,149328,544,206,578,231,561,218,149264
694,149329,99,165,116,200,107,182,149265
694,149330,362,20,385,66,373,43,149266
694,149331,208,316,231,346,219,331,149267
694,149332,300,52,322,84,311,68,149268
694,149333,246,52,267,80,256,66,149269
694,149334,610,0,638,21,624,10,149270
694,149335,278,287,302,308,290,297,149271
694,149336,271,75,290,104,280,89,149272
694,149337,500,26,529,51,514,38,149273
694,149338,573,69,609,96,591,82,149274
694,149339,261,178,281,210,271,194,149275
694,149340,612,48,637,76,624,62,149276
694,149341,293,227,313,254,303,240,149277
694,149342,119,89,137,115,128,102,149278
694,149343,233,84,255,106,244,95,149279
694,149344,36,120,54,141,45,130,149280
694,149345,72,129,88,156,80,142,149281
694,149346,57,97,80,123,68,110,149282
694,149347,229,50,249,74,239,62,149283
694,149348,201,11,220,33,210,22,149284
694,149349,227,6,256,26,241,16,149285
694,149350,37,158,56,177,46,167,149286
694,149351,40,88,56,114,48,101,149287
694,149352,486,254,513,277,499,265,149288
694,149353,286,22,316,40,301,31,149289
694,149354,127,0,185,23,156,11,149290
694,149355,52,20,67,52,59,36,149291
694,149356,165,0,179,4,172,2,149292
694,149357,181,81,208,103,194,92,149293
694,149358,196,56,212,82,204,69,149294
694,149359,314,128,337,153,325,140,149295
694,149360,306,98,334,121,320,109,149296
694,149361,524,0,549,9,536,4,149297
694,149362,541,157,568,182,554,169,149298
694,149363,348,62,377,85,362,73,149299
694,149364,29,245,43,262,36,253,149300
694,149365,43,235,58,260,50,247,149301
694,149366,31,275,47,299,39,287,149302
694,149367,426,293,447,308,436,300,149303
694,149368,497,60,530,81,513,70,149304
694,149369,626,62,639,85,632,73,149305
694,149370,504,303,534,322,519,312,149306
694,149371,412,25,446,54,429,39,149307
694,149372,217,0,229,8,223,4,149308
694,149373,133,0,150,12,141,6,149309
694,149374,329,248,352,266,340,257,149310
694,149375,582,10,607,22,594,16,149311
694,149376,398,12,418,33,408,22,149312
694,149377,384,9,401,27,392,18,149313
694,149378,339,265,360,287,349,276,149314
694,149379,0,235,9,259,4,247,149315
694,149380,449,302,475,323,462,312,149316
694,149381,238,253,264,269,251,261,149317
695,149382,442,0,533,72,487,36,149318
695,149383,540,247,570,274,555,260,149319
695,149384,596,233,621,263,608,248,149320
695,149385,467,183,490,229,478,206,149321
695,149386,597,127,623,165,610,146,149322
695,149387,265,0,346,53,305,26,149323
695,149388,381,121,402,156,391,138,149324
695,149389,528,70,557,95,542,82,149325
695,149390,417,113,441,146,429,129,149326
695,149391,59,164,80,186,69,175,149327
695,149392,544,206,578,231,561,218,149328
695,149393,99,165,116,200,107,182,149329
695,149394,362,20,385,66,373,43,149330
695,149395,208,316,231,346,219,331,149331
695,149396,300,52,322,84,311,68,149332
695,149397,246,52,267,80,256,66,149333
695,149398,610,0,638,21,624,10,149334
695,149399,278,287,302,308,290,297,149335
695,149400,271,75,290,105,280,90,149336
695,149401,500,25,529,51,514,38,149337
695,149402,573,69,609,96,591,82,149338
695,149403,261,178,281,210,271,194,149339
695,149404,612,48,637,76,624,62,149340
695,149405,293,227,313,254,303,240,149341
695,149406,119,89,137,115,128,102,149342
695,149407,233,84,255,106,244,95,149343
695,149408,36,120,54,141,45,130,149344
695,149409,72,129,88,156,80,142,149345
695,149410,57,97,80,123,68,110,149346
695,149411,229,50,249,74,239,62,149347
695,149412,201,11,220,33,210,22,149348
695,149413,227,6,256,26,241,16,149349
695,149414,37,158,56,177,46,167,149350
695,149415,40,88,56,115,48,101,149351
695,149416,486,254,513,277,499,265,149352
695,149417,286,22,316,40,301,31,149353
695,149418,127,0,185,23,156,11,149354
695,149419,52,20,67,52,59,36,149355
695,149420,165,0,179,4,172,2,149356
695,149421,182,81,208,103,195,92,149357
695,149422,196,57,212,82,204,69,149358
695,149423,314,128,337,153,325,140,149359
695,149424,306,98,334,121,320,109,149360
695,149425,522,0,549,9,535,4,149361
695,149426,541,157,568,182,554,169,149362
695,149427,348,62,377,85,362,73,149363
695,149428,29,245,43,262,36,253,149364
695,149429,43,235,58,259,50,247,149365
695,149430,31,275,47,299,39,287,149366
695,149431,426,293,447,308,436,300,149367
695,149432,497,60,529,82,513,71,149368
695,149433,626,62,639,85,632,73,149369
695,149434,504,303,534,322,519,312,149370
695,149435,412,25,446,54,429,39,149371
695,149436,217,0,229,8,223,4,149372
695,149437,133,0,150,12,141,6,149373
695,149438,332,247,356,265,344,256,149374
695,149439,582,10,607,22,594,16,149375
695,149440,398,12,418,33,408,22,149376
695,149441,384,9,401,27,392,18,149377
695,149442,340,265,359,287,349,276,149378
695,149443,449,302,475,323,462,312,149380
695,149444,238,254,263,269,250,261,149381
696,149445,442,0,533,72,487,36,149382
696,149446,540,247,570,274,555,260,149383
696,149447,596,233,621,263,608,248,149384
696,149448,467,183,490,229,478,206,149385
696,149449,597,127,623,165,610,146,149386
696,149450,265,0,346,52,305,26,149387
696,149451,381,121,402,156,391,138,149388
696,149452,529,70,557,95,543,82,149389
696,149453,417,113,441,146,429,129,149390
696,149454,59,164,80,186,69,175,149391
696,149455,544,206,578,231,561,218,149392
696,149456,99,165,116,200,107,182,149393
696,149457,362,20,385,66,373,43,149394
696,149458,208,316,231,346,219,331,149395
696,149459,300,52,322,84,311,68,149396
696,149460,246,52,267,80,256,66,149397
696,149461,610,0,638,21,624,10,149398
696,149462,278,287,302,308,290,297,149399
696,149463,271,75,290,104,280,89,149400
696,149464,499,25,529,51,514,38,149401
696,149465,573,69,609,96,591,82,149402
696,149466,261,178,281,210,271,194,149403
696,149467,612,48,637,76,624,62,149404
696,149468,293,227,313,254,303,240,149405
696,149469,119,89,137,115,128,102,149406
696,149470,233,84,255,106,244,95,149407
696,149471,36,120,54,141,45,130,149408
696,149472,72,129,88,156,80,142,149409
696,149473,57,97,80,123,68,110,149410
696,149474,229,50,249,74,239,62,149411
696,149475,201,11,220,33,210,22,149412
696,149476,227,6,256,27,241,16,149413
696,149477,37,158,56,177,46,167,149414
696,149478,40,88,56,115,48,101,149415
696,149479,486,254,513,277,499,265,149416
696,149480,286,22,316,40,301,31,149417
696,149481,127,0,185,23,156,11,149418
696,149482,52,20,67,52,59,36,149419
696,149483,165,0,179,4,172,2,149420
696,149484,182,81,208,103,195,92,149421
696,149485,196,57,212,82,204,69,149422
696,149486,314,128,337,153,325,140,149423
696,149487,306,98,334,121,320,109,149424
696,149488,521,0,549,9,535,4,149425
696,149489,541,157,568,182,554,169,149426
696,149490,348,62,377,85,362,73,149427
696,149491,29,245,43,262,36,253,149428
696,149492,43,235,58,258,50,246,149429
696,149493,31,275,47,299,39,287,149430
696,149494,426,293,447,308,436,300,149431
696,149495,497,61,528,83,512,72,149432
696,149496,626,62,639,85,632,73,149433
696,149497,504,303,534,322,519,312,149434
696,149498,412,25,446,54,429,39,149435
696,149499,217,0,229,8,223,4,149436
696,149500,133,0,150,12,141,6,149437
696,149501,337,245,360,263,348,254,149438
696,149502,582,10,607,22,594,16,149439
696,149503,398,12,418,33,408,22,149440
696,149504,384,9,401,27,392,18,149441
696,149505,340,264,359,287,349,275,149442
696,149506,449,302,475,323,462,312,149443
697,149507,442,0,533,72,487,36,149445
697,149508,540,247,570,274,555,260,149446
697,149509,596,233,621,263,608,248,149447
697,149510,467,183,490,229,478,206,149448
697,149511,597,127,623,165,610,146,149449
697,149512,265,0,346,52,305,26,149450
697,149513,381,121,402,156,391,138,149451
697,149514,529,70,557,95,543,82,149452
697,149515,417,113,441,146,429,129,149453
697,149516,59,164,80,186,69,175,149454
697,149517,544,206,578,231,561,218,149455
697,149518,99,165,116,200,107,182,149456
697,149519,362,20,385,66,373,43,149457
697,149520,208,316,231,346,219,331,149458
697,149521,300,52,322,84,311,68,149459
697,149522,246,52,267,80,256,66,149460
697,149523,609,0,638,21,623,10,149461
697,149524,278,287,301,308,289,297,149462
697,149525,271,75,290,105,280,90,149463
697,149526,500,25,529,51,514,38,149464
697,149527,573,69,609,96,591,82,149465
697,149528,261,178,281,210,271,194,149466
697,149529,612,48,637,75,624,61,149467
697,149530,293,227,313,254,303,240,149468
697,149531,119,89,137,115,128,102,149469
697,149532,233,84,255,106,244,95,149470
697,149533,36,120,54,141,45,130,149471
697,149534,72,129,88,156,80,142,149472
697,149535,57,97,80,123,68,110,149473
697,149536,229,50,249,74,239,62,149474
697,149537,201,11,220,33,210,22,149475
697,149538,227,6,256,27,241,16,149476
697,149539,37,158,56,177,46,167,149477
697,149540,40,88,56,114,48,101,149478
697,149541,486,254,513,277,499,265,149479
697,149542,286,22,316,40,301,31,149480
697,149543,127,0,185,23,156,11,149481
697,149544,52,20,67,52,59,36,149482
697,149545,165,0,179,4,172,2,149483
697,149546,182,81,208,103,195,92,149484
697,149547,196,57,212,82,204,69,149485
697,149548,314,128,337,153,325,140,149486
697,149549,306,98,334,121,320,109,149487
697,149550,519,0,549,9,534,4,149488
697,149551,541,157,568,182,554,169,149489
697,149552,348,62,377,85,362,73,149490
697,149553,29,245,43,262,36,253,149491
697,149554,43,235,58,258,50,246,149492
697,149555,31,275,47,299,39,287,149493
697,149556,426,293,447,308,436,300,149494
697,149557,495,62,526,85,510,73,149495
697,149558,627,62,639,85,633,73,149496
697,149559,504,303,534,322,519,312,149497
697,149560,412,25,446,54,429,39,149498
697,149561,218,0,229,7,223,3,149499
697,149562,133,0,150,12,141,6,149500
697,149563,342,244,365,262,353,253,149501
697,149564,582,10,607,22,594,16,149502
697,149565,398,12,418,33,408,22,149503
697,149566,384,9,401,27,392,18,149504
697,149567,340,264,359,287,349,275,149505
697,149568,449,302,475,323,462,312,149506
697,149569,201,276,220,294,210,285,
698,149570,442,0,533,72,487,36,149507
698,149571,540,247,570,274,555,260,149508
698,149572,596,233,621,263,608,248,149509
698,149573,467,183,490,229,478,206,149510
698,149574,597,127,623,165,610,146,149511
698,149575,265,0,346,52,305,26,149512
698,149576,381,121,402,156,391,138,149513
698,149577,529,70,557,95,543,82,149514
698,149578,417,113,441,146,429,129,149515
698,149579,59,164,80,186,69,175,149516
698,149580,544,206,578,231,561,218,149517
698,149581,99,165,116,200,107,182,149518
698,149582,362,21,385,66,373,43,149519
698,149583,208,316,231,346,219,331,149520
698,149584,300,52,322,84,311,68,149521
698,149585,246,52,267,80,256,66,149522
698,149586,609,0,638,21,623,10,149523
698,149587,278,287,301,308,289,297,149524
698,149588,271,75,290,105,280,90,149525
698,149589,500,25,529,51,514,38,149526
698,149590,573,69,609,96,591,82,149527
698,149591,261,178,281,210,271,194,149528
698,149592,612,48,637,75,624,61,149529
698,149593,293,227,313,254,303,240,149530
698,149594,119,89,137,115,128,102,149531
698,149595,233,84,255,106,244,95,149532
698,149596,36,120,54,141,45,130,149533
698,149597,72,129,88,156,80,142,149534
698,149598,57,97,80,123,68,110,149535
698,149599,229,50,249,74,239,62,149536
698,149600,201,11,220,33,210,22,149537
698,149601,228,6,257,26,242,16,149538
698,149602,37,158,56,177,46,167,149539
698,149603,40,88,56,115,48,101,149540
698,149604,486,254,513,277,499,265,149541
698,149605,286,22,316,40,301,31,149542
698,149606,127,0,186,23,156,11,149543
698,149607,52,20,67,52,59,36,149544
698,149608,165,0,179,4,172,2,149545
698,149609,182,81,208,103,195,92,149546
698,149610,196,57,212,82,204,69,149547
698,149611,314,128,337,153,325,140,149548
698,149612,306,98,334,121,320,109,149549
698,149613,519,0,550,8,534,4,149550
698,149614,541,157,568,182,554,169,149551
698,149615,348,62,377,85,362,73,149552
698,149616,29,245,43,263,36,254,149553
698,149617,43,235,58,258,50,246,149554
698,149618,31,275,47,299,39,287,149555
698,149619,426,293,447,308,436,300,149556
698,149620,493,64,525,87,509,75,149557
698,149621,627,62,639,85,633,73,149558
698,149622,504,303,534,322,519,312,149559
698,149623,412,25,446,54,429,39,149560
698,149624,218,0,229,7,223,3,149561
698,149625,133,0,150,12,141,6,149562
698,149626,346,244,372,262,359,253,149563
698,149627,582,10,607,22,594,16,149564
698,149628,398,12,418,33,408,22,149565
698,149629,384,9,401,27,392,18,149566
698,149630,340,264,359,287,349,275,149567
698,149631,449,302,475,323,462,312,149568
698,149632,234,277,264,293,249,285,
698,149633,201,276,220,294,210,285,149569
699,149634,442,0,533,73,487,36,149570
699,149635,540,247,570,274,555,260,149571
699,149636,596,233,621,263,608,248,149572
699,149637,467,183,490,229,478,206,149573
699,149638,597,127,623,165,610,146,149574
699,149639,265,0,346,52,305,26,149575
699,149640,381,121,402,156,391,138,149576
699,149641,529,70,557,95,543,82,149577
699,149642,417,113,441,146,429,129,149578
699,149643,59,164,80,186,69,175,149579
699,149644,544,206,578,231,561,218,149580
699,149645,99,165,116,200,107,182,149581
699,149646,362,21,385,66,373,43,149582
699,149647,208,316,231,346,219,331,149583
699,149648,300,52,322,84,311,68,149584
699,149649,246,52,267,80,256,66,149585
699,149650,609,0,638,21,623,10,149586
699,149651,278,286,301,308,289,297,149587
699,149652,271,75,290,105,280,90,149588
699,149653,500,25,529,50,514,37,149589
699,149654,573,69,609,96,591,82,149590
699,149655,261,178,281,210,271,194,149591
699,149656,612,48,637,75,624,61,149592
699,149657,293,226,313,254,303,240,149593
699,149658,119,89,137,115,128,102,149594
699,149659,232,84,255,106,243,95,149595
699,149660,36,120,54,141,45,130,149596
699,149661,72,129,88,156,80,142,149597
699,149662,57,97,80,123,68,110,149598
699,149663,229,50,249,74,239,62,149599
699,149664,201,11,220,33,210,22,149600
699,149665,228,6,257,26,242,16,149601
699,149666,37,158,56,177,46,167,149602
699,149667,40,88,56,115,48,101,149603
699,149668,486,254,513,277,499,265,149604
699,149669,286,22,316,40,301,31,149605
699,149670,127,0,186,23,156,11,149606
699,149671,52,20,67,52,59,36,149607
699,149672,165,0,179,4,172,2,149608
699,149673,182,81,208,103,195,92,149609
699,149674,196,57,212,82,204,69,149610
699,149675,314,128,337,153,325,140,149611
699,149676,306,98,334,121,320,109,149612
699,149677,519,0,551,8,535,4,149613
699,149678,541,157,568,182,554,169,149614
699,149679,348,62,376,85,362,73,149615
699,149680,29,245,43,263,36,254,149616
699,149681,43,235,58,258,50,246,149617
699,149682,31,275,47,299,39,287,149618
699,149683,426,293,448,308,437,300,149619
699,149684,490,66,524,89,507,77,149620
699,149685,627,61,639,86,633,73,149621
699,149686,504,303,534,322,519,312,149622
699,149687,412,25,446,54,429,39,149623
699,149688,218,0,229,7,223,3,149624
699,149689,133,0,150,12,141,6,149625
699,149690,352,244,379,263,365,253,149626
699,149691,582,10,607,22,594,16,149627
699,149692,398,12,418,33,408,22,149628
699,149693,384,9,401,27,392,18,149629
699,149694,340,264,360,287,350,275,149630
699,149695,449,302,475,323,462,312,149631
699,149696,233,277,262,294,247,285,149632
699,149697,201,276,220,294,210,285,149633
699,149698,303,288,332,305,317,296,
700,149699,442,0,533,73,487,36,149634
700,149700,540,247,570,274,555,260,149635
700,149701,596,233,621,263,608,248,149636
700,149702,467,183,490,229,478,206,149637
700,149703,597,127,623,165,610,146,149638
700,149704,265,0,346,52,305,26,149639
700,149705,381,121,402,156,391,138,149640
700,149706,529,70,558,95,543,82,149641
700,149707,417,113,441,146,429,129,149642
700,149708,59,164,80,186,69,175,149643
700,149709,544,206,578,231,561,218,149644
700,149710,99,165,116,200,107,182,149645
700,149711,362,21,385,66,373,43,149646
700,149712,208,316,231,346,219,331,149647
700,149713,300,52,322,84,311,68,149648
700,149714,246,52,267,80,256,66,149649
700,149715,609,0,638,21,623,10,149650
700,149716,278,286,301,308,289,297,149651
700,149717,271,75,290,105,280,90,149652
700,149718,500,25,529,50,514,37,149653
700,149719,573,69,609,96,591,82,149654
700,149720,261,178,281,210,271,194,149655
700,149721,612,48,636,75,624,61,149656
700,149722,293,226,313,254,303,240,149657
700,149723,119,89,137,115,128,102,149658
700,149724,232,84,255,106,243,95,149659
700,149725,36,120,54,141,45,130,149660
700,149726,72,129,88,156,80,142,149661
700,149727,57,97,80,123,68,110,149662
700,149728,229,50,249,74,239,62,149663
700,149729,201,11,220,33,210,22,149664
700,149730,228,6,257,26,242,16,149665
700,149731,37,158,56,177,46,167,149666
700,149732,40,88,56,114,48,101,149667
700,149733,486,254,513,277,499,265,149668
700,149734,286,22,316,40,301,31,149669
700,149735,127,0,186,23,156,11,149670
700,149736,52,20,67,52,59,36,149671
700,149737,165,0,179,4,172,2,149672
700,149738,182,81,208,103,195,92,149673
700,149739,196,57,212,82,204,69,149674
700,149740,314,128,337,153,325,140,149675
700,149741,306,98,334,120,320,109,149676
700,149742,519,0,551,8,535,4,149677
700,149743,541,157,568,182,554,169,149678
700,149744,348,62,376,85,362,73,149679
700,149745,29,245,43,263,36,254,149680
700,149746,43,235,58,258,50,246,149681
700,149747,31,275,47,299,39,287,149682
700,149748,426,293,448,308,437,300,149683
700,149749,489,67,523,89,506,78,149684
700,149750,627,61,639,86,633,73,149685
700,149751,504,303,534,322,519,312,149686
700,149752,412,25,446,54,429,39,149687
700,149753,218,0,229,7,223,3,149688
700,149754,133,0,150,12,141,6,149689
700,149755,354,244,381,263,367,253,149690
700,149756,582,10,607,22,594,16,149691
700,149757,398,12,418,33,408,22,149692
700,149758,384,9,401,27,392,18,149693
700,149759,340,264,360,287,350,275,149694
700,149760,449,302,475,323,462,312,149695
700,149761,232,277,262,294,247,285,149696
700,149762,201,276,220,294,210,285,149697
700,149763,303,288,332,305,317,296,149698
701,149764,442,0,533,73,487,36,149699
701,149765,540,247,570,274,555,260,149700
701,149766,596,233,621,263,608,248,149701
701,149767,467,183,490,229,478,206,149702
701,149768,597,127,623,165,610,146,149703
701,149769,265,0,346,52,305,26,149704
701,149770,381,121,402,156,391,138,149705
701,149771,529,70,557,95,543,82,149706
701,149772,417,113,441,146,429,129,149707
701,149773,59,164,80,186,69,175,149708
701,149774,544,206,578,231,561,218,149709
701,149775,99,165,116,200,107,182,149710
701,149776,362,21,385,66,373,43,149711
701,149777,208,316,231,346,219,331,149712
701,149778,300,52,322,84,311,68,149713
701,149779,246,52,267,80,256,66,149714
701,149780,609,0,638,21,623,10,149715
701,149781,278,286,302,307,290,296,149716
701,149782,271,75,290,105,280,90,149717
701,149783,500,25,529,50,514,37,149718
701,149784,573,69,609,96,591,82,149719
701,149785,261,178,281,210,271,194,149720
701,149786,612,48,636,75,624,61,149721
701,149787,294,226,314,254,304,240,149722
701,149788,119,89,137,115,128,102,149723
701,149789,232,84,255,106,243,95,149724
701,149790,36,120,54,141,45,130,149725
701,149791,72,129,88,156,80,142,149726
701,149792,57,97,80,123,68,110,149727
701,149793,229,50,249,74,239,62,149728
701,149794,201,11,220,33,210,22,149729
701,149795,228,6,257,27,242,16,149730
701,149796,37,158,56,177,46,167,149731
701,149797,40,88,56,114,48,101,149732
701,149798,486,254,513,277,499,265,149733
701,149799,286,22,316,40,301,31,149734
701,149800,127,0,186,23,156,11,149735
701,149801,52,20,67,52,59,36,149736
701,149802,165,0,179,4,172,2,149737
701,149803,182,81,208,103,195,92,149738
701,149804,196,57,212,82,204,69,149739
701,149805,314,128,337,153,325,140,149740
701,149806,306,98,334,120,320,109,149741
701,149807,519,0,551,8,535,4,149742
701,149808,541,157,568,182,554,169,149743
701,149809,348,62,376,85,362,73,149744
701,149810,29,245,43,263,36,254,149745
701,149811,43,235,58,258,50,246,149746
701,149812,31,275,47,299,39,287,149747
701,149813,426,293,448,308,437,300,149748
701,149814,487,68,521,90,504,79,149749
701,149815,627,62,639,86,633,74,149750
701,149816,504,303,534,322,519,312,149751
701,149817,412,25,446,54,429,39,149752
701,149818,218,0,229,7,223,3,149753
701,149819,133,0,150,12,141,6,149754
701,149820,359,245,385,264,372,254,149755
701,149821,582,10,607,22,594,16,149756
701,149822,398,12,418,33,408,22,149757
701,149823,384,9,401,27,392,18,149758
701,149824,340,264,360,287,350,275,149759
701,149825,448,302,475,323,461,312,149760
701,149826,232,277,261,294,246,285,149761
701,149827,201,276,220,294,210,285,149762
701,149828,300,289,330,306,315,297,149763
702,149829,442,0,533,73,487,36,149764
702,149830,540,247,570,274,555,260,149765
702,149831,596,233,621,263,608,248,149766
702,149832,467,183,490,229,478,206,149767
702,149833,597,127,623,165,610,146,149768
702,149834,265,0,346,52,305,26,149769
702,149835,381,121,402,156,391,138,149770
702,149836,529,70,557,95,543,82,149771
702,149837,417,113,441,146,429,129,149772
702,149838,59,164,80,186,69,175,149773
702,149839,544,206,578,231,561,218,149774
702,149840,99,165,116,200,107,182,149775
702,149841,362,21,385,66,373,43,149776
702,149842,208,316,231,346,219,331,149777
702,149843,300,52,322,84,311,68,149778
702,149844,246,52,267,80,256,66,149779
702,149845,609,0,638,21,623,10,149780
702,149846,278,286,301,307,289,296,149781
702,149847,271,75,290,105,280,90,149782
702,149848,500,25,529,50,514,37,149783
702,149849,573,69,609,96,591,82,149784
702,149850,261,178,281,210,271,194,149785
702,149851,612,48,636,75,624,61,149786
702,149852,294,226,314,254,304,240,149787
702,149853,119,89,137,115,128,102,149788
702,149854,232,84,255,106,243,95,149789
702,149855,36,120,54,141,45,130,149790
702,149856,72,129,88,156,80,142,149791
702,149857,57,97,80,123,68,110,149792
702,149858,229,50,249,74,239,62,149793
702,149859,201,11,220,32,210,21,149794
702,149860,228,7,257,27,242,17,149795
702,149861,37,158,56,177,46,167,149796
702,149862,40,88,56,114,48,101,149797
702,149863,486,254,513,277,499,265,149798
702,149864,286,22,315,40,300,31,149799
702,149865,127,0,186,23,156,11,149800
702,149866,52,20,67,52,59,36,149801
702,149867,165,0,179,4,172,2,149802
702,149868,182,81,208,103,195,92,149803
702,149869,196,57,212,82,204,69,149804
702,149870,314,128,337,153,325,140,149805
702,149871,306,98,334,120,320,109,149806
702,149872,518,0,551,7,534,3,149807
702,149873,541,156,568,182,554,169,149808
702,149874,348,62,376,85,362,73,149809
702,149875,29,245,43,263,36,254,149810
702,149876,43,235,58,258,50,246,149811
702,149877,31,275,47,299,39,287,149812
702,149878,426,293,448,308,437,300,149813
702,149879,487,69,519,91,503,80,149814
702,149880,628,62,639,87,633,74,149815
702,149881,504,303,534,322,519,312,149816
702,149882,412,25,446,54,429,39,149817
702,149883,217,0,229,7,223,3,149818
702,149884,133,0,150,12,141,6,149819
702,149885,365,247,390,265,377,256,149820
702,149886,582,10,607,22,594,16,149821
702,149887,398,12,418,33,408,22,149822
702,149888,384,9,401,27,392,18,149823
702,149889,340,263,360,286,350,274,149824
702,149890,448,302,475,323,461,312,149825
702,149891,231,277,258,294,244,285,149826
702,149892,201,276,220,294,210,285,149827
702,149893,300,289,328,307,314,298,149828
703,149894,442,0,533,73,487,36,149829
703,149895,540,247,570,274,555,260,149830
703,149896,596,233,621,263,608,248,149831
703,149897,467,183,490,229,478,206,149832
703,149898,597,127,623,165,610,146,149833
703,149899,265,0,346,52,305,26,149834
703,149900,381,121,402,156,391,138,149835
703,149901,529,70,557,96,543,83,149836
703,149902,417,113,441,146,429,129,149837
703,149903,59,164,80,186,69,175,149838
703,149904,544,206,578,231,561,218,149839
703,149905,99,165,116,200,107,182,149840
703,149906,362,21,385,66,373,43,149841
703,149907,208,317,231,346,219,331,149842
703,149908,300,52,322,84,311,68,149843
703,149909,246,52,267,80,256,66,149844
703,149910,609,0,638,21,623,10,149845
703,149911,278,286,301,307,289,296,149846
703,149912,271,75,290,105,280,90,149847
703,149913,500,25,529,49,514,37,149848
703,149914,573,69,609,96,591,82,149849
703,149915,261,178,281,210,271,194,149850
703,149916,612,48,636,76,624,62,149851
703,149917,294,226,314,254,304,240,149852
703,149918,119,89,137,115,128,102,149853
703,149919,232,84,255,106,243,95,149854
703,149920,36,120,54,141,45,130,149855
703,149921,72,129,88,156,80,142,149856
703,149922,57,97,80,123,68,110,149857
703,149923,229,50,249,74,239,62,149858
703,149924,201,11,220,32,210,21,149859
703,149925,228,7,257,27,242,17,149860
703,149926,37,158,56,177,46,167,149861
703,149927,40,88,56,114,48,101,149862
703,149928,486,254,513,277,499,265,149863
703,149929,286,22,315,40,300,31,149864
703,149930,127,0,186,23,156,11,149865
703,149931,52,20,67,52,59,36,149866
703,149932,165,0,179,4,172,2,149867
703,149933,182,81,208,103,195,92,149868
703,149934,196,57,212,82,204,69,149869
703,149935,314,128,337,153,325,140,149870
703,149936,306,98,334,121,320,109,149871
703,149937,518,0,551,7,534,3,149872
703,149938,541,156,569,182,555,169,149873
703,149939,348,62,376,85,362,73,149874
703,149940,29,244,43,263,36,253,149875
703,149941,43,235,58,258,50,246,149876
703,149942,31,275,47,299,39,287,149877
703,149943,426,293,447,308,436,300,149878
703,149944,487,70,518,92,502,81,149879
703,149945,629,62,639,87,634,74,149880
703,149946,504,303,534,322,519,312,149881
703,149947,412,24,446,54,429,39,149882
703,149948,217,0,229,7,223,3,149883
703,149949,133,0,150,12,141,6,149884
703,149950,371,249,397,266,384,257,
703,149951,582,10,607,22,594,16,149886
703,149952,398,12,418,33,408,22,149887
703,149953,384,9,401,27,392,18,149888
703,149954,340,263,360,287,350,275,149889
703,149955,449,302,475,323,462,312,149890
703,149956,228,277,255,294,241,285,149891
703,149957,202,276,220,294,211,285,149892
703,149958,299,289,324,307,311,298,149893
704,149959,442,0,533,73,487,36,149894
704,149960,540,247,570,274,555,260,149895
704,149961,596,233,621,263,608,248,149896
704,149962,467,183,490,229,478,206,149897
704,149963,597,127,623,165,610,146,149898
704,149964,265,0,346,52,305,26,149899
704,149965,381,121,402,156,391,138,149900
704,149966,529,70,557,96,543,83,149901
704,149967,417,113,441,146,429,129,149902
704,149968,59,164,80,186,69,175,149903
704,149969,544,206,578,231,561,218,149904
704,149970,99,165,116,200,107,182,149905
704,149971,362,21,385,66,373,43,149906
704,149972,208,317,231,346,219,331,149907
704,149973,300,52,322,84,311,68,149908
704,149974,246,52,267,80,256,66,149909
704,149975,609,0,638,21,623,10,149910
704,149976,278,287,300,308,289,297,149911
704,149977,271,75,290,105,280,90,149912
704,149978,500,25,529,50,514,37,149913
704,149979,573,69,609,96,591,82,149914
704,149980,261,178,281,210,271,194,149915
704,149981,612,48,637,76,624,62,149916
704,149982,293,225,314,254,303,239,149917
704,149983,119,89,137,115,128,102,149918
704,149984,232,84,255,106,243,95,149919
704,149985,36,120,54,141,45,130,149920
704,149986,72,129,88,156,80,142,149921
704,149987,57,97,80,123,68,110,149922
704,149988,229,50,249,74,239,62,149923
704,149989,200,11,220,31,210,21,149924
704,149990,227,7,257,26,242,16,149925
704,149991,37,158,56,177,46,167,149926
704,149992,40,88,56,114,48,101,149927
704,149993,486,254,513,277,499,265,149928
704,149994,286,22,315,40,300,31,149929
704,149995,127,0,186,23,156,11,149930
704,149996,52,20,67,52,59,36,149931
704,149997,165,0,179,4,172,2,149932
704,149998,182,81,208,103,195,92,149933
704,149999,196,57,212,82,204,69,149934
704,150000,314,128,337,153,325,140,149935
704,150001,306,98,334,120,320,109,149936
704,150002,518,0,551,7,534,3,149937
704,150003,541,156,569,182,555,169,149938
704,150004,348,62,376,85,362,73,149939
704,150005,29,245,43,263,36,254,149940
704,150006,42,235,58,258,50,246,149941
704,150007,31,275,47,299,39,287,149942
704,150008,426,293,448,308,437,300,149943
704,150009,485,71,516,93,500,82,149944
704,150010,629,63,639,87,634,75,149945
704,150011,504,303,534,322,519,312,149946
704,150012,412,24,446,54,429,39,149947
704,150013,217,0,229,7,223,3,149948
704,150014,133,0,150,12,141,6,149949
704,150015,377,250,404,268,390,259,
704,150016,581,10,607,22,594,16,149951
704,150017,398,12,418,33,408,22,149952
704,150018,384,9,401,27,392,18,149953
704,150019,340,263,359,286,349,274,149954
704,150020,448,302,475,323,461,312,149955
704,150021,226,277,253,294,239,285,149956
705,150022,442,0,533,74,487,37,149959
705,150023,540,247,570,274,555,260,149960
705,150024,596,233,621,263,608,248,149961
705,150025,467,183,490,229,478,206,149962
705,150026,597,127,623,165,610,146,149963
705,150027,265,0,346,52,305,26,149964
705,150028,381,121,402,156,391,138,149965
705,150029,528,70,557,96,542,83,149966
705,150030,417,113,441,146,429,129,149967
705,150031,59,164,80,186,69,175,149968
705,150032,543,206,578,231,560,218,149969
705,150033,99,165,116,200,107,182,149970
705,150034,362,21,385,66,373,43,149971
705,150035,208,317,231,346,219,331,149972
705,150036,300,52,322,84,311,68,149973
705,150037,246,52,267,80,256,66,149974
705,150038,609,0,638,21,623,10,149975
705,150039,278,287,312,309,295,298,149976
705,150040,271,75,290,105,280,90,149977
705,150041,500,25,529,50,514,37,149978
705,150042,573,69,609,96,591,82,149979
705,150043,261,178,281,210,271,194,149980
705,150044,612,48,637,76,624,62,149981
705,150045,293,225,314,254,303,239,149982
705,150046,119,89,137,115,128,102,149983
705,150047,232,84,255,106,243,95,149984
705,150048,36,120,54,141,45,130,149985
705,150049,72,129,88,156,80,142,149986
705,150050,57,97,80,123,68,110,149987
705,150051,229,50,249,74,239,62,149988
705,150052,199,11,220,32,209,21,149989
705,150053,228,7,257,26,242,16,149990
705,150054,37,158,56,177,46,167,149991
705,150055,40,88,56,114,48,101,149992
705,150056,486,254,513,276,499,265,149993
705,150057,286,22,315,40,300,31,149994
705,150058,127,0,186,23,156,11,149995
705,150059,52,20,67,52,59,36,149996
705,150060,165,0,179,4,172,2,149997
705,150061,182,81,208,103,195,92,149998
705,150062,196,57,212,82,204,69,149999
705,150063,314,128,337,153,325,140,150000
705,150064,306,98,334,120,320,109,150001
705,150065,518,0,550,7,534,3,150002
705,150066,541,156,569,182,555,169,150003
705,150067,348,62,376,85,362,73,150004
705,150068,29,245,43,263,36,254,150005
705,150069,42,235,58,258,50,246,150006
705,150070,31,274,47,299,39,286,150007
705,150071,426,293,448,308,437,300,150008
705,150072,483,72,514,93,498,82,150009
705,150073,629,64,639,87,634,75,150010
705,150074,504,303,534,322,519,312,150011
705,150075,412,24,446,54,429,39,150012
705,150076,217,0,229,7,223,3,150013
705,150077,133,0,150,12,141,6,150014
705,150078,384,251,411,269,397,260,
705,150079,581,10,607,22,594,16,150016
705,150080,398,12,418,33,408,22,150017
705,150081,384,9,401,27,392,18,150018
705,150082,340,263,359,286,349,274,150019
705,150083,448,302,475,323,461,312,150020
705,150084,225,277,251,294,238,285,150021
705,150085,202,276,220,294,211,285,
706,150086,442,0,533,74,487,37,150022
706,150087,540,247,570,274,555,260,150023
706,150088,596,233,621,263,608,248,150024
706,150089,467,183,490,229,478,206,150025
706,150090,597,127,623,165,610,146,150026
706,150091,265,0,346,52,305,26,150027
706,150092,381,121,402,156,391,138,150028
706,150093,528,70,557,96,542,83,150029
706,150094,417,113,441,146,429,129,150030
706,150095,59,164,80,186,69,175,150031
706,150096,543,206,578,231,560,218,150032
706,150097,99,165,116,200,107,182,150033
706,150098,362,21,384,66,373,43,150034
706,150099,208,317,231,346,219,331,150035
706,150100,300,52,322,84,311,68,150036
706,150101,246,52,267,80,256,66,150037
706,150102,609,0,638,21,623,10,150038
706,150103,278,287,313,311,295,299,150039
706,150104,271,75,290,105,280,90,150040
706,150105,500,25,529,50,514,37,150041
706,150106,573,69,609,96,591,82,150042
706,150107,261,178,281,210,271,194,150043
706,150108,612,48,637,76,624,62,150044
706,150109,293,226,313,254,303,240,150045
706,150110,119,89,137,115,128,102,150046
706,150111,232,84,255,107,243,95,150047
706,150112,36,120,54,141,45,130,150048
706,150113,72,129,88,156,80,142,150049
706,150114,57,97,80,123,68,110,150050
706,150115,229,50,249,74,239,62,150051
706,150116,199,11,220,32,209,21,150052
706,150117,228,7,257,27,242,17,150053
706,150118,37,158,56,177,46,167,150054
706,150119,40,88,56,114,48,101,150055
706,150120,486,254,513,276,499,265,150056
706,150121,286,22,316,40,301,31,150057
706,150122,127,0,186,23,156,11,150058
706,150123,52,20,67,52,59,36,150059
706,150124,165,0,179,4,172,2,150060
706,150125,182,81,208,103,195,92,150061
706,150126,196,57,212,82,204,69,150062
706,150127,314,128,337,153,325,140,150063
706,150128,306,98,334,120,320,109,150064
706,150129,517,0,550,7,533,3,150065
706,150130,541,156,569,182,555,169,150066
706,150131,348,62,376,85,362,73,150067
706,150132,29,244,43,263,36,253,150068
706,150133,42,235,58,258,50,246,150069
706,150134,31,274,47,299,39,286,150070
706,150135,426,293,447,308,436,300,150071
706,150136,479,72,512,93,495,82,150072
706,150137,630,65,639,88,634,76,150073
706,150138,503,303,534,322,518,312,150074
706,150139,412,24,446,54,429,39,150075
706,150140,218,0,229,7,223,3,150076
706,150141,133,0,150,12,141,6,150077
706,150142,391,252,419,272,405,262,
706,150143,581,10,607,22,594,16,150079
706,150144,398,12,418,33,408,22,150080
706,150145,384,9,401,27,392,18,150081
706,150146,340,263,359,286,349,274,150082
706,150147,448,302,475,323,461,312,150083
706,150148,225,277,248,294,236,285,150084
706,150149,19,266,37,275,28,270,
706,150150,202,276,220,294,211,285,150085
707,150151,442,0,533,74,487,37,150086
707,150152,540,247,570,274,555,260,150087
707,150153,596,233,621,263,608,248,150088
707,150154,467,183,490,229,478,206,150089
707,150155,597,127,623,165,610,146,150090
707,150156,265,0,346,52,305,26,150091
707,150157,381,121,402,156,391,138,150092
707,150158,528,70,557,96,542,83,150093
707,150159,417,113,441,146,429,129,150094
707,150160,59,164,80,186,69,175,150095
707,150161,544,206,578,231,561,218,150096
707,150162,99,165,116,200,107,182,150097
707,150163,362,21,384,66,373,43,150098
707,150164,208,317,231,346,219,331,150099
707,150165,300,52,322,84,311,68,150100
707,150166,246,52,267,80,256,66,150101
707,150167,609,0,638,21,623,10,150102
707,150168,278,287,314,312,296,299,150103
707,150169,271,75,290,105,280,90,150104
707,150170,500,25,529,51,514,38,150105
707,150171,573,69,609,96,591,82,150106
707,150172,261,178,281,210,271,194,150107
707,150173,612,48,637,76,624,62,150108
707,150174,293,226,313,254,303,240,150109
707,150175,119,89,137,115,128,102,150110
707,150176,232,84,255,106,243,95,150111
707,150177,36,120,54,141,45,130,150112
707,150178,72,129,88,156,80,142,150113
707,150179,57,97,80,123,68,110,150114
707,150180,229,50,249,74,239,62,150115
707,150181,199,11,220,31,209,21,150116
707,150182,228,8,257,27,242,17,150117
707,150183,37,158,56,177,46,167,150118
707,150184,40,88,56,114,48,101,150119
707,150185,486,254,513,276,499,265,150120
707,150186,286,22,316,40,301,31,150121
707,150187,127,0,186,23,156,11,150122
707,150188,52,20,67,52,59,36,150123
707,150189,165,0,179,4,172,2,150124
707,150190,182,81,208,103,195,92,150125
707,150191,196,57,212,82,204,69,150126
707,150192,314,128,337,153,325,140,150127
707,150193,306,98,334,120,320,109,150128
707,150194,517,0,550,7,533,3,150129
707,150195,541,156,569,182,555,169,150130
707,150196,348,62,376,85,362,73,150131
707,150197,29,244,43,263,36,253,150132
707,150198,42,235,58,258,50,246,150133
707,150199,31,274,47,299,39,286,150134
707,150200,426,293,447,308,436,300,150135
707,150201,478,72,511,93,494,82,150136
707,150202,630,66,639,88,634,77,150137
707,150203,503,303,534,322,518,312,150138
707,150204,412,24,446,54,429,39,150139
707,150205,218,0,229,7,223,3,150140
707,150206,133,0,150,12,141,6,150141
707,150207,394,252,422,273,408,262,150142
707,150208,582,10,607,22,594,16,150143
707,150209,398,12,418,33,408,22,150144
707,150210,384,9,401,27,392,18,150145
707,150211,340,263,359,286,349,274,150146
707,150212,448,302,475,323,461,312,150147
707,150213,225,277,247,295,236,286,150148
707,150214,19,266,37,275,28,270,150149
707,150215,202,276,220,294,211,285,150150
708,150216,442,0,533,73,487,36,150151
708,150217,540,247,570,274,555,260,150152
708,150218,596,233,621,263,608,248,150153
708,150219,467,183,490,229,478,206,150154
708,150220,597,127,623,165,610,146,150155
708,150221,265,0,346,52,305,26,150156
708,150222,381,121,402,156,391,138,150157
708,150223,528,70,557,96,542,83,150158
708,150224,417,113,441,146,429,129,150159
708,150225,59,164,80,186,69,175,150160
708,150226,544,206,578,231,561,218,150161
708,150227,99,165,116,200,107,182,150162
708,150228,362,21,384,66,373,43,150163
708,150229,208,317,231,346,219,331,150164
708,150230,300,52,322,84,311,68,150165
708,150231,246,52,267,80,256,66,150166
708,150232,609,0,638,21,623,10,150167
708,150233,278,287,312,313,295,300,150168
708,150234,271,75,290,105,280,90,150169
708,150235,500,25,529,50,514,37,150170
708,150236,573,69,609,96,591,82,150171
708,150237,261,178,281,210,271,194,150172
708,150238,612,48,637,76,624,62,150173
708,150239,293,226,313,254,303,240,150174
708,150240,119,89,137,115,128,102,150175
708,150241,232,84,255,107,243,95,150176
708,150242,36,120,54,141,45,130,150177
708,150243,72,129,88,156,80,142,150178
708,150244,57,97,80,123,68,110,150179
708,150245,229,50,249,74,239,62,150180
708,150246,199,11,220,32,209,21,150181
708,150247,227,8,257,27,242,17,150182
708,150248,37,158,55,177,46,167,150183
708,150249,40,88,56,114,48,101,150184
708,150250,486,254,513,276,499,265,150185
708,150251,286,22,316,40,301,31,150186
708,150252,127,0,186,23,156,11,150187
708,150253,52,20,67,52,59,36,150188
708,150254,165,0,179,4,172,2,150189
708,150255,182,81,208,103,195,92,150190
708,150256,196,57,212,82,204,69,150191
708,150257,314,128,337,153,325,140,150192
708,150258,306,98,334,120,320,109,150193
708,150259,516,0,549,7,532,3,150194
708,150260,541,156,569,182,555,169,150195
708,150261,348,62,376,85,362,73,150196
708,150262,29,244,43,263,36,253,150197
708,150263,42,235,58,258,50,246,150198
708,150264,31,274,47,299,39,286,150199
708,150265,426,293,448,308,437,300,150200
708,150266,475,72,509,93,492,82,150201
708,150267,631,67,639,88,635,77,150202
708,150268,503,303,534,322,518,312,150203
708,150269,412,24,446,54,429,39,150204
708,150270,217,0,229,7,223,3,150205
708,150271,133,0,150,12,141,6,150206
708,150272,399,254,426,275,412,264,150207
708,150273,581,10,607,22,594,16,150208
708,150274,398,12,418,33,408,22,150209
708,150275,384,9,401,27,392,18,150210
708,150276,340,263,359,286,349,274,150211
708,150277,448,302,475,322,461,312,150212
708,150278,225,279,245,296,235,287,150213
708,150279,20,266,37,276,28,271,150214
708,150280,202,276,220,294,211,285,150215
709,150281,442,0,533,73,487,36,150216
709,150282,540,247,570,274,555,260,150217
709,150283,596,233,621,263,608,248,150218
709,150284,467,183,490,229,478,206,150219
709,150285,597,127,623,165,610,146,150220
709,150286,265,0,346,52,305,26,150221
709,150287,381,121,402,156,391,138,150222
709,150288,528,70,557,95,542,82,150223
709,150289,417,113,441,146,429,129,150224
709,150290,59,164,80,186,69,175,150225
709,150291,544,206,578,231,561,218,150226
709,150292,99,165,116,200,107,182,150227
709,150293,362,21,384,66,373,43,150228
709,150294,208,317,231,346,219,331,150229
709,150295,300,52,322,84,311,68,150230
709,150296,246,52,267,80,256,66,150231
709,150297,609,0,638,21,623,10,150232
709,150298,276,287,309,314,292,300,150233
709,150299,271,75,290,105,280,90,150234
709,150300,500,25,529,50,514,37,150235
709,150301,573,69,609,96,591,82,150236
709,150302,261,178,281,210,271,194,150237
709,150303,612,48,636,76,624,62,150238
709,150304,293,226,314,254,303,240,150239
709,150305,119,89,137,115,128,102,150240
709,150306,232,84,255,107,243,95,150241
709,150307,36,120,54,141,45,130,150242
709,150308,72,129,88,156,80,142,150243
709,150309,57,97,80,123,68,110,150244
709,150310,229,50,249,74,239,62,150245
709,150311,199,11,220,32,209,21,150246
709,150312,228,8,257,27,242,17,150247
709,150313,37,158,55,177,46,167,150248
709,150314,40,88,56,114,48,101,150249
709,150315,486,254,513,276,499,265,150250
709,150316,286,22,316,40,301,31,150251
709,150317,127,0,186,23,156,11,150252
709,150318,52,20,67,52,59,36,150253
709,150319,165,0,179,4,172,2,150254
709,150320,182,81,208,103,195,92,150255
709,150321,196,57,212,82,204,69,150256
709,150322,314,128,337,153,325,140,150257
709,150323,306,98,334,120,320,109,150258
709,150324,515,0,549,8,532,4,150259
709,150325,541,156,569,182,555,169,150260
709,150326,348,62,376,85,362,73,150261
709,150327,29,245,43,263,36,254,150262
709,150328,42,234,58,258,50,246,150263
709,150329,31,275,47,299,39,287,150264
709,150330,426,293,448,308,437,300,150265
709,150331,474,71,508,93,491,82,150266
709,150332,632,67,639,88,635,77,150267
709,150333,503,303,534,322,518,312,150268
709,150334,412,24,446,54,429,39,150269
709,150335,217,0,229,8,223,4,150270
709,150336,133,0,150,12,141,6,150271
709,150337,405,257,431,276,418,266,150272
709,150338,582,10,607,22,594,16,150273
709,150339,398,12,417,33,407,22,150274
709,150340,384,9,400,27,392,18,150275
709,150341,340,263,360,286,350,274,150276
709,150342,448,302,475,322,461,312,150277
709,150343,225,280,244,298,234,289,150278
709,150344,202,276,221,294,211,285,150280
710,150345,442,0,533,73,487,36,150281
710,150346,540,247,570,274,555,260,150282
710,150347,596,233,621,263,608,248,150283
710,150348,467,183,490,229,478,206,150284
710,150349,597,127,623,165,610,146,150285
710,150350,265,0,346,52,305,26,150286
710,150351,381,121,402,156,391,138,150287
710,150352,528,70,557,95,542,82,150288
710,150353,417,113,441,146,429,129,150289
710,150354,59,164,80,186,69,175,150290
710,150355,544,206,578,231,561,218,150291
710,150356,99,165,116,200,107,182,150292
710,150357,362,21,384,66,373,43,150293
710,150358,208,317,231,346,219,331,150294
710,150359,300,52,322,84,311,68,150295
710,150360,246,52,267,80,256,66,150296
710,150361,609,0,638,21,623,10,150297
710,150362,272,287,306,315,289,301,150298
710,150363,271,75,290,105,280,90,150299
710,150364,500,25,529,50,514,37,150300
710,150365,573,69,609,96,591,82,150301
710,150366,261,178,281,210,271,194,150302
710,150367,612,48,636,76,624,62,150303
710,150368,293,226,313,254,303,240,150304
710,150369,119,89,137,115,128,102,150305
710,150370,232,84,255,107,243,95,150306
710,150371,36,120,54,141,45,130,150307
710,150372,72,129,88,156,80,142,150308
710,150373,57,97,80,123,68,110,150309
710,150374,229,50,249,74,239,62,150310
710,150375,199,11,220,32,209,21,150311
710,150376,228,8,257,27,242,17,150312
710,150377,37,158,55,177,46,167,150313
710,150378,40,88,56,114,48,101,150314
710,150379,486,254,513,276,499,265,150315
710,150380,286,22,316,40,301,31,150316
710,150381,127,0,186,23,156,11,150317
710,150382,52,20,67,52,59,36,150318
710,150383,165,0,179,4,172,2,150319
710,150384,182,81,208,103,195,92,150320
710,150385,196,57,212,82,204,69,150321
710,150386,314,128,337,153,325,140,150322
710,150387,306,98,334,120,320,109,150323
710,150388,515,0,548,9,531,4,150324
710,150389,541,156,569,182,555,169,150325
710,150390,348,62,376,85,362,73,150326
710,150391,29,245,43,263,36,254,150327
710,150392,42,234,57,257,49,245,150328
710,150393,31,276,47,299,39,287,150329
710,150394,426,293,448,308,437,300,150330
710,150395,474,71,506,93,490,82,150331
710,150396,633,67,639,89,636,78,150332
710,150397,503,303,534,322,518,312,150333
710,150398,412,24,446,54,429,39,150334
710,150399,218,0,229,8,223,4,150335
710,150400,133,0,150,12,141,6,150336
710,150401,410,259,437,278,423,268,
710,150402,582,10,607,22,594,16,150338
710,150403,398,12,417,33,407,22,150339
710,150404,384,9,400,27,392,18,150340
710,150405,340,263,360,286,350,274,150341
710,150406,448,302,475,322,461,312,150342
710,150407,224,282,242,300,233,291,150343
711,150408,442,0,533,73,487,36,150345
711,150409,540,247,570,274,555,260,150346
711,150410,596,233,621,263,608,248,150347
711,150411,467,183,490,229,478,206,150348
711,150412,597,127,623,165,610,146,150349
711,150413,265,0,346,52,305,26,150350
711,150414,381,121,402,156,391,138,150351
711,150415,528,70,557,95,542,82,150352
711,150416,417,113,441,146,429,129,150353
711,150417,59,164,80,186,69,175,150354
711,150418,544,206,578,231,561,218,150355
711,150419,99,165,116,200,107,182,150356
711,150420,362,21,384,66,373,43,150357
711,150421,208,317,231,346,219,331,150358
711,150422,300,52,322,84,311,68,150359
711,150423,246,52,267,80,256,66,150360
711,150424,609,0,638,21,623,10,150361
711,150425,269,287,303,315,286,301,150362
711,150426,271,75,290,105,280,90,150363
711,150427,500,25,529,51,514,38,150364
711,150428,573,69,609,96,591,82,150365
711,150429,261,178,281,210,271,194,150366
711,150430,612,48,636,76,624,62,150367
711,150431,293,226,313,254,303,240,150368
711,150432,119,89,137,115,128,102,150369
711,150433,232,84,255,106,243,95,150370
711,150434,36,120,54,141,45,130,150371
711,150435,72,129,88,156,80,142,150372
711,150436,57,97,80,123,68,110,150373
711,150437,229,50,249,74,239,62,150374
711,150438,199,11,220,32,209,21,150375
711,150439,228,8,257,27,242,17,150376
711,150440,37,158,55,177,46,167,150377
711,150441,40,88,56,114,48,101,150378
711,150442,486,254,513,276,499,265,150379
711,150443,286,22,316,40,301,31,150380
711,150444,127,0,186,23,156,11,150381
711,150445,52,20,67,52,59,36,150382
711,150446,165,0,179,4,172,2,150383
711,150447,182,81,208,103,195,92,150384
711,150448,196,57,212,82,204,69,150385
711,150449,314,128,337,153,325,140,150386
711,150450,306,98,334,120,320,109,150387
711,150451,514,0,547,9,530,4,150388
711,150452,541,156,569,182,555,169,150389
711,150453,348,62,376,85,362,73,150390
711,150454,29,245,43,263,36,254,150391
711,150455,42,234,57,256,49,245,150392
711,150456,31,276,47,299,39,287,150393
711,150457,426,294,448,308,437,301,150394
711,150458,473,72,505,94,489,83,150395
711,150459,634,67,639,88,636,77,150396
711,150460,503,303,534,322,518,312,150397
711,150461,412,25,446,54,429,39,150398
711,150462,217,0,229,8,223,4,150399
711,150463,133,0,150,12,141,6,150400
711,150464,415,261,442,279,428,270,150401
711,150465,582,10,607,22,594,16,150402
711,150466,398,12,417,33,407,22,150403
711,150467,384,9,400,27,392,18,150404
711,150468,340,263,360,286,350,274,150405
711,150469,448,302,475,322,461,312,150406
711,150470,223,282,240,301,231,291,150407
712,150471,442,0,533,73,487,36,150408
712,150472,539,247,570,274,554,260,150409
712,150473,596,233,621,263,608,248,150410
712,150474,467,183,490,229,478,206,150411
712,150475,597,127,623,165,610,146,150412
712,150476,265,0,346,52,305,26,150413
712,150477,381,121,402,156,391,138,150414
712,150478,528,70,557,95,542,82,150415
712,150479,417,113,441,146,429,129,150416
712,150480,59,164,80,186,69,175,150417
712,150481,544,206,578,231,561,218,150418
712,150482,99,165,116,200,107,182,150419
712,150483,362,21,384,66,373,43,150420
712,150484,208,317,231,346,219,331,150421
712,150485,300,52,322,84,311,68,150422
712,150486,246,52,267,80,256,66,150423
712,150487,609,0,638,21,623,10,150424
712,150488,267,286,302,315,284,300,150425
712,150489,271,75,290,105,280,90,150426
712,150490,500,25,529,51,514,38,150427
712,150491,573,69,609,96,591,82,150428
712,150492,261,178,281,210,271,194,150429
712,150493,612,48,636,76,624,62,150430
712,150494,293,226,313,254,303,240,150431
712,150495,119,89,137,115,128,102,150432
712,150496,232,84,255,106,243,95,150433
712,150497,36,120,54,141,45,130,150434
712,150498,72,129,88,156,80,142,150435
712,150499,57,97,80,123,68,110,150436
712,150500,229,50,250,74,239,62,150437
712,150501,199,11,220,32,209,21,150438
712,150502,228,8,257,27,242,17,150439
712,150503,37,158,55,177,46,167,150440
712,150504,40,88,56,114,48,101,150441
712,150505,486,254,513,276,499,265,150442
712,150506,286,22,316,40,301,31,150443
712,150507,127,0,186,23,156,11,150444
712,150508,52,20,67,52,59,36,150445
712,150509,165,0,179,4,172,2,150446
712,150510,182,81,208,103,195,92,150447
712,150511,196,57,212,82,204,69,150448
712,150512,314,128,337,153,325,140,150449
712,150513,306,98,334,121,320,109,150450
712,150514,514,0,547,10,530,5,150451
712,150515,541,156,569,182,555,169,150452
712,150516,348,62,376,85,362,73,150453
712,150517,29,245,43,262,36,253,150454
712,150518,42,234,57,256,49,245,150455
712,150519,31,276,47,299,39,287,150456
712,150520,426,294,448,308,437,301,150457
712,150521,473,72,505,94,489,83,150458
712,150522,634,67,639,88,636,77,150459
712,150523,503,303,534,322,518,312,150460
712,150524,412,25,446,54,429,39,150461
712,150525,217,0,229,8,223,4,150462
712,150526,133,0,150,12,141,6,150463
712,150527,417,261,443,280,430,270,150464
712,150528,582,10,607,22,594,16,150465
712,150529,398,12,417,32,407,22,150466
712,150530,384,9,400,27,392,18,150467
712,150531,340,263,360,286,350,274,150468
712,150532,448,302,475,322,461,312,150469
712,150533,223,283,240,302,231,292,150470
713,150534,442,0,533,73,487,36,150471
713,150535,539,247,570,274,554,260,150472
713,150536,596,233,621,263,608,248,150473
713,150537,467,183,490,229,478,206,150474
713,150538,597,127,623,165,610,146,150475
713,150539,265,0,346,52,305,26,150476
713,150540,381,121,402,156,391,138,150477
713,150541,528,70,557,95,542,82,150478
713,150542,417,113,441,146,429,129,150479
713,150543,59,164,80,186,69,175,150480
713,150544,544,206,578,231,561,218,150481
713,150545,99,165,116,200,107,182,150482
713,150546,362,21,384,66,373,43,150483
713,150547,208,317,231,346,219,331,150484
713,150548,300,52,322,84,311,68,150485
713,150549,246,52,267,80,256,66,150486
713,150550,609,0,638,21,623,10,150487
713,150551,265,286,301,314,283,300,150488
713,150552,271,75,290,105,280,90,150489
713,150553,500,25,529,51,514,38,150490
713,150554,573,69,609,96,591,82,150491
713,150555,261,178,281,210,271,194,150492
713,150556,612,48,637,76,624,62,150493
713,150557,293,226,313,254,303,240,150494
713,150558,119,89,137,115,128,102,150495
713,150559,232,84,255,106,243,95,150496
713,150560,36,120,54,141,45,130,150497
713,150561,72,129,88,156,80,142,150498
713,150562,57,97,80,123,68,110,150499
713,150563,229,50,250,74,239,62,150500
713,150564,199,11,220,32,209,21,150501
713,150565,227,8,257,28,242,18,150502
713,150566,37,158,56,177,46,167,150503
713,150567,40,88,56,114,48,101,150504
713,150568,486,254,513,276,499,265,150505
713,150569,286,22,316,40,301,31,150506
713,150570,127,0,186,23,156,11,150507
713,150571,52,20,67,52,59,36,150508
713,150572,165,0,179,4,172,2,150509
713,150573,182,81,208,103,195,92,150510
713,150574,196,57,212,82,204,69,150511
713,150575,314,128,337,153,325,140,150512
713,150576,306,98,334,121,320,109,150513
713,150577,513,0,546,10,529,5,150514
713,150578,541,156,569,182,555,169,150515
713,150579,348,62,376,85,362,73,150516
713,150580,29,245,43,262,36,253,150517
713,150581,42,234,57,256,49,245,150518
713,150582,31,276,47,299,39,287,150519
713,150583,426,294,448,308,437,301,150520
713,150584,472,73,504,94,488,83,150521
713,150585,634,67,639,88,636,77,150522
713,150586,503,303,534,322,518,312,150523
713,150587,413,25,446,54,429,39,150524
713,150588,217,0,229,8,223,4,150525
713,150589,133,0,150,12,141,6,150526
713,150590,421,262,446,281,433,271,150527
713,150591,582,10,607,22,594,16,150528
713,150592,398,12,417,32,407,22,150529
713,150593,384,9,400,27,392,18,150530
713,150594,340,263,360,286,350,274,150531
713,150595,448,302,474,322,461,312,150532
713,150596,222,284,238,303,230,293,150533
714,150597,442,0,533,74,487,37,150534
714,150598,539,247,570,274,554,260,150535
714,150599,596,233,621,263,608,248,150536
714,150600,467,183,490,229,478,206,150537
714,150601,597,127,623,165,610,146,150538
714,150602,265,0,346,52,305,26,150539
714,150603,381,121,402,156,391,138,150540
714,150604,528,70,557,95,542,82,150541
714,150605,417,113,441,146,429,129,150542
714,150606,59,164,80,186,69,175,150543
714,150607,544,206,578,231,561,218,150544
714,150608,99,165,116,200,107,182,150545
714,150609,362,21,384,66,373,43,150546
714,150610,208,317,231,346,219,331,150547
714,150611,300,52,322,84,311,68,150548
714,150612,246,52,267,80,256,66,150549
714,150613,609,0,638,21,623,10,150550
714,150614,263,286,301,314,282,300,150551
714,150615,271,75,290,105,280,90,150552
714,150616,500,25,529,51,514,38,150553
714,150617,573,69,609,96,591,82,150554
714,150618,261,178,281,210,271,194,150555
714,150619,612,48,637,76,624,62,150556
714,150620,293,227,313,254,303,240,150557
714,150621,119,89,137,115,128,102,150558
714,150622,232,84,255,106,243,95,150559
714,150623,36,120,54,141,45,130,150560
714,150624,72,129,88,156,80,142,150561
714,150625,57,97,80,123,68,110,150562
714,150626,229,50,249,74,239,62,150563
714,150627,199,11,220,32,209,21,150564
714,150628,227,8,257,28,242,18,150565
714,150629,37,158,56,177,46,167,150566
714,150630,40,88,56,114,48,101,150567
714,150631,486,254,513,276,499,265,150568
714,150632,287,22,316,40,301,31,150569
714,150633,127,0,186,23,156,11,150570
714,150634,52,21,67,52,59,36,150571
714,150635,164,0,179,4,171,2,150572
714,150636,182,81,208,103,195,92,150573
714,150637,196,57,212,82,204,69,150574
714,150638,314,128,337,153,325,140,150575
714,150639,306,98,334,121,320,109,150576
714,150640,512,0,545,11,528,5,150577
714,150641,541,156,569,182,555,169,150578
714,150642,348,62,376,85,362,73,150579
714,150643,29,245,43,263,36,254,150580
714,150644,41,234,57,255,49,244,150581
714,150645,31,276,47,299,39,287,150582
714,150646,426,294,448,308,437,301,150583
714,150647,470,74,502,95,486,84,150584
714,150648,634,67,639,89,636,78,150585
714,150649,503,303,534,322,518,312,150586
714,150650,413,25,446,54,429,39,150587
714,150651,217,0,230,8,223,4,150588
714,150652,133,0,150,12,141,6,150589
714,150653,424,263,447,282,435,272,150590
714,150654,582,10,607,22,594,16,150591
714,150655,398,12,417,32,407,22,150592
714,150656,384,9,400,27,392,18,150593
714,150657,340,263,360,286,350,274,150594
714,150658,448,302,474,322,461,312,150595
715,150659,442,0,534,74,488,37,150597
715,150660,540,247,570,274,555,260,150598
715,150661,596,233,621,263,608,248,150599
715,150662,467,183,490,229,478,206,150600
715,150663,597,127,623,165,610,146,150601
715,150664,265,0,346,52,305,26,150602
715,150665,381,121,402,156,391,138,150603
715,150666,528,70,557,95,542,82,150604
715,150667,417,113,441,146,429,129,150605
715,150668,59,164,80,186,69,175,150606
715,150669,544,206,578,231,561,218,150607
715,150670,99,165,116,200,107,182,150608
715,150671,362,21,384,66,373,43,150609
715,150672,208,317,231,346,219,331,150610
715,150673,300,52,322,84,311,68,150611
715,150674,246,52,267,80,256,66,150612
715,150675,609,0,638,21,623,10,150613
715,150676,262,286,301,314,281,300,150614
715,150677,271,75,291,105,281,90,150615
715,150678,500,25,529,51,514,38,150616
715,150679,573,69,609,96,591,82,150617
715,150680,261,178,281,210,271,194,150618
715,150681,612,48,637,76,624,62,150619
715,150682,293,227,313,254,303,240,150620
715,150683,119,89,137,115,128,102,150621
715,150684,232,84,255,106,243,95,150622
715,150685,36,120,54,141,45,130,150623
715,150686,72,129,88,156,80,142,150624
715,150687,57,97,80,123,68,110,150625
715,150688,229,50,250,74,239,62,150626
715,150689,199,11,220,32,209,21,150627
715,150690,227,8,257,28,242,18,150628
715,150691,37,158,56,177,46,167,150629
715,150692,40,88,56,114,48,101,150630
715,150693,486,254,513,276,499,265,150631
715,150694,287,22,316,40,301,31,150632
715,150695,127,0,186,23,156,11,150633
715,150696,52,20,67,52,59,36,150634
715,150697,164,0,179,4,171,2,150635
715,150698,182,81,208,103,195,92,150636
715,150699,196,57,212,82,204,69,150637
715,150700,314,128,337,153,325,140,150638
715,150701,306,98,334,121,320,109,150639
715,150702,512,0,543,11,527,5,150640
715,150703,541,156,569,182,555,169,150641
715,150704,348,62,376,85,362,73,150642
715,150705,29,245,43,263,36,254,150643
715,150706,41,234,58,255,49,244,150644
715,150707,31,276,47,299,39,287,150645
715,150708,426,294,447,308,436,301,150646
715,150709,465,75,501,97,483,86,150647
715,150710,635,67,639,88,637,77,150648
715,150711,503,303,534,322,518,312,150649
715,150712,414,25,446,54,430,39,150650
715,150713,217,0,230,8,223,4,150651
715,150714,133,0,149,12,141,6,150652
715,150715,427,264,449,284,438,274,150653
715,150716,582,10,607,22,594,16,150654
715,150717,398,12,418,32,408,22,150655
715,150718,384,9,400,27,392,18,150656
715,150719,340,263,360,286,350,274,150657
716,150720,441,0,534,75,487,37,150659
716,150721,540,247,570,274,555,260,150660
716,150722,596,233,621,263,608,248,150661
716,150723,467,183,490,229,478,206,150662
716,150724,597,127,623,165,610,146,150663
716,150725,265,0,346,52,305,26,150664
716,150726,381,121,402,156,391,138,150665
716,150727,528,70,557,95,542,82,150666
716,150728,417,113,441,146,429,129,150667
716,150729,59,164,80,186,69,175,150668
716,150730,544,206,579,231,561,218,150669
716,150731,99,165,116,200,107,182,150670
716,150732,362,21,384,66,373,43,150671
716,150733,208,317,231,346,219,331,150672
716,150734,300,52,322,84,311,68,150673
716,150735,246,52,267,80,256,66,150674
716,150736,609,0,638,21,623,10,150675
716,150737,272,286,301,311,286,298,150676
716,150738,271,75,291,105,281,90,150677
716,150739,500,25,529,51,514,38,150678
716,150740,573,69,609,96,591,82,150679
716,150741,261,178,281,210,271,194,150680
716,150742,612,48,637,76,624,62,150681
716,150743,293,226,313,254,303,240,150682
716,150744,119,89,137,115,128,102,150683
716,150745,232,84,255,106,243,95,150684
716,150746,36,120,54,141,45,130,150685
716,150747,72,129,88,156,80,142,150686
716,150748,57,97,80,123,68,110,150687
716,150749,229,50,250,74,239,62,150688
716,150750,199,11,220,32,209,21,150689
716,150751,227,8,257,28,242,18,150690
716,150752,37,158,56,177,46,167,150691
716,150753,40,88,56,114,48,101,150692
716,150754,486,254,513,276,499,265,150693
716,150755,287,22,318,40,302,31,150694
716,150756,127,0,186,23,156,11,150695
716,150757,52,21,67,52,59,36,150696
716,150758,164,0,179,4,171,2,150697
716,150759,183,81,208,104,195,92,150698
716,150760,196,57,212,82,204,69,150699
716,150761,314,128,337,153,325,140,150700
716,150762,306,98,334,121,320,109,150701
716,150763,511,0,542,12,526,6,150702
716,150764,541,156,569,182,555,169,150703
716,150765,348,62,376,85,362,73,150704
716,150766,29,245,43,263,36,254,150705
716,150767,41,233,58,255,49,244,150706
716,150768,31,276,47,299,39,287,150707
716,150769,426,294,447,308,436,301,150708
716,150770,463,76,499,98,481,87,150709
716,150771,503,303,534,322,518,312,150711
716,150772,415,25,446,54,430,39,150712
716,150773,217,0,230,8,223,4,150713
716,150774,133,0,149,12,141,6,150714
716,150775,429,266,451,285,440,275,150715
716,150776,581,10,607,22,594,16,150716
716,150777,398,12,418,32,408,22,150717
716,150778,384,9,400,27,392,18,150718
716,150779,341,262,360,287,350,274,150719
717,150780,442,0,535,75,488,37,150720
717,150781,540,247,570,274,555,260,150721
717,150782,596,233,621,263,608,248,150722
717,150783,467,183,490,229,478,206,150723
717,150784,597,127,623,165,610,146,150724
717,150785,265,0,346,52,305,26,150725
717,150786,381,121,402,156,391,138,150726
717,150787,528,70,557,95,542,82,150727
717,150788,417,113,441,146,429,129,150728
717,150789,59,164,80,186,69,175,150729
717,150790,543,206,579,231,561,218,150730
717,150791,99,165,116,200,107,182,150731
717,150792,362,21,384,66,373,43,150732
717,150793,208,317,231,346,219,331,150733
717,150794,300,52,322,84,311,68,150734
717,150795,246,52,267,80,256,66,150735
717,150796,609,0,638,21,623,10,150736
717,150797,276,286,301,310,288,298,150737
717,150798,271,75,291,105,281,90,150738
717,150799,500,25,529,51,514,38,150739
717,150800,573,69,609,96,591,82,150740
717,150801,261,178,281,210,271,194,150741
717,150802,612,48,637,76,624,62,150742
717,150803,292,226,313,254,302,240,150743
717,150804,119,89,137,115,128,102,150744
717,150805,232,84,255,107,243,95,150745
717,150806,36,120,54,141,45,130,150746
717,150807,72,129,88,155,80,142,150747
717,150808,57,97,80,123,68,110,150748
717,150809,229,50,249,74,239,62,150749
717,150810,199,11,220,32,209,21,150750
717,150811,227,8,257,29,242,18,150751
717,150812,37,158,56,177,46,167,150752
717,150813,40,88,56,114,48,101,150753
717,150814,486,254,513,276,499,265,150754
717,150815,287,22,318,40,302,31,150755
717,150816,128,0,186,23,157,11,150756
717,150817,52,21,67,52,59,36,150757
717,150818,164,0,179,4,171,2,150758
717,150819,183,82,208,104,195,93,150759
717,150820,196,57,212,82,204,69,150760
717,150821,314,128,337,153,325,140,150761
717,150822,306,98,334,121,320,109,150762
717,150823,511,0,541,12,526,6,150763
717,150824,541,156,569,182,555,169,150764
717,150825,348,62,376,85,362,73,150765
717,150826,29,244,43,263,36,253,150766
717,150827,41,233,58,255,49,244,150767
717,150828,31,276,47,299,39,287,150768
717,150829,426,294,448,308,437,301,150769
717,150830,462,77,497,98,479,87,150770
717,150831,503,303,534,322,518,312,150771
717,150832,417,25,447,54,432,39,150772
717,150833,217,0,230,8,223,4,150773
717,150834,133,0,149,12,141,6,150774
717,150835,431,267,454,290,442,278,150775
717,150836,582,10,607,22,594,16,150776
717,150837,398,12,418,33,408,22,150777
717,150838,384,9,401,28,392,18,150778
717,150839,341,262,360,288,350,275,150779
717,150840,254,296,285,315,269,305,
718,150841,442,0,535,75,488,37,150780
718,150842,540,247,570,274,555,260,150781
718,150843,596,233,621,263,608,248,150782
718,150844,468,184,490,229,479,206,150783
718,150845,597,127,623,165,610,146,150784
718,150846,265,0,346,52,305,26,150785
718,150847,381,121,402,156,391,138,150786
718,150848,528,70,557,95,542,82,150787
718,150849,417,113,441,146,429,129,150788
718,150850,59,164,80,186,69,175,150789
718,150851,543,206,579,231,561,218,150790
718,150852,99,165,116,200,107,182,150791
718,150853,362,21,385,66,373,43,150792
718,150854,208,317,231,346,219,331,150793
718,150855,300,52,322,84,311,68,150794
718,150856,246,52,267,80,256,66,150795
718,150857,609,0,638,21,623,10,150796
718,150858,278,287,301,309,289,298,150797
718,150859,271,75,291,105,281,90,150798
718,150860,500,25,529,50,514,37,150799
718,150861,573,69,609,96,591,82,150800
718,150862,261,178,281,210,271,194,150801
718,150863,612,48,637,76,624,62,150802
718,150864,292,226,313,254,302,240,150803
718,150865,119,89,137,115,128,102,150804
718,150866,232,84,255,107,243,95,150805
718,150867,36,120,54,141,45,130,150806
718,150868,72,129,88,156,80,142,150807
718,150869,57,97,80,123,68,110,150808
718,150870,229,50,249,74,239,62,150809
718,150871,199,11,220,32,209,21,150810
718,150872,227,8,257,29,242,18,150811
718,150873,37,158,56,177,46,167,150812
718,150874,40,88,56,114,48,101,150813
718,150875,486,254,513,276,499,265,150814
718,150876,287,22,318,40,302,31,150815
718,150877,128,0,186,23,157,11,150816
718,150878,52,21,67,52,59,36,150817
718,150879,164,0,179,4,171,2,150818
718,150880,183,81,208,104,195,92,150819
718,150881,196,57,212,82,204,69,150820
718,150882,314,127,337,153,325,140,150821
718,150883,306,98,334,121,320,109,150822
718,150884,511,0,541,12,526,6,150823
718,150885,541,156,569,182,555,169,150824
718,150886,348,62,376,85,362,73,150825
718,150887,29,244,43,263,36,253,150826
718,150888,41,233,58,254,49,243,150827
718,150889,31,276,47,299,39,287,150828
718,150890,426,294,448,308,437,301,150829
718,150891,461,77,495,99,478,88,150830
718,150892,503,303,534,322,518,312,150831
718,150893,419,25,449,57,434,41,150832
718,150894,217,0,230,8,223,4,150833
718,150895,133,0,149,12,141,6,150834
718,150896,433,269,456,292,444,280,150835
718,150897,582,10,607,22,594,16,150836
718,150898,398,12,418,33,408,22,150837
718,150899,384,9,401,28,392,18,150838
718,150900,341,262,360,288,350,275,150839
718,150901,252,295,284,316,268,305,150840
718,150902,67,20,81,40,74,30,
718,150903,198,277,224,302,211,289,
719,150904,442,0,535,75,488,37,150841
719,150905,540,247,570,274,555,260,150842
719,150906,596,233,621,263,608,248,150843
719,150907,468,184,490,229,479,206,150844
719,150908,597,127,623,165,610,146,150845
719,150909,265,0,346,52,305,26,150846
719,150910,381,121,402,156,391,138,150847
719,150911,528,70,557,95,542,82,150848
719,150912,417,113,441,146,429,129,150849
719,150913,59,164,80,186,69,175,150850
719,150914,543,206,579,231,561,218,150851
719,150915,99,165,116,200,107,182,150852
719,150916,362,21,385,66,373,43,150853
719,150917,208,317,231,346,219,331,150854
719,150918,300,52,322,84,311,68,150855
719,150919,246,52,267,80,256,66,150856
719,150920,609,0,638,21,623,10,150857
719,150921,279,287,301,309,290,298,150858
719,150922,271,75,291,105,281,90,150859
719,150923,500,25,529,50,514,37,150860
719,150924,573,69,609,96,591,82,150861
719,150925,261,178,281,210,271,194,150862
719,150926,612,48,637,76,624,62,150863
719,150927,292,226,313,254,302,240,150864
719,150928,119,89,137,115,128,102,150865
719,150929,232,84,255,107,243,95,150866
719,150930,36,120,54,141,45,130,150867
719,150931,72,129,88,155,80,142,150868
719,150932,57,97,80,123,68,110,150869
719,150933,229,50,249,74,239,62,150870
719,150934,199,11,220,32,209,21,150871
719,150935,227,8,257,29,242,18,150872
719,150936,37,158,56,177,46,167,150873
719,150937,40,88,56,114,48,101,150874
719,150938,486,254,513,276,499,265,150875
719,150939,287,22,318,40,302,31,150876
719,150940,128,0,186,23,157,11,150877
719,150941,52,21,67,52,59,36,150878
719,150942,164,0,179,4,171,2,150879
719,150943,183,81,208,104,195,92,150880
719,150944,196,57,212,82,204,69,150881
719,150945,314,127,337,153,325,140,150882
719,150946,306,98,334,121,320,109,150883
719,150947,511,0,541,12,526,6,150884
719,150948,541,156,569,182,555,169,150885
719,150949,348,62,376,85,362,73,150886
719,150950,29,244,43,263,36,253,150887
719,150951,41,233,58,254,49,243,150888
719,150952,31,276,47,299,39,287,150889
719,150953,427,294,448,308,437,301,150890
719,150954,461,77,495,99,478,88,150891
719,150955,503,303,534,322,518,312,150892
719,150956,420,26,449,58,434,42,150893
719,150957,217,0,230,8,223,4,150894
719,150958,133,0,149,12,141,6,150895
719,150959,434,269,456,293,445,281,150896
719,150960,582,10,607,22,594,16,150897
719,150961,398,12,418,33,408,22,150898
719,150962,384,9,401,28,392,18,150899
719,150963,341,262,359,288,350,275,150900
719,150964,252,295,283,316,267,305,150901
719,150965,67,20,81,40,74,30,150902
719,150966,308,267,329,284,318,275,
719,150967,197,277,224,303,210,290,150903
720,150968,442,0,535,74,488,37,150904
720,150969,540,247,570,274,555,260,150905
720,150970,596,233,621,263,608,248,150906
720,150971,468,184,490,229,479,206,150907
720,150972,597,127,623,165,610,146,150908
720,150973,265,0,346,52,305,26,150909
720,150974,381,121,402,156,391,138,150910
720,150975,528,70,557,95,542,82,150911
720,150976,417,113,441,146,429,129,150912
720,150977,59,164,80,186,69,175,150913
720,150978,543,206,579,231,561,218,150914
720,150979,99,165,116,200,107,182,150915
720,150980,363,21,385,66,374,43,150916
720,150981,208,317,231,346,219,331,150917
720,150982,300,52,322,84,311,68,150918
720,150983,246,52,267,80,256,66,150919
720,150984,609,0,638,21,623,10,150920
720,150985,279,288,301,309,290,298,150921
720,150986,271,75,291,105,281,90,150922
720,150987,500,25,529,50,514,37,150923
720,150988,573,69,609,96,591,82,150924
720,150989,261,178,281,210,271,194,150925
720,150990,612,48,637,76,624,62,150926
720,150991,292,226,313,254,302,240,150927
720,150992,119,89,137,115,128,102,150928
720,150993,232,84,255,107,243,95,150929
720,150994,36,120,54,141,45,130,150930
720,150995,72,129,88,155,80,142,150931
720,150996,57,97,80,123,68,110,150932
720,150997,229,50,249,74,239,62,150933
720,150998,199,11,220,33,209,22,150934
720,150999,227,8,257,29,242,18,150935
720,151000,37,158,56,177,46,167,150936
720,151001,40,88,56,114,48,101,150937
720,151002,486,254,513,276,499,265,150938
720,151003,287,22,317,40,302,31,150939
720,151004,129,0,186,23,157,11,150940
720,151005,52,21,67,52,59,36,150941
720,151006,164,0,179,4,171,2,150942
720,151007,184,81,208,104,196,92,150943
720,151008,196,57,212,82,204,69,150944
720,151009,314,127,337,153,325,140,150945
720,151010,306,98,334,121,320,109,150946
720,151011,509,0,541,11,525,5,150947
720,151012,541,156,569,182,555,169,150948
720,151013,348,62,376,85,362,73,150949
720,151014,29,244,43,262,36,253,150950
720,151015,41,233,58,254,49,243,150951
720,151016,31,276,47,299,39,287,150952
720,151017,427,295,449,308,438,301,150953
720,151018,461,77,494,99,477,88,150954
720,151019,503,303,534,322,518,312,150955
720,151020,421,26,450,58,435,42,150956
720,151021,217,0,230,8,223,4,150957
720,151022,133,0,148,11,140,5,150958
720,151023,436,271,458,294,447,282,150959
720,151024,582,10,607,22,594,16,150960
720,151025,398,12,418,33,408,22,150961
720,151026,384,9,401,28,392,18,150962
720,151027,341,262,359,289,350,275,150963
720,151028,251,294,281,316,266,305,150964
720,151029,67,20,81,40,74,30,150965
720,151030,308,266,329,284,318,275,150966
720,151031,197,277,224,302,210,289,150967
721,151032,442,0,535,75,488,37,150968
721,151033,540,247,570,274,555,260,150969
721,151034,596,233,621,263,608,248,150970
721,151035,468,183,490,229,479,206,150971
721,151036,597,127,623,165,610,146,150972
721,151037,265,0,346,53,305,26,150973
721,151038,381,121,402,156,391,138,150974
721,151039,528,70,557,95,542,82,150975
721,151040,417,113,441,145,429,129,150976
721,151041,59,164,80,186,69,175,150977
721,151042,544,206,579,231,561,218,150978
721,151043,99,165,116,200,107,182,150979
721,151044,362,21,384,66,373,43,150980
721,151045,208,317,231,346,219,331,150981
721,151046,300,52,322,84,311,68,150982
721,151047,246,52,267,80,256,66,150983
721,151048,609,0,638,21,623,10,150984
721,151049,279,288,301,309,290,298,150985
721,151050,271,75,291,105,281,90,150986
721,151051,500,25,529,50,514,37,150987
721,151052,573,69,609,96,591,82,150988
721,151053,261,178,281,210,271,194,150989
721,151054,612,48,637,76,624,62,150990
721,151055,292,226,313,254,302,240,150991
721,151056,119,89,137,115,128,102,150992
721,151057,232,84,255,107,243,95,150993
721,151058,36,120,54,141,45,130,150994
721,151059,72,129,88,155,80,142,150995
721,151060,57,97,80,123,68,110,150996
721,151061,229,50,249,74,239,62,150997
721,151062,199,11,220,32,209,21,150998
721,151063,227,8,258,29,242,18,150999
721,151064,37,158,56,177,46,167,151000
721,151065,40,88,56,114,48,101,151001
721,151066,486,254,513,276,499,265,151002
721,151067,287,22,317,40,302,31,151003
721,151068,128,0,187,23,157,11,151004
721,151069,52,20,67,52,59,36,151005
721,151070,164,0,179,4,171,2,151006
721,151071,184,81,208,104,196,92,151007
721,151072,196,56,212,82,204,69,151008
721,151073,314,127,337,153,325,140,151009
721,151074,306,98,334,121,320,109,151010
721,151075,507,0,540,11,523,5,151011
721,151076,541,156,569,182,555,169,151012
721,151077,348,62,376,85,362,73,151013
721,151078,29,244,43,263,36,253,151014
721,151079,41,233,58,254,49,243,151015
721,151080,31,276,47,299,39,287,151016
721,151081,427,295,449,308,438,301,151017
721,151082,461,77,492,98,476,87,151018
721,151083,503,303,534,322,518,312,151019
721,151084,423,28,452,59,437,43,151020
721,151085,217,0,230,8,223,4,151021
721,151086,132,0,148,11,140,5,151022
721,151087,437,272,459,294,448,283,151023
721,151088,582,10,607,22,594,16,151024
721,151089,398,12,418,33,408,22,151025
721,151090,384,9,401,27,392,18,151026
721,151091,341,262,359,289,350,275,151027
721,151092,251,294,279,315,265,304,151028
721,151093,309,265,330,283,319,274,151030
721,151094,197,277,223,303,210,290,151031
722,151095,442,0,534,74,488,37,151032
722,151096,540,247,570,274,555,260,151033
722,151097,596,233,621,263,608,248,151034
722,151098,468,183,490,229,479,206,151035
722,151099,597,127,623,165,610,146,151036
722,151100,265,0,346,53,305,26,151037
722,151101,381,121,402,156,391,138,151038
722,151102,528,70,557,95,542,82,151039
722,151103,417,113,441,145,429,129,151040
722,151104,59,164,80,186,69,175,151041
722,151105,544,206,579,231,561,218,151042
722,151106,99,165,116,200,107,182,151043
722,151107,362,21,384,66,373,43,151044
722,151108,208,317,231,346,219,331,151045
722,151109,300,52,321,84,310,68,151046
722,151110,246,52,267,80,256,66,151047
722,151111,609,0,638,21,623,10,151048
722,151112,279,288,301,309,290,298,151049
722,151113,271,75,291,104,281,89,151050
722,151114,500,25,529,50,514,37,151051
722,151115,573,69,609,96,591,82,151052
722,151116,261,178,281,210,271,194,151053
722,151117,612,48,637,76,624,62,151054
722,151118,292,226,313,254,302,240,151055
722,151119,119,89,137,115,128,102,151056
722,151120,232,84,255,107,243,95,151057
722,151121,36,120,54,141,45,130,151058
722,151122,72,129,88,155,80,142,151059
722,151123,57,97,80,123,68,110,151060
722,151124,229,50,249,74,239,62,151061
722,151125,199,11,220,32,209,21,151062
722,151126,227,8,258,28,242,18,151063
722,151127,37,158,56,177,46,167,151064
722,151128,40,88,56,114,48,101,151065
722,151129,486,254,513,276,499,265,151066
722,151130,287,22,317,40,302,31,151067
722,151131,127,0,187,23,157,11,151068
722,151132,52,20,67,52,59,36,151069
722,151133,165,0,179,4,172,2,151070
722,151134,183,82,208,104,195,93,151071
722,151135,195,56,212,83,203,69,151072
722,151136,314,127,337,153,325,140,151073
722,151137,306,98,334,121,320,109,151074
722,151138,507,0,539,12,523,6,151075
722,151139,542,156,569,182,555,169,151076
722,151140,348,62,376,85,362,73,151077
722,151141,29,244,43,263,36,253,151078
722,151142,41,233,58,254,49,243,151079
722,151143,32,276,47,299,39,287,151080
722,151144,427,295,449,308,438,301,151081
722,151145,460,76,490,97,475,86,151082
722,151146,503,303,534,322,518,312,151083
722,151147,425,29,453,60,439,44,151084
722,151148,217,0,230,8,223,4,151085
722,151149,131,0,148,11,139,5,151086
722,151150,440,273,461,294,450,283,151087
722,151151,582,10,607,22,594,16,151088
722,151152,398,12,418,33,408,22,151089
722,151153,384,9,401,27,392,18,151090
722,151154,341,262,360,289,350,275,151091
722,151155,251,292,277,313,264,302,151092
722,151156,310,265,331,283,320,274,151093
722,151157,196,276,222,303,209,289,151094
722,151158,35,267,53,282,44,274,
723,151159,443,0,534,74,488,37,151095
723,151160,540,247,571,274,555,260,151096
723,151161,596,233,621,263,608,248,151097
723,151162,468,183,490,229,479,206,151098
723,151163,597,127,623,165,610,146,151099
723,151164,266,0,346,53,306,26,151100
723,151165,381,121,402,156,391,138,151101
723,151166,528,70,557,95,542,82,151102
723,151167,417,113,441,145,429,129,151103
723,151168,59,164,80,186,69,175,151104
723,151169,544,206,579,231,561,218,151105
723,151170,99,165,116,200,107,182,151106
723,151171,363,21,384,66,373,43,151107
723,151172,208,317,231,346,219,331,151108
723,151173,300,53,322,84,311,68,151109
723,151174,246,52,267,80,256,66,151110
723,151175,609,0,638,22,623,11,151111
723,151176,279,288,301,309,290,298,151112
723,151177,271,75,291,104,281,89,151113
723,151178,501,25,529,50,515,37,151114
723,151179,573,69,609,96,591,82,151115
723,151180,261,178,281,210,271,194,151116
723,151181,612,48,637,76,624,62,151117
723,151182,292,226,313,254,302,240,151118
723,151183,119,89,137,115,128,102,151119
723,151184,232,84,255,107,243,95,151120
723,151185,36,120,54,141,45,130,151121
723,151186,72,129,88,155,80,142,151122
723,151187,57,97,80,123,68,110,151123
723,151188,229,50,250,74,239,62,151124
723,151189,199,11,220,33,209,22,151125
723,151190,227,8,258,29,242,18,151126
723,151191,37,158,56,177,46,167,151127
723,151192,40,88,56,114,48,101,151128
723,151193,486,254,513,276,499,265,151129
723,151194,287,22,316,41,301,31,151130
723,151195,128,0,187,23,157,11,151131
723,151196,52,20,67,52,59,36,151132
723,151197,165,0,179,4,172,2,151133
723,151198,182,82,208,105,195,93,151134
723,151199,195,56,212,83,203,69,151135
723,151200,314,127,337,153,325,140,151136
723,151201,306,98,334,121,320,109,151137
723,151202,506,0,538,12,522,6,151138
723,151203,542,156,569,182,555,169,151139
723,151204,348,62,376,85,362,73,151140
723,151205,29,244,43,263,36,253,151141
723,151206,41,233,58,255,49,244,151142
723,151207,32,277,47,299,39,288,151143
723,151208,427,295,450,309,438,302,151144
723,151209,458,75,489,96,473,85,151145
723,151210,503,303,534,322,518,312,151146
723,151211,426,30,453,61,439,45,151147
723,151212,217,0,230,8,223,4,151148
723,151213,131,0,148,9,139,4,151149
723,151214,444,273,463,294,453,283,151150
723,151215,582,10,607,22,594,16,151151
723,151216,398,12,418,33,408,22,151152
723,151217,384,9,401,27,392,18,151153
723,151218,341,262,360,289,350,275,151154
723,151219,250,289,275,310,262,299,151155
723,151220,312,265,333,284,322,274,151156
723,151221,194,276,222,303,208,289,151157
723,151222,36,267,53,283,44,275,151158
723,151223,450,300,472,312,461,306,
724,151224,443,0,534,73,488,36,151159
724,151225,540,247,571,274,555,260,151160
724,151226,596,233,621,263,608,248,151161
724,151227,468,183,490,229,479,206,151162
724,151228,597,127,623,165,610,146,151163
724,151229,266,0,346,53,306,26,151164
724,151230,381,121,402,156,391,138,151165
724,151231,528,70,557,95,542,82,151166
724,151232,417,113,441,145,429,129,151167
724,151233,59,164,80,186,69,175,151168
724,151234,544,206,579,231,561,218,151169
724,151235,99,165,116,200,107,182,151170
724,151236,363,21,384,66,373,43,151171
724,151237,208,317,231,346,219,331,151172
724,151238,300,53,322,84,311,68,151173
724,151239,246,52,267,80,256,66,151174
724,151240,609,0,638,22,623,11,151175
724,151241,278,288,301,309,289,298,151176
724,151242,271,75,291,104,281,89,151177
724,151243,500,25,529,50,514,37,151178
724,151244,573,69,609,96,591,82,151179
724,151245,261,178,281,210,271,194,151180
724,151246,612,48,637,76,624,62,151181
724,151247,293,226,313,254,303,240,151182
724,151248,119,89,137,115,128,102,151183
724,151249,233,84,255,107,244,95,151184
724,151250,36,120,54,141,45,130,151185
724,151251,72,129,88,155,80,142,151186
724,151252,57,97,80,123,68,110,151187
724,151253,229,50,250,74,239,62,151188
724,151254,199,11,220,33,209,22,151189
724,151255,228,8,258,29,243,18,151190
724,151256,37,158,56,177,46,167,151191
724,151257,40,88,56,114,48,101,151192
724,151258,486,254,513,276,499,265,151193
724,151259,287,22,316,42,301,32,151194
724,151260,129,0,187,23,158,11,151195
724,151261,52,20,67,52,59,36,151196
724,151262,165,0,179,4,172,2,151197
724,151263,182,83,208,105,195,94,151198
724,151264,195,56,212,83,203,69,151199
724,151265,314,127,337,153,325,140,151200
724,151266,306,98,334,121,320,109,151201
724,151267,506,0,538,11,522,5,151202
724,151268,542,156,569,182,555,169,151203
724,151269,348,62,376,85,362,73,151204
724,151270,29,244,43,263,36,253,151205
724,151271,42,233,58,256,50,244,151206
724,151272,32,277,47,299,39,288,151207
724,151273,427,295,450,309,438,302,151208
724,151274,456,74,489,95,472,84,151209
724,151275,503,303,534,322,518,312,151210
724,151276,427,31,453,61,440,46,151211
724,151277,217,0,231,8,224,4,151212
724,151278,130,0,148,8,139,4,151213
724,151279,446,273,467,295,456,284,151214
724,151280,582,10,607,22,594,16,151215
724,151281,398,12,418,33,408,22,151216
724,151282,384,9,401,27,392,18,151217
724,151283,341,262,360,288,350,275,151218
724,151284,250,285,274,309,262,297,151219
724,151285,314,267,335,285,324,276,151220
724,151286,37,268,54,284,45,276,151222
725,151287,443,0,534,73,488,36,151224
725,151288,540,247,570,274,555,260,151225
725,151289,596,233,621,263,608,248,151226
725,151290,468,183,490,229,479,206,151227
725,151291,597,127,623,165,610,146,151228
725,151292,266,0,346,53,306,26,151229
725,151293,381,121,402,156,391,138,151230
725,151294,528,70,557,95,542,82,151231
725,151295,417,113,441,145,429,129,151232
725,151296,59,164,80,186,69,175,151233
725,151297,544,206,579,231,561,218,151234
725,151298,99,165,116,200,107,182,151235
725,151299,363,21,384,66,373,43,151236
725,151300,208,317,231,346,219,331,151237
725,151301,300,53,321,84,310,68,151238
725,151302,246,52,267,80,256,66,151239
725,151303,609,0,638,22,623,11,151240
725,151304,278,288,301,309,289,298,151241
725,151305,271,75,291,104,281,89,151242
725,151306,500,25,529,50,514,37,151243
725,151307,573,69,609,96,591,82,151244
725,151308,261,178,281,210,271,194,151245
725,151309,612,48,637,76,624,62,151246
725,151310,293,226,313,254,303,240,151247
725,151311,119,89,137,115,128,102,151248
725,151312,233,84,255,107,244,95,151249
725,151313,36,120,54,141,45,130,151250
725,151314,72,129,88,155,80,142,151251
725,151315,57,97,80,123,68,110,151252
725,151316,229,50,250,74,239,62,151253
725,151317,199,11,220,33,209,22,151254
725,151318,228,8,258,29,243,18,151255
725,151319,37,158,56,177,46,167,151256
725,151320,40,88,56,114,48,101,151257
725,151321,486,254,513,276,499,265,151258
725,151322,287,22,316,42,301,32,151259
725,151323,129,0,187,23,158,11,151260
725,151324,52,20,67,52,59,36,151261
725,151325,165,0,179,4,172,2,151262
725,151326,182,83,209,106,195,94,151263
725,151327,195,56,212,83,203,69,151264
725,151328,314,127,337,153,325,140,151265
725,151329,306,98,334,121,320,109,151266
725,151330,506,0,538,11,522,5,151267
725,151331,542,156,569,182,555,169,151268
725,151332,348,62,376,85,362,73,151269
725,151333,28,244,43,263,35,253,151270
725,151334,42,233,58,256,50,244,151271
725,151335,32,277,47,299,39,288,151272
725,151336,427,294,450,308,438,301,151273
725,151337,455,73,488,95,471,84,151274
725,151338,503,303,534,322,518,312,151275
725,151339,428,31,453,61,440,46,151276
725,151340,217,0,231,8,224,4,151277
725,151341,130,0,147,7,138,3,151278
725,151342,447,273,468,295,457,284,151279
725,151343,582,10,607,22,594,16,151280
725,151344,398,12,418,33,408,22,151281
725,151345,384,9,401,27,392,18,151282
725,151346,341,262,360,288,350,275,151283
725,151347,250,283,274,309,262,296,151284
725,151348,314,268,336,285,325,276,151285
725,151349,37,268,54,284,45,276,151286
726,151350,443,0,534,73,488,36,151287
726,151351,540,247,571,274,555,260,151288
726,151352,596,233,621,263,608,248,151289
726,151353,468,183,490,229,479,206,151290
726,151354,597,127,623,165,610,146,151291
726,151355,266,0,346,53,306,26,151292
726,151356,381,121,402,156,391,138,151293
726,151357,528,70,557,95,542,82,151294
726,151358,417,113,441,145,429,129,151295
726,151359,59,164,80,186,69,175,151296
726,151360,544,206,579,231,561,218,151297
726,151361,99,165,116,200,107,182,151298
726,151362,363,21,384,66,373,43,151299
726,151363,208,317,231,346,219,331,151300
726,151364,300,53,322,84,311,68,151301
726,151365,246,52,267,80,256,66,151302
726,151366,609,0,638,22,623,11,151303
726,151367,278,287,301,308,289,297,151304
726,151368,271,75,291,105,281,90,151305
726,151369,500,25,529,50,514,37,151306
726,151370,573,69,609,96,591,82,151307
726,151371,261,178,281,210,271,194,151308
726,151372,612,48,637,76,624,62,151309
726,151373,293,226,313,254,303,240,151310
726,151374,119,89,137,115,128,102,151311
726,151375,233,84,255,107,244,95,151312
726,151376,36,120,54,141,45,130,151313
726,151377,72,129,88,155,80,142,151314
726,151378,57,97,80,123,68,110,151315
726,151379,229,50,250,74,239,62,151316
726,151380,199,11,220,33,209,22,151317
726,151381,228,9,257,29,242,19,151318
726,151382,37,158,56,177,46,167,151319
726,151383,40,88,56,114,48,101,151320
726,151384,486,254,513,276,499,265,151321
726,151385,287,22,317,42,302,32,151322
726,151386,128,0,187,23,157,11,151323
726,151387,52,20,67,52,59,36,151324
726,151388,164,0,179,4,171,2,151325
726,151389,181,83,209,106,195,94,151326
726,151390,195,56,212,84,203,70,151327
726,151391,314,127,337,153,325,140,151328
726,151392,306,98,334,121,320,109,151329
726,151393,505,0,538,11,521,5,151330
726,151394,542,156,569,182,555,169,151331
726,151395,348,62,376,85,362,73,151332
726,151396,28,244,43,263,35,253,151333
726,151397,42,233,58,256,50,244,151334
726,151398,32,277,47,299,39,288,151335
726,151399,427,294,450,308,438,301,151336
726,151400,455,73,488,94,471,83,151337
726,151401,503,303,534,322,518,312,151338
726,151402,427,31,453,61,440,46,151339
726,151403,217,0,231,8,224,4,151340
726,151404,130,0,146,7,138,3,151341
726,151405,448,273,470,295,459,284,151342
726,151406,582,10,607,22,594,16,151343
726,151407,398,12,418,33,408,22,151344
726,151408,384,9,401,27,392,18,151345
726,151409,341,262,360,288,350,275,151346
726,151410,250,282,273,308,261,295,151347
726,151411,316,269,337,285,326,277,151348
726,151412,38,268,55,284,46,276,151349
727,151413,443,0,534,72,488,36,151350
727,151414,540,247,571,274,555,260,151351
727,151415,596,233,621,263,608,248,151352
727,151416,468,183,490,229,479,206,151353
727,151417,597,127,623,165,610,146,151354
727,151418,265,0,346,53,305,26,151355
727,151419,381,121,402,156,391,138,151356
727,151420,528,70,557,95,542,82,151357
727,151421,417,113,441,145,429,129,151358
727,151422,59,164,80,186,69,175,151359
727,151423,544,206,579,231,561,218,151360
727,151424,99,165,116,200,107,182,151361
727,151425,363,21,384,66,373,43,151362
727,151426,208,317,231,347,219,332,151363
727,151427,300,53,322,84,311,68,151364
727,151428,246,52,267,80,256,66,151365
727,151429,609,0,638,22,623,11,151366
727,151430,278,287,301,308,289,297,151367
727,151431,271,75,291,105,281,90,151368
727,151432,500,25,529,50,514,37,151369
727,151433,573,69,609,96,591,82,151370
727,151434,261,178,281,210,271,194,151371
727,151435,612,48,637,76,624,62,151372
727,151436,293,226,313,254,303,240,151373
727,151437,119,89,137,115,128,102,151374
727,151438,233,84,256,107,244,95,151375
727,151439,36,120,54,141,45,130,151376
727,151440,72,129,88,155,80,142,151377
727,151441,57,97,80,123,68,110,151378
727,151442,229,50,250,74,239,62,151379
727,151443,199,11,220,33,209,22,151380
727,151444,228,9,258,29,243,19,151381
727,151445,37,158,56,177,46,167,151382
727,151446,40,88,56,114,48,101,151383
727,151447,486,254,513,276,499,265,151384
727,151448,288,23,316,42,302,32,151385
727,151449,128,0,187,23,157,11,151386
727,151450,52,20,67,52,59,36,151387
727,151451,164,0,179,4,171,2,151388
727,151452,181,84,209,107,195,95,151389
727,151453,195,56,212,84,203,70,151390
727,151454,314,127,337,153,325,140,151391
727,151455,306,98,334,121,320,109,151392
727,151456,505,0,538,11,521,5,151393
727,151457,542,156,569,182,555,169,151394
727,151458,348,62,376,85,362,73,151395
727,151459,28,244,43,263,35,253,151396
727,151460,42,233,58,256,50,244,151397
727,151461,32,277,47,299,39,288,151398
727,151462,427,293,450,308,438,300,151399
727,151463,454,73,488,94,471,83,151400
727,151464,503,303,534,322,518,312,151401
727,151465,426,30,453,61,439,45,151402
727,151466,217,0,231,8,224,4,151403
727,151467,130,0,146,7,138,3,151404
727,151468,450,274,472,295,461,284,151405
727,151469,582,10,607,22,594,16,151406
727,151470,398,12,418,33,408,22,151407
727,151471,384,9,401,27,392,18,151408
727,151472,342,262,360,288,351,275,151409
727,151473,250,281,272,307,261,294,151410
727,151474,317,269,337,285,327,277,151411
727,151475,39,269,55,285,47,277,151412
727,151476,67,20,81,40,74,30,
728,151477,443,0,535,72,489,36,151413
728,151478,540,247,571,274,555,260,151414
728,151479,596,233,621,263,608,248,151415
728,151480,468,183,490,229,479,206,151416
728,151481,597,127,623,165,610,146,151417
728,151482,265,0,346,53,305,26,151418
728,151483,381,121,402,156,391,138,151419
728,151484,528,70,557,95,542,82,151420
728,151485,417,113,441,145,429,129,151421
728,151486,59,164,80,186,69,175,151422
728,151487,544,206,579,231,561,218,151423
728,151488,99,165,116,200,107,182,151424
728,151489,363,21,384,66,373,43,151425
728,151490,208,317,231,347,219,332,151426
728,151491,300,53,322,84,311,68,151427
728,151492,246,52,267,80,256,66,151428
728,151493,609,0,638,22,623,11,151429
728,151494,278,286,301,308,289,297,151430
728,151495,271,75,291,105,281,90,151431
728,151496,500,25,529,50,514,37,151432
728,151497,573,69,609,96,591,82,151433
728,151498,261,178,281,210,271,194,151434
728,151499,612,48,637,76,624,62,151435
728,151500,293,226,313,254,303,240,151436
728,151501,119,89,137,115,128,102,151437
728,151502,233,84,256,107,244,95,151438
728,151503,36,120,54,141,45,130,151439
728,151504,72,129,88,155,80,142,151440
728,151505,57,97,80,123,68,110,151441
728,151506,229,50,250,74,239,62,151442
728,151507,199,11,220,33,209,22,151443
728,151508,228,9,258,29,243,19,151444
728,151509,37,158,56,177,46,167,151445
728,151510,40,88,56,114,48,101,151446
728,151511,486,254,513,276,499,265,151447
728,151512,288,23,316,42,302,32,151448
728,151513,127,0,187,23,157,11,151449
728,151514,52,20,67,52,59,36,151450
728,151515,164,0,179,4,171,2,151451
728,151516,181,84,209,107,195,95,151452
728,151517,195,56,212,84,203,70,151453
728,151518,314,127,337,153,325,140,151454
728,151519,306,98,334,121,320,109,151455
728,151520,506,0,539,12,522,6,151456
728,151521,542,156,569,182,555,169,151457
728,151522,348,62,376,85,362,73,151458
728,151523,28,244,43,263,35,253,151459
728,151524,42,233,58,256,50,244,151460
728,151525,32,278,47,299,39,288,151461
728,151526,427,293,450,308,438,300,151462
728,151527,454,72,488,94,471,83,151463
728,151528,503,303,534,322,518,312,151464
728,151529,425,28,453,60,439,44,151465
728,151530,217,0,230,8,223,4,151466
728,151531,130,0,146,7,138,3,151467
728,151532,452,276,474,296,463,286,151468
728,151533,582,10,607,22,594,16,151469
728,151534,398,12,418,33,408,22,151470
728,151535,384,9,401,27,392,18,151471
728,151536,342,262,360,288,351,275,151472
728,151537,251,280,271,306,261,293,151473
728,151538,317,270,338,285,327,277,151474
728,151539,41,270,57,286,49,278,151475
728,151540,67,20,81,40,74,30,151476
728,151541,200,275,218,294,209,284,
729,151542,443,0,535,72,489,36,151477
729,151543,540,247,571,274,555,260,151478
729,151544,596,233,621,263,608,248,151479
729,151545,468,183,490,229,479,206,151480
729,151546,597,127,623,165,610,146,151481
729,151547,265,0,346,53,305,26,151482
729,151548,381,121,402,156,391,138,151483
729,151549,528,70,557,95,542,82,151484
729,151550,417,113,441,145,429,129,151485
729,151551,59,164,80,186,69,175,151486
729,151552,544,206,579,231,561,218,151487
729,151553,99,165,116,200,107,182,151488
729,151554,363,21,384,66,373,43,151489
729,151555,208,317,231,347,219,332,151490
729,151556,300,53,322,84,311,68,151491
729,151557,246,52,267,80,256,66,151492
729,151558,609,0,638,22,623,11,151493
729,151559,278,286,301,308,289,297,151494
729,151560,271,75,291,105,281,90,151495
729,151561,500,25,529,50,514,37,151496
729,151562,573,69,609,96,591,82,151497
729,151563,261,178,281,210,271,194,151498
729,151564,612,48,637,76,624,62,151499
729,151565,293,226,313,254,303,240,151500
729,151566,119,89,137,115,128,102,151501
729,151567,233,84,256,107,244,95,151502
729,151568,36,120,54,141,45,130,151503
729,151569,72,129,88,155,80,142,151504
729,151570,57,97,80,123,68,110,151505
729,151571,229,50,250,74,239,62,151506
729,151572,199,11,220,33,209,22,151507
729,151573,228,9,257,29,242,19,151508
729,151574,37,158,56,177,46,167,151509
729,151575,40,88,56,114,48,101,151510
729,151576,486,254,513,276,499,265,151511
729,151577,288,23,316,42,302,32,151512
729,151578,126,0,187,23,156,11,151513
729,151579,52,20,67,52,59,36,151514
729,151580,165,0,179,4,172,2,151515
729,151581,181,85,209,107,195,96,151516
729,151582,195,56,212,84,203,70,151517
729,151583,314,127,337,153,325,140,151518
729,151584,306,98,334,121,320,109,151519
729,151585,506,0,539,12,522,6,151520
729,151586,542,156,569,182,555,169,151521
729,151587,348,62,376,85,362,73,151522
729,151588,28,244,43,262,35,253,151523
729,151589,42,233,58,256,50,244,151524
729,151590,32,278,47,299,39,288,151525
729,151591,428,293,450,308,439,300,151526
729,151592,454,72,488,94,471,83,151527
729,151593,503,303,534,322,518,312,151528
729,151594,424,28,453,60,438,44,151529
729,151595,217,0,230,8,223,4,151530
729,151596,130,0,146,7,138,3,151531
729,151597,453,277,475,297,464,287,151532
729,151598,582,10,607,22,594,16,151533
729,151599,398,12,418,33,408,22,151534
729,151600,384,9,401,27,392,18,151535
729,151601,342,262,360,288,351,275,151536
729,151602,251,279,271,305,261,292,151537
729,151603,317,270,339,285,328,277,151538
729,151604,41,270,57,286,49,278,151539
729,151605,67,20,81,40,74,30,151540
729,151606,188,285,210,302,199,293,
729,151607,201,275,218,293,209,284,151541
730,151608,443,0,535,72,489,36,151542
730,151609,540,247,571,274,555,260,151543
730,151610,596,233,621,263,608,248,151544
730,151611,468,183,490,229,479,206,151545
730,151612,597,127,623,165,610,146,151546
730,151613,265,0,346,53,305,26,151547
730,151614,381,121,402,156,391,138,151548
730,151615,528,70,557,95,542,82,151549
730,151616,417,113,441,145,429,129,151550
730,151617,59,164,80,186,69,175,151551
730,151618,544,206,579,231,561,218,151552
730,151619,99,165,116,200,107,182,151553
730,151620,363,21,384,66,373,43,151554
730,151621,208,317,231,347,219,332,151555
730,151622,300,53,322,84,311,68,151556
730,151623,246,52,267,80,256,66,151557
730,151624,609,0,638,22,623,11,151558
730,151625,278,286,301,308,289,297,151559
730,151626,271,75,291,105,281,90,151560
730,151627,500,25,529,50,514,37,151561
730,151628,573,69,609,96,591,82,151562
730,151629,261,178,281,210,271,194,151563
730,151630,612,48,637,75,624,61,151564
730,151631,293,226,313,254,303,240,151565
730,151632,119,89,137,114,128,101,151566
730,151633,233,84,256,107,244,95,151567
730,151634,36,120,54,141,45,130,151568
730,151635,72,129,88,155,80,142,151569
730,151636,57,97,80,123,68,110,151570
730,151637,229,50,250,74,239,62,151571
730,151638,199,11,220,33,209,22,151572
730,151639,228,9,258,29,243,19,151573
730,151640,37,158,56,177,46,167,151574
730,151641,40,88,56,114,48,101,151575
730,151642,486,254,513,276,499,265,151576
730,151643,288,23,316,42,302,32,151577
730,151644,126,0,187,23,156,11,151578
730,151645,52,20,67,52,59,36,151579
730,151646,165,0,179,4,172,2,151580
730,151647,181,85,209,107,195,96,151581
730,151648,195,56,212,83,203,69,151582
730,151649,314,127,337,153,325,140,151583
730,151650,306,98,334,121,320,109,151584
730,151651,508,0,540,12,524,6,151585
730,151652,542,156,569,182,555,169,151586
730,151653,348,62,376,85,362,73,151587
730,151654,28,244,43,262,35,253,151588
730,151655,42,233,58,256,50,244,151589
730,151656,32,277,47,299,39,288,151590
730,151657,428,292,450,308,439,300,151591
730,151658,455,73,488,94,471,83,151592
730,151659,503,303,534,322,518,312,151593
730,151660,423,27,453,60,438,43,151594
730,151661,217,0,230,8,223,4,151595
730,151662,130,0,146,7,138,3,151596
730,151663,456,278,478,299,467,288,151597
730,151664,582,10,607,22,594,16,151598
730,151665,398,12,418,33,408,22,151599
730,151666,384,9,401,27,392,18,151600
730,151667,342,262,360,288,351,275,151601
730,151668,251,278,271,305,261,291,151602
730,151669,43,270,59,288,51,279,151604
730,151670,67,20,81,40,74,30,151605
730,151671,187,284,209,301,198,292,151606
730,151672,201,275,218,292,209,283,151607
730,151673,450,300,472,312,461,306,
731,151674,443,0,534,72,488,36,151608
731,151675,540,247,571,274,555,260,151609
731,151676,596,233,621,263,608,248,151610
731,151677,468,183,490,229,479,206,151611
731,151678,597,127,623,165,610,146,151612
731,151679,265,0,346,53,305,26,151613
731,151680,381,121,402,156,391,138,151614
731,151681,528,70,557,95,542,82,151615
731,151682,417,113,441,145,429,129,151616
731,151683,59,164,80,186,69,175,151617
731,151684,544,206,579,231,561,218,151618
731,151685,99,165,116,200,107,182,151619
731,151686,363,21,384,66,373,43,151620
731,151687,208,317,231,347,219,332,151621
731,151688,300,53,322,84,311,68,151622
731,151689,246,52,267,80,256,66,151623
731,151690,609,0,638,22,623,11,151624
731,151691,278,286,301,308,289,297,151625
731,151692,271,75,291,105,281,90,151626
731,151693,500,25,529,50,514,37,151627
731,151694,573,69,609,96,591,82,151628
731,151695,261,178,281,210,271,194,151629
731,151696,612,48,637,75,624,61,151630
731,151697,293,226,313,254,303,240,151631
731,151698,119,89,137,114,128,101,151632
731,151699,233,84,255,107,244,95,151633
731,151700,36,120,54,141,45,130,151634
731,151701,72,129,88,155,80,142,151635
731,151702,57,97,80,123,68,110,151636
731,151703,229,50,250,74,239,62,151637
731,151704,199,11,220,33,209,22,151638
731,151705,228,9,258,29,243,19,151639
731,151706,37,158,56,177,46,167,151640
731,151707,40,88,56,114,48,101,151641
731,151708,486,254,513,277,499,265,151642
731,151709,288,23,316,42,302,32,151643
731,151710,126,0,187,23,156,11,151644
731,151711,52,20,67,52,59,36,151645
731,151712,165,0,179,4,172,2,151646
731,151713,181,85,209,107,195,96,151647
731,151714,195,56,212,83,203,69,151648
731,151715,314,127,337,153,325,140,151649
731,151716,306,98,334,121,320,109,151650
731,151717,509,0,540,12,524,6,151651
731,151718,542,156,569,182,555,169,151652
731,151719,348,62,376,85,362,73,151653
731,151720,28,244,43,262,35,253,151654
731,151721,42,233,58,256,50,244,151655
731,151722,32,277,47,299,39,288,151656
731,151723,428,292,450,308,439,300,151657
731,151724,455,73,488,94,471,83,151658
731,151725,503,303,534,322,518,312,151659
731,151726,422,27,453,60,437,43,151660
731,151727,217,0,230,8,223,4,151661
731,151728,130,0,146,8,138,4,151662
731,151729,457,279,479,299,468,289,151663
731,151730,582,10,607,22,594,16,151664
731,151731,398,12,418,33,408,22,151665
731,151732,384,9,401,27,392,18,151666
731,151733,342,262,360,288,351,275,151667
731,151734,251,278,271,304,261,291,151668
731,151735,43,270,60,288,51,279,151669
731,151736,67,20,81,40,74,30,151670
731,151737,186,283,209,301,197,292,151671
731,151738,201,275,218,292,209,283,151672
731,151739,450,300,472,312,461,306,151673
732,151740,442,0,534,72,488,36,151674
732,151741,540,247,571,274,555,260,151675
732,151742,596,233,621,263,608,248,151676
732,151743,468,183,490,229,479,206,151677
732,151744,597,127,623,165,610,146,151678
732,151745,265,0,346,53,305,26,151679
732,151746,381,121,402,156,391,138,151680
732,151747,528,70,557,95,542,82,151681
732,151748,417,113,441,145,429,129,151682
732,151749,59,164,80,186,69,175,151683
732,151750,544,206,579,231,561,218,151684
732,151751,99,165,116,200,107,182,151685
732,151752,363,21,384,66,373,43,151686
732,151753,208,317,231,346,219,331,151687
732,151754,300,53,322,84,311,68,151688
732,151755,246,52,267,80,256,66,151689
732,151756,609,0,638,22,623,11,151690
732,151757,278,286,301,308,289,297,151691
732,151758,271,75,291,105,281,90,151692
732,151759,500,25,529,50,514,37,151693
732,151760,573,69,609,96,591,82,151694
732,151761,261,178,281,210,271,194,151695
732,151762,612,48,637,75,624,61,151696
732,151763,293,226,313,254,303,240,151697
732,151764,119,89,137,114,128,101,151698
732,151765,232,84,256,107,244,95,151699
732,151766,36,120,54,141,45,130,151700
732,151767,72,129,88,155,80,142,151701
732,151768,57,97,80,123,68,110,151702
732,151769,229,50,250,74,239,62,151703
732,151770,199,11,220,33,209,22,151704
732,151771,228,9,258,29,243,19,151705
732,151772,37,158,56,177,46,167,151706
732,151773,40,88,56,114,48,101,151707
732,151774,486,254,513,276,499,265,151708
732,151775,288,23,316,42,302,32,151709
732,151776,124,0,187,23,155,11,151710
732,151777,52,20,67,52,59,36,151711
732,151778,165,0,179,4,172,2,151712
732,151779,181,86,209,111,195,98,151713
732,151780,195,56,212,84,203,70,151714
732,151781,314,127,337,153,325,140,151715
732,151782,306,98,334,121,320,109,151716
732,151783,511,0,541,13,526,6,151717
732,151784,542,156,569,182,555,169,151718
732,151785,348,62,376,85,362,73,151719
732,151786,29,244,43,262,36,253,151720
732,151787,42,233,58,256,50,244,151721
732,151788,32,276,47,299,39,287,151722
732,151789,428,292,450,308,439,300,151723
732,151790,455,73,488,94,471,83,151724
732,151791,505,303,534,322,519,312,151725
732,151792,420,25,452,60,436,42,151726
732,151793,217,0,230,8,223,4,151727
732,151794,129,0,146,7,137,3,151728
732,151795,462,282,484,304,473,293,
732,151796,582,10,607,22,594,16,151730
732,151797,398,12,418,33,408,22,151731
732,151798,384,9,401,28,392,18,151732
732,151799,342,262,360,287,351,274,151733
732,151800,251,277,270,301,260,289,151734
732,151801,46,271,63,290,54,280,151735
732,151802,67,20,81,40,74,30,151736
732,151803,182,282,206,300,194,291,151737
732,151804,201,275,218,292,209,283,151738
732,151805,450,300,473,312,461,306,151739
733,151806,442,0,535,72,488,36,151740
733,151807,540,247,571,274,555,260,151741
733,151808,596,233,621,263,608,248,151742
733,151809,468,183,490,229,479,206,151743
733,151810,597,127,623,165,610,146,151744
733,151811,265,0,346,53,305,26,151745
733,151812,381,121,402,156,391,138,151746
733,151813,528,70,557,95,542,82,151747
733,151814,417,113,441,145,429,129,151748
733,151815,59,164,80,186,69,175,151749
733,151816,544,206,579,231,561,218,151750
733,151817,99,165,116,200,107,182,151751
733,151818,363,21,384,66,373,43,151752
733,151819,208,316,231,347,219,331,151753
733,151820,300,52,322,84,311,68,151754
733,151821,246,52,267,80,256,66,151755
733,151822,609,0,638,22,623,11,151756
733,151823,278,286,301,308,289,297,151757
733,151824,271,75,291,105,281,90,151758
733,151825,500,25,529,50,514,37,151759
733,151826,573,69,609,96,591,82,151760
733,151827,261,178,281,210,271,194,151761
733,151828,612,48,637,75,624,61,151762
733,151829,293,226,313,254,303,240,151763
733,151830,119,89,137,114,128,101,151764
733,151831,233,84,255,107,244,95,151765
733,151832,36,120,54,141,45,130,151766
733,151833,72,129,88,155,80,142,151767
733,151834,57,97,80,123,68,110,151768
733,151835,229,50,250,74,239,62,151769
733,151836,199,11,220,33,209,22,151770
733,151837,228,9,258,29,243,19,151771
733,151838,37,158,55,177,46,167,151772
733,151839,40,88,56,114,48,101,151773
733,151840,486,254,513,276,499,265,151774
733,151841,288,23,316,42,302,32,151775
733,151842,124,0,187,23,155,11,151776
733,151843,52,20,67,52,59,36,151777
733,151844,164,0,179,4,171,2,151778
733,151845,181,87,209,112,195,99,151779
733,151846,195,56,212,84,203,70,151780
733,151847,314,127,337,153,325,140,151781
733,151848,306,98,334,121,320,109,151782
733,151849,511,0,541,14,526,7,151783
733,151850,542,156,569,182,555,169,151784
733,151851,348,62,376,85,362,73,151785
733,151852,29,244,43,262,36,253,151786
733,151853,42,232,58,256,50,244,151787
733,151854,32,276,47,299,39,287,151788
733,151855,428,292,450,308,439,300,151789
733,151856,455,73,488,94,471,83,151790
733,151857,506,303,534,321,520,312,151791
733,151858,419,23,452,60,435,41,151792
733,151859,217,0,231,8,224,4,151793
733,151860,466,285,487,307,476,296,151795
733,151861,582,10,607,22,594,16,151796
733,151862,398,12,418,33,408,22,151797
733,151863,384,9,400,28,392,18,151798
733,151864,342,262,360,287,351,274,151799
733,151865,250,275,269,299,259,287,151800
733,151866,47,272,64,291,55,281,151801
733,151867,67,20,81,40,74,30,151802
733,151868,201,275,218,292,209,283,151804
733,151869,451,299,473,311,462,305,151805
734,151870,442,0,535,72,488,36,151806
734,151871,540,247,571,274,555,260,151807
734,151872,596,233,621,263,608,248,151808
734,151873,468,183,490,229,479,206,151809
734,151874,597,127,623,165,610,146,151810
734,151875,265,0,346,53,305,26,151811
734,151876,381,121,402,156,391,138,151812
734,151877,528,70,557,95,542,82,151813
734,151878,417,113,441,145,429,129,151814
734,151879,59,164,80,186,69,175,151815
734,151880,544,206,579,231,561,218,151816
734,151881,99,165,116,200,107,182,151817
734,151882,363,21,384,66,373,43,151818
734,151883,208,316,231,346,219,331,151819
734,151884,300,52,322,84,311,68,151820
734,151885,246,52,267,80,256,66,151821
734,151886,609,0,638,22,623,11,151822
734,151887,278,286,301,308,289,297,151823
734,151888,271,75,291,105,281,90,151824
734,151889,500,25,529,50,514,37,151825
734,151890,573,69,609,97,591,83,151826
734,151891,261,178,281,210,271,194,151827
734,151892,612,48,637,75,624,61,151828
734,151893,293,226,313,254,303,240,151829
734,151894,119,89,137,114,128,101,151830
734,151895,233,84,255,107,244,95,151831
734,151896,36,120,54,141,45,130,151832
734,151897,72,129,88,155,80,142,151833
734,151898,57,97,80,123,68,110,151834
734,151899,229,50,250,74,239,62,151835
734,151900,199,12,220,33,209,22,151836
734,151901,228,9,258,29,243,19,151837
734,151902,37,158,55,177,46,167,151838
734,151903,40,88,56,114,48,101,151839
734,151904,486,254,513,276,499,265,151840
734,151905,288,23,316,41,302,32,151841
734,151906,124,0,187,23,155,11,151842
734,151907,52,20,67,52,59,36,151843
734,151908,164,0,179,4,171,2,151844
734,151909,181,88,209,113,195,100,151845
734,151910,195,56,212,84,203,70,151846
734,151911,314,127,337,153,325,140,151847
734,151912,306,98,334,121,320,109,151848
734,151913,511,0,541,14,526,7,151849
734,151914,542,156,569,182,555,169,151850
734,151915,348,62,376,85,362,73,151851
734,151916,29,245,43,262,36,253,151852
734,151917,42,232,57,256,49,244,151853
734,151918,31,276,47,299,39,287,151854
734,151919,428,292,450,308,439,300,151855
734,151920,455,73,488,94,471,83,151856
734,151921,506,303,534,321,520,312,151857
734,151922,419,20,452,57,435,38,151858
734,151923,217,0,231,8,224,4,151859
734,151924,469,288,491,309,480,298,151860
734,151925,582,10,607,22,594,16,151861
734,151926,398,12,418,32,408,22,151862
734,151927,384,9,400,28,392,18,151863
734,151928,342,262,360,287,351,274,151864
734,151929,250,273,268,298,259,285,151865
734,151930,49,273,66,292,57,282,151866
734,151931,67,20,81,40,74,30,151867
734,151932,201,275,218,292,209,283,151868
734,151933,450,299,473,311,461,305,151869
734,151934,322,275,342,287,332,281,
735,151935,443,0,534,72,488,36,151870
735,151936,540,247,571,274,555,260,151871
735,151937,596,233,621,263,608,248,151872
735,151938,467,183,490,229,478,206,151873
735,151939,597,127,623,165,610,146,151874
735,151940,265,0,346,53,305,26,151875
735,151941,381,121,402,156,391,138,151876
735,151942,528,70,557,95,542,82,151877
735,151943,417,113,441,145,429,129,151878
735,151944,59,164,80,186,69,175,151879
735,151945,544,206,579,231,561,218,151880
735,151946,99,165,116,200,107,182,151881
735,151947,363,21,384,66,373,43,151882
735,151948,208,316,231,346,219,331,151883
735,151949,300,52,322,84,311,68,151884
735,151950,246,52,267,80,256,66,151885
735,151951,609,0,638,22,623,11,151886
735,151952,277,286,301,307,289,296,151887
735,151953,271,75,291,105,281,90,151888
735,151954,501,25,529,50,515,37,151889
735,151955,573,69,609,97,591,83,151890
735,151956,261,178,281,210,271,194,151891
735,151957,612,48,637,75,624,61,151892
735,151958,293,226,313,254,303,240,151893
735,151959,119,89,137,114,128,101,151894
735,151960,233,84,255,107,244,95,151895
735,151961,36,120,54,141,45,130,151896
735,151962,72,129,88,155,80,142,151897
735,151963,57,97,80,123,68,110,151898
735,151964,229,50,250,74,239,62,151899
735,151965,199,12,220,33,209,22,151900
735,151966,228,9,258,29,243,19,151901
735,151967,37,158,55,177,46,167,151902
735,151968,40,88,56,114,48,101,151903
735,151969,486,254,513,276,499,265,151904
735,151970,288,23,316,41,302,32,151905
735,151971,124,0,187,23,155,11,151906
735,151972,52,20,67,52,59,36,151907
735,151973,164,0,179,4,171,2,151908
735,151974,182,88,210,114,196,101,151909
735,151975,195,56,212,84,203,70,151910
735,151976,314,127,337,153,325,140,151911
735,151977,306,98,334,121,320,109,151912
735,151978,512,0,542,15,527,7,151913
735,151979,542,156,569,182,555,169,151914
735,151980,348,62,376,85,362,73,151915
735,151981,29,245,43,262,36,253,151916
735,151982,43,232,57,256,50,244,151917
735,151983,31,276,47,299,39,287,151918
735,151984,427,292,450,308,438,300,151919
735,151985,455,73,488,94,471,83,151920
735,151986,506,303,534,321,520,312,151921
735,151987,419,19,448,47,433,33,151922
735,151988,217,0,231,8,224,4,151923
735,151989,472,289,494,311,483,300,151924
735,151990,582,10,607,22,594,16,151925
735,151991,398,12,418,32,408,22,151926
735,151992,384,9,400,28,392,18,151927
735,151993,342,262,360,287,351,274,151928
735,151994,250,272,269,296,259,284,151929
735,151995,51,275,69,294,60,284,151930
735,151996,67,20,81,40,74,30,151931
735,151997,201,275,218,292,209,283,151932
735,151998,432,33,452,60,442,46,
735,151999,324,275,342,287,333,281,151934
736,152000,443,0,533,72,488,36,151935
736,152001,540,247,571,274,555,260,151936
736,152002,596,233,621,263,608,248,151937
736,152003,467,183,490,229,478,206,151938
736,152004,597,127,623,165,610,146,151939
736,152005,265,0,346,53,305,26,151940
736,152006,381,121,402,156,391,138,151941
736,152007,528,70,557,95,542,82,151942
736,152008,417,113,441,145,429,129,151943
736,152009,59,164,80,186,69,175,151944
736,152010,544,206,579,231,561,218,151945
736,152011,99,165,116,200,107,182,151946
736,152012,363,21,384,66,373,43,151947
736,152013,208,316,231,346,219,331,151948
736,152014,300,52,322,84,311,68,151949
736,152015,246,52,267,80,256,66,151950
736,152016,609,0,638,22,623,11,151951
736,152017,277,286,301,307,289,296,151952
736,152018,271,75,291,105,281,90,151953
736,152019,501,25,529,50,515,37,151954
736,152020,573,69,609,97,591,83,151955
736,152021,261,178,281,210,271,194,151956
736,152022,612,48,637,75,624,61,151957
736,152023,293,226,313,254,303,240,151958
736,152024,119,89,137,114,128,101,151959
736,152025,232,84,255,107,243,95,151960
736,152026,36,120,54,141,45,130,151961
736,152027,72,129,88,155,80,142,151962
736,152028,57,97,80,123,68,110,151963
736,152029,229,50,250,74,239,62,151964
736,152030,199,12,220,33,209,22,151965
736,152031,228,9,258,29,243,19,151966
736,152032,37,158,55,177,46,167,151967
736,152033,40,88,56,114,48,101,151968
736,152034,486,254,513,276,499,265,151969
736,152035,288,23,316,41,302,32,151970
736,152036,124,0,187,23,155,11,151971
736,152037,52,20,67,52,59,36,151972
736,152038,164,0,179,4,171,2,151973
736,152039,183,88,210,114,196,101,151974
736,152040,194,56,212,84,203,70,151975
736,152041,314,127,337,153,325,140,151976
736,152042,306,98,334,121,320,109,151977
736,152043,512,0,542,15,527,7,151978
736,152044,542,156,569,182,555,169,151979
736,152045,348,62,376,85,362,73,151980
736,152046,29,245,43,262,36,253,151981
736,152047,43,231,57,256,50,243,151982
736,152048,31,276,47,299,39,287,151983
736,152049,427,292,450,308,438,300,151984
736,152050,455,73,488,94,471,83,151985
736,152051,506,303,534,321,520,312,151986
736,152052,419,18,446,43,432,30,151987
736,152053,217,0,231,8,224,4,151988
736,152054,473,289,495,311,484,300,151989
736,152055,582,10,607,22,594,16,151990
736,152056,398,11,418,32,408,21,151991
736,152057,384,9,400,28,392,18,151992
736,152058,341,262,360,287,350,274,151993
736,152059,250,272,269,295,259,283,151994
736,152060,51,276,71,295,61,285,151995
736,152061,67,20,81,40,74,30,151996
736,152062,201,275,217,292,209,283,151997
736,152063,432,33,452,60,442,46,151998
736,152064,324,275,343,286,333,280,151999
737,152065,443,0,533,72,488,36,152000
737,152066,540,247,571,274,555,260,152001
737,152067,596,233,621,263,608,248,152002
737,152068,467,183,490,229,478,206,152003
737,152069,597,127,623,165,610,146,152004
737,152070,265,0,346,53,305,26,152005
737,152071,381,121,402,156,391,138,152006
737,152072,528,70,557,95,542,82,152007
737,152073,417,113,441,145,429,129,152008
737,152074,59,164,80,186,69,175,152009
737,152075,544,206,579,231,561,218,152010
737,152076,99,165,116,200,107,182,152011
737,152077,363,21,384,66,373,43,152012
737,152078,208,316,231,347,219,331,152013
737,152079,300,52,322,84,311,68,152014
737,152080,246,52,267,80,256,66,152015
737,152081,609,0,638,22,623,11,152016
737,152082,277,286,301,308,289,297,152017
737,152083,271,75,291,105,281,90,152018
737,152084,501,24,529,50,515,37,152019
737,152085,573,69,609,96,591,82,152020
737,152086,261,178,281,210,271,194,152021
737,152087,612,48,637,75,624,61,152022
737,152088,293,226,313,254,303,240,152023
737,152089,119,89,137,114,128,101,152024
737,152090,233,84,255,107,244,95,152025
737,152091,36,120,54,141,45,130,152026
737,152092,72,129,88,155,80,142,152027
737,152093,57,97,80,123,68,110,152028
737,152094,229,50,250,74,239,62,152029
737,152095,199,12,220,33,209,22,152030
737,152096,228,9,257,29,242,19,152031
737,152097,37,158,55,177,46,167,152032
737,152098,40,88,56,114,48,101,152033
737,152099,486,254,513,276,499,265,152034
737,152100,288,22,316,41,302,31,152035
737,152101,124,0,187,23,155,11,152036
737,152102,52,20,67,52,59,36,152037
737,152103,164,0,179,4,171,2,152038
737,152104,183,87,210,113,196,100,152039
737,152105,194,56,212,84,203,70,152040
737,152106,314,127,337,153,325,140,152041
737,152107,306,98,334,121,320,109,152042
737,152108,511,0,542,15,526,7,152043
737,152109,542,156,569,182,555,169,152044
737,152110,348,62,376,85,362,73,152045
737,152111,29,245,43,262,36,253,152046
737,152112,43,231,57,256,50,243,152047
737,152113,31,276,47,299,39,287,152048
737,152114,427,292,450,308,438,300,152049
737,152115,455,73,488,94,471,83,152050
737,152116,506,303,534,321,520,312,152051
737,152117,419,18,441,42,430,30,152052
737,152118,217,0,231,8,224,4,152053
737,152119,476,291,497,313,486,302,152054
737,152120,582,10,607,22,594,16,152055
737,152121,398,11,418,32,408,21,152056
737,152122,384,9,400,28,392,18,152057
737,152123,342,262,360,287,351,274,152058
737,152124,251,272,270,294,260,283,152059
737,152125,52,276,72,297,62,286,152060
737,152126,67,20,81,40,74,30,152061
737,152127,201,275,217,293,209,284,152062
737,152128,431,32,452,60,441,46,152063
737,152129,325,275,343,286,334,280,152064
737,152130,450,299,472,311,461,305,
738,152131,443,0,533,72,488,36,152065
738,152132,539,247,571,274,555,260,152066
738,152133,596,233,621,263,608,248,152067
738,152134,468,183,490,229,479,206,152068
738,152135,597,127,623,165,610,146,152069
738,152136,265,0,346,53,305,26,152070
738,152137,381,121,402,156,391,138,152071
738,152138,528,70,557,95,542,82,152072
738,152139,417,113,441,146,429,129,152073
738,152140,59,164,80,186,69,175,152074
738,152141,544,206,579,231,561,218,152075
738,152142,99,165,116,200,107,182,152076
738,152143,363,21,384,65,373,43,152077
738,152144,208,316,231,347,219,331,152078
738,152145,300,52,322,84,311,68,152079
738,152146,246,52,267,80,256,66,152080
738,152147,609,0,638,22,623,11,152081
738,152148,277,286,301,308,289,297,152082
738,152149,271,75,291,105,281,90,152083
738,152150,501,25,529,50,515,37,152084
738,152151,573,69,609,96,591,82,152085
738,152152,261,178,281,210,271,194,152086
738,152153,612,48,637,75,624,61,152087
738,152154,293,226,313,255,303,240,152088
738,152155,119,89,137,114,128,101,152089
738,152156,233,84,255,107,244,95,152090
738,152157,36,120,54,141,45,130,152091
738,152158,72,129,88,155,80,142,152092
738,152159,57,97,80,123,68,110,152093
738,152160,229,50,250,74,239,62,152094
738,152161,199,12,220,33,209,22,152095
738,152162,228,9,257,29,242,19,152096
738,152163,37,158,55,177,46,167,152097
738,152164,40,88,56,114,48,101,152098
738,152165,486,254,513,276,499,265,152099
738,152166,288,22,316,41,302,31,152100
738,152167,124,0,187,23,155,11,152101
738,152168,52,20,67,52,59,36,152102
738,152169,164,0,179,4,171,2,152103
738,152170,183,86,209,111,196,98,152104
738,152171,194,56,212,84,203,70,152105
738,152172,314,127,337,153,325,140,152106
738,152173,306,98,334,121,320,109,152107
738,152174,511,0,542,15,526,7,152108
738,152175,542,156,570,182,556,169,152109
738,152176,348,62,376,85,362,73,152110
738,152177,29,245,43,262,36,253,152111
738,152178,43,231,57,256,50,243,152112
738,152179,31,276,47,299,39,287,152113
738,152180,427,292,450,308,438,300,152114
738,152181,456,73,488,94,472,83,152115
738,152182,506,303,534,321,520,312,152116
738,152183,418,18,438,41,428,29,152117
738,152184,217,0,231,8,224,4,152118
738,152185,477,292,498,314,487,303,152119
738,152186,582,10,607,22,594,16,152120
738,152187,398,12,418,32,408,22,152121
738,152188,384,9,400,28,392,18,152122
738,152189,342,262,360,286,351,274,152123
738,152190,252,271,271,293,261,282,152124
738,152191,67,20,81,40,74,30,152126
738,152192,201,275,217,293,209,284,152127
738,152193,430,33,451,60,440,46,152128
738,152194,326,275,343,286,334,280,152129
738,152195,450,298,472,311,461,304,152130
739,152196,443,0,533,72,488,36,152131
739,152197,539,247,571,274,555,260,152132
739,152198,596,233,621,263,608,248,152133
739,152199,468,183,490,229,479,206,152134
739,152200,597,127,623,165,610,146,152135
739,152201,265,0,346,53,305,26,152136
739,152202,381,121,402,156,391,138,152137
739,152203,528,70,557,95,542,82,152138
739,152204,417,113,441,146,429,129,152139
739,152205,59,164,80,186,69,175,152140
739,152206,544,206,579,231,561,218,152141
739,152207,99,165,116,200,107,182,152142
739,152208,363,21,384,65,373,43,152143
739,152209,208,316,231,347,219,331,152144
739,152210,300,52,322,84,311,68,152145
739,152211,246,52,267,80,256,66,152146
739,152212,609,0,638,22,623,11,152147
739,152213,277,286,301,308,289,297,152148
739,152214,271,75,291,105,281,90,152149
739,152215,501,24,529,50,515,37,152150
739,152216,573,69,609,96,591,82,152151
739,152217,261,178,281,210,271,194,152152
739,152218,612,48,637,75,624,61,152153
739,152219,293,226,313,255,303,240,152154
739,152220,119,89,137,114,128,101,152155
739,152221,233,84,255,107,244,95,152156
739,152222,36,120,54,141,45,130,152157
739,152223,72,129,88,155,80,142,152158
739,152224,57,97,80,123,68,110,152159
739,152225,229,50,250,74,239,62,152160
739,152226,199,12,220,33,209,22,152161
739,152227,229,9,257,29,243,19,152162
739,152228,37,158,55,177,46,167,152163
739,152229,40,88,56,114,48,101,152164
739,152230,486,254,513,276,499,265,152165
739,152231,288,22,316,41,302,31,152166
739,152232,124,0,187,23,155,11,152167
739,152233,52,20,67,52,59,36,152168
739,152234,164,0,179,4,171,2,152169
739,152235,182,84,208,108,195,96,152170
739,152236,194,56,212,84,203,70,152171
739,152237,314,127,336,153,325,140,152172
739,152238,306,98,334,121,320,109,152173
739,152239,511,0,542,15,526,7,152174
739,152240,542,156,570,182,556,169,152175
739,152241,348,62,376,85,362,73,152176
739,152242,29,245,43,262,36,253,152177
739,152243,43,231,57,256,50,243,152178
739,152244,31,276,47,299,39,287,152179
739,152245,428,292,450,307,439,299,152180
739,152246,458,72,488,94,473,83,152181
739,152247,507,303,534,321,520,312,152182
739,152248,417,18,437,41,427,29,152183
739,152249,217,0,230,8,223,4,152184
739,152250,479,293,499,314,489,303,152185
739,152251,582,10,607,22,594,16,152186
739,152252,398,11,418,32,408,21,152187
739,152253,384,9,400,28,392,18,152188
739,152254,342,262,360,286,351,274,152189
739,152255,67,20,81,40,74,30,152191
739,152256,201,275,217,293,209,284,152192
739,152257,429,33,451,61,440,47,152193
739,152258,327,275,343,286,335,280,152194
739,152259,55,277,72,300,63,288,
740,152260,443,0,533,73,488,36,152196
740,152261,539,247,571,274,555,260,152197
740,152262,596,233,621,263,608,248,152198
740,152263,468,184,490,229,479,206,152199
740,152264,597,127,623,165,610,146,152200
740,152265,265,0,346,52,305,26,152201
740,152266,381,121,402,156,391,138,152202
740,152267,529,70,557,95,543,82,152203
740,152268,417,113,442,146,429,129,152204
740,152269,59,164,80,186,69,175,152205
740,152270,544,207,579,231,561,219,152206
740,152271,99,165,116,200,107,182,152207
740,152272,362,21,384,65,373,43,152208
740,152273,208,316,231,347,219,331,152209
740,152274,300,52,322,84,311,68,152210
740,152275,246,52,267,80,256,66,152211
740,152276,609,0,638,21,623,10,152212
740,152277,277,286,301,308,289,297,152213
740,152278,271,75,291,105,281,90,152214
740,152279,501,25,530,50,515,37,152215
740,152280,573,69,610,96,591,82,152216
740,152281,261,177,281,210,271,193,152217
740,152282,611,48,638,75,624,61,152218
740,152283,293,225,313,254,303,239,152219
740,152284,119,89,137,114,128,101,152220
740,152285,233,84,256,107,244,95,152221
740,152286,36,120,54,142,45,131,152222
740,152287,72,129,88,155,80,142,152223
740,152288,57,98,80,123,68,110,152224
740,152289,229,50,250,74,239,62,152225
740,152290,200,12,220,33,210,22,152226
740,152291,229,9,257,29,243,19,152227
740,152292,37,158,56,177,46,167,152228
740,152293,40,88,56,114,48,101,152229
740,152294,486,254,513,276,499,265,152230
740,152295,289,23,315,41,302,32,152231
740,152296,124,0,188,22,156,11,152232
740,152297,53,20,66,52,59,36,152233
740,152298,181,82,207,106,194,94,152235
740,152299,194,56,212,84,203,70,152236
740,152300,314,127,336,152,325,139,152237
740,152301,306,98,334,121,320,109,152238
740,152302,511,0,543,15,527,7,152239
740,152303,541,156,570,182,555,169,152240
740,152304,348,63,376,85,362,74,152241
740,152305,29,244,43,261,36,252,152242
740,152306,43,231,57,256,50,243,152243
740,152307,31,276,47,299,39,287,152244
740,152308,459,72,488,94,473,83,152246
740,152309,508,304,533,322,520,313,152247
740,152310,417,17,436,41,426,29,152248
740,152311,217,0,231,8,224,4,152249
740,152312,480,293,500,315,490,304,152250
740,152313,582,10,607,22,594,16,152251
740,152314,398,11,418,32,408,21,152252
740,152315,384,9,399,27,391,18,152253
740,152316,341,263,360,286,350,274,152254
740,152317,67,20,81,40,74,30,152255
740,152318,429,33,451,61,440,47,152257
741,152319,443,0,533,73,488,36,152260
741,152320,539,247,571,274,555,260,152261
741,152321,596,233,621,263,608,248,152262
741,152322,468,184,490,229,479,206,152263
741,152323,597,127,623,165,610,146,152264
741,152324,265,0,346,52,305,26,152265
741,152325,381,121,402,156,391,138,152266
741,152326,529,70,557,95,543,82,152267
741,152327,417,113,442,146,429,129,152268
741,152328,59,164,80,186,69,175,152269
741,152329,543,207,579,231,561,219,152270
741,152330,99,165,116,201,107,183,152271
741,152331,362,21,384,65,373,43,152272
741,152332,208,316,231,347,219,331,152273
741,152333,300,52,322,85,311,68,152274
741,152334,246,52,268,80,257,66,152275
741,152335,609,0,638,21,623,10,152276
741,152336,277,286,301,308,289,297,152277
741,152337,271,75,291,105,281,90,152278
741,152338,501,25,530,50,515,37,152279
741,152339,573,69,610,96,591,82,152280
741,152340,261,177,281,210,271,193,152281
741,152341,611,48,638,75,624,61,152282
741,152342,293,225,313,254,303,239,152283
741,152343,119,89,137,114,128,101,152284
741,152344,233,84,256,107,244,95,152285
741,152345,36,120,54,142,45,131,152286
741,152346,72,129,88,155,80,142,152287
741,152347,57,98,80,123,68,110,152288
741,152348,228,50,250,75,239,62,152289
741,152349,200,12,220,33,210,22,152290
741,152350,229,9,257,29,243,19,152291
741,152351,37,158,56,177,46,167,152292
741,152352,40,88,56,114,48,101,152293
741,152353,486,254,513,276,499,265,152294
741,152354,289,23,315,41,302,32,152295
741,152355,124,0,188,22,156,11,152296
741,152356,53,20,66,52,59,36,152297
741,152357,181,81,206,105,193,93,152298
741,152358,194,56,212,83,203,69,152299
741,152359,314,127,336,152,325,139,152300
741,152360,306,98,334,121,320,109,152301
741,152361,511,0,543,15,527,7,152302
741,152362,541,156,570,182,555,169,152303
741,152363,348,63,376,85,362,74,152304
741,152364,29,244,43,261,36,252,152305
741,152365,43,231,57,256,50,243,152306
741,152366,31,276,47,299,39,287,152307
741,152367,459,72,488,94,473,83,152308
741,152368,508,304,533,322,520,313,152309
741,152369,417,17,435,41,426,29,152310
741,152370,217,0,231,8,224,4,152311
741,152371,481,293,500,315,490,304,152312
741,152372,581,10,607,23,594,16,152313
741,152373,398,11,417,32,407,21,152314
741,152374,384,9,399,27,391,18,152315
741,152375,341,263,360,285,350,274,152316
741,152376,67,20,81,40,74,30,152317
741,152377,429,33,451,61,440,47,152318
742,152378,443,0,533,73,488,36,152319
742,152379,539,247,571,274,555,260,152320
742,152380,596,233,621,262,608,247,152321
742,152381,468,184,490,229,479,206,152322
742,152382,597,127,623,165,610,146,152323
742,152383,265,0,346,52,305,26,152324
742,152384,381,121,402,156,391,138,152325
742,152385,529,70,557,95,543,82,152326
742,152386,417,113,442,146,429,129,152327
742,152387,59,164,80,186,69,175,152328
742,152388,543,207,579,231,561,219,152329
742,152389,99,165,116,201,107,183,152330
742,152390,362,21,384,65,373,43,152331
742,152391,208,316,231,347,219,331,152332
742,152392,300,52,322,85,311,68,152333
742,152393,246,52,268,80,257,66,152334
742,152394,609,0,638,21,623,10,152335
742,152395,277,286,301,308,289,297,152336
742,152396,271,75,291,105,281,90,152337
742,152397,501,25,530,50,515,37,152338
742,152398,573,69,610,96,591,82,152339
742,152399,261,177,281,210,271,193,152340
742,152400,611,48,638,75,624,61,152341
742,152401,293,225,313,254,303,239,152342
742,152402,119,89,137,114,128,101,152343
742,152403,233,84,256,107,244,95,152344
742,152404,36,121,54,142,45,131,152345
742,152405,72,129,88,156,80,142,152346
742,152406,57,98,80,123,68,110,152347
742,152407,228,50,250,75,239,62,152348
742,152408,200,12,220,33,210,22,152349
742,152409,229,9,257,29,243,19,152350
742,152410,37,158,56,177,46,167,152351
742,152411,40,88,56,115,48,101,152352
742,152412,486,254,513,276,499,265,152353
742,152413,289,23,315,41,302,32,152354
742,152414,125,0,188,22,156,11,152355
742,152415,53,20,66,52,59,36,152356
742,152416,181,81,206,105,193,93,152357
742,152417,194,56,212,83,203,69,152358
742,152418,314,127,336,152,325,139,152359
742,152419,306,98,334,121,320,109,152360
742,152420,511,0,543,15,527,7,152361
742,152421,541,156,570,182,555,169,152362
742,152422,348,63,376,85,362,74,152363
742,152423,29,244,43,261,36,252,152364
742,152424,43,232,57,256,50,244,152365
742,152425,31,276,47,299,39,287,152366
742,152426,459,72,488,94,473,83,152367
742,152427,508,305,533,322,520,313,152368
742,152428,417,17,435,41,426,29,152369
742,152429,217,0,231,8,224,4,152370
742,152430,481,294,501,315,491,304,152371
742,152431,581,10,607,23,594,16,152372
742,152432,398,11,417,32,407,21,152373
742,152433,384,9,399,27,391,18,152374
742,152434,341,263,360,285,350,274,152375
742,152435,67,20,81,40,74,30,152376
742,152436,429,33,451,61,440,47,152377
742,152437,163,0,179,4,171,2,
743,152438,443,0,533,73,488,36,152378
743,152439,539,247,571,274,555,260,152379
743,152440,596,233,621,262,608,247,152380
743,152441,468,184,490,230,479,207,152381
743,152442,597,127,623,165,610,146,152382
743,152443,265,0,346,52,305,26,152383
743,152444,381,121,402,156,391,138,152384
743,152445,529,70,557,95,543,82,152385
743,152446,417,113,442,145,429,129,152386
743,152447,59,164,80,186,69,175,152387
743,152448,543,207,579,231,561,219,152388
743,152449,99,165,116,201,107,183,152389
743,152450,362,21,384,65,373,43,152390
743,152451,208,316,231,347,219,331,152391
743,152452,300,52,322,85,311,68,152392
743,152453,246,52,268,80,257,66,152393
743,152454,609,0,638,21,623,10,152394
743,152455,277,286,301,308,289,297,152395
743,152456,271,75,291,105,281,90,152396
743,152457,501,25,530,50,515,37,152397
743,152458,573,69,610,96,591,82,152398
743,152459,261,177,281,210,271,193,152399
743,152460,611,47,638,75,624,61,152400
743,152461,293,225,313,255,303,240,152401
743,152462,119,89,137,114,128,101,152402
743,152463,233,84,256,107,244,95,152403
743,152464,36,121,54,142,45,131,152404
743,152465,72,129,88,156,80,142,152405
743,152466,57,98,80,123,68,110,152406
743,152467,228,50,250,75,239,62,152407
743,152468,200,12,220,33,210,22,152408
743,152469,229,9,257,28,243,18,152409
743,152470,37,158,56,177,46,167,152410
743,152471,40,88,56,115,48,101,152411
743,152472,486,254,513,276,499,265,152412
743,152473,289,23,315,41,302,32,152413
743,152474,125,0,188,22,156,11,152414
743,152475,53,20,66,52,59,36,152415
743,152476,181,80,206,104,193,92,152416
743,152477,194,56,212,83,203,69,152417
743,152478,314,127,336,152,325,139,152418
743,152479,306,98,334,121,320,109,152419
743,152480,510,0,542,15,526,7,152420
743,152481,541,156,570,182,555,169,152421
743,152482,348,63,376,85,362,74,152422
743,152483,29,244,43,261,36,252,152423
743,152484,42,232,57,256,49,244,152424
743,152485,32,276,47,299,39,287,152425
743,152486,460,72,488,94,474,83,152426
743,152487,508,305,532,322,520,313,152427
743,152488,417,17,435,41,426,29,152428
743,152489,217,0,231,8,224,4,152429
743,152490,481,295,501,316,491,305,152430
743,152491,581,10,607,23,594,16,152431
743,152492,397,11,417,32,407,21,152432
743,152493,384,9,399,27,391,18,152433
743,152494,341,263,360,285,350,274,152434
743,152495,67,20,81,40,74,30,152435
743,152496,429,33,451,62,440,47,152436
743,152497,162,0,179,4,170,2,152437
744,152498,443,0,533,73,488,36,152438
744,152499,539,247,571,274,555,260,152439
744,152500,596,233,621,262,608,247,152440
744,152501,468,184,490,230,479,207,152441
744,152502,597,127,623,165,610,146,152442
744,152503,265,0,346,52,305,26,152443
744,152504,381,121,402,156,391,138,152444
744,152505,529,70,557,95,543,82,152445
744,152506,417,113,442,145,429,129,152446
744,152507,59,164,80,186,69,175,152447
744,152508,543,206,579,231,561,218,152448
744,152509,99,165,116,200,107,182,152449
744,152510,362,21,384,65,373,43,152450
744,152511,208,316,231,347,219,331,152451
744,152512,300,52,322,85,311,68,152452
744,152513,246,52,268,80,257,66,152453
744,152514,609,0,638,21,623,10,152454
744,152515,277,286,301,308,289,297,152455
744,152516,271,75,291,105,281,90,152456
744,152517,501,25,529,50,515,37,152457
744,152518,574,69,610,96,592,82,152458
744,152519,261,177,281,210,271,193,152459
744,152520,611,47,638,75,624,61,152460
744,152521,293,226,313,255,303,240,152461
744,152522,119,89,137,114,128,101,152462
744,152523,233,84,256,107,244,95,152463
744,152524,36,121,54,142,45,131,152464
744,152525,72,129,88,155,80,142,152465
744,152526,57,98,80,123,68,110,152466
744,152527,229,50,250,74,239,62,152467
744,152528,200,12,220,33,210,22,152468
744,152529,229,9,257,29,243,19,152469
744,152530,37,158,56,177,46,167,152470
744,152531,40,88,56,114,48,101,152471
744,152532,486,254,513,276,499,265,152472
744,152533,289,23,316,41,302,32,152473
744,152534,125,0,188,22,156,11,152474
744,152535,52,20,66,52,59,36,152475
744,152536,179,78,206,101,192,89,152476
744,152537,195,56,212,83,203,69,152477
744,152538,314,127,336,152,325,139,152478
744,152539,306,98,334,121,320,109,152479
744,152540,511,0,542,15,526,7,152480
744,152541,542,156,570,182,556,169,152481
744,152542,348,63,377,85,362,74,152482
744,152543,29,244,43,261,36,252,152483
744,152544,43,232,57,256,50,244,152484
744,152545,32,275,47,299,39,287,152485
744,152546,459,72,488,94,473,83,152486
744,152547,508,307,531,329,519,318,152487
744,152548,417,17,435,41,426,29,152488
744,152549,217,0,232,8,224,4,152489
744,152550,481,297,501,316,491,306,152490
744,152551,581,10,607,23,594,16,152491
744,152552,397,11,417,32,407,21,152492
744,152553,384,9,399,27,391,18,152493
744,152554,341,263,360,285,350,274,152494
744,152555,67,20,81,40,74,30,152495
744,152556,429,33,451,62,440,47,152496
744,152557,162,0,179,4,170,2,152497
745,152558,443,0,534,73,488,36,152498
745,152559,539,247,571,274,555,260,152499
745,152560,596,233,621,262,608,247,152500
745,152561,468,184,490,230,479,207,152501
745,152562,597,127,623,165,610,146,152502
745,152563,265,0,345,52,305,26,152503
745,152564,381,121,402,156,391,138,152504
745,152565,529,70,557,95,543,82,152505
745,152566,417,113,442,145,429,129,152506
745,152567,59,164,80,186,69,175,152507
745,152568,543,206,579,231,561,218,152508
745,152569,99,165,116,201,107,183,152509
745,152570,362,21,384,65,373,43,152510
745,152571,208,316,231,347,219,331,152511
745,152572,300,52,322,85,311,68,152512
745,152573,246,52,268,80,257,66,152513
745,152574,609,0,638,21,623,10,152514
745,152575,277,286,301,308,289,297,152515
745,152576,271,75,291,105,281,90,152516
745,152577,501,24,529,49,515,36,152517
745,152578,573,69,610,96,591,82,152518
745,152579,261,177,281,210,271,193,152519
745,152580,611,48,638,75,624,61,152520
745,152581,293,226,313,255,303,240,152521
745,152582,119,89,137,114,128,101,152522
745,152583,233,84,256,107,244,95,152523
745,152584,36,121,54,142,45,131,152524
745,152585,72,129,88,155,80,142,152525
745,152586,57,98,80,123,68,110,152526
745,152587,228,50,250,74,239,62,152527
745,152588,200,12,220,33,210,22,152528
745,152589,229,9,257,29,243,19,152529
745,152590,37,158,56,177,46,167,152530
745,152591,40,88,56,114,48,101,152531
745,152592,486,254,513,277,499,265,152532
745,152593,289,23,317,41,303,32,152533
745,152594,125,0,188,22,156,11,152534
745,152595,53,20,66,52,59,36,152535
745,152596,179,77,206,100,192,88,152536
745,152597,195,56,212,83,203,69,152537
745,152598,314,127,336,152,325,139,152538
745,152599,306,98,334,121,320,109,152539
745,152600,510,0,542,15,526,7,152540
745,152601,542,156,570,182,556,169,152541
745,152602,348,63,377,85,362,74,152542
745,152603,29,244,43,261,36,252,152543
745,152604,43,232,57,256,50,244,152544
745,152605,32,275,47,299,39,287,152545
745,152606,460,72,488,94,474,83,152546
745,152607,508,308,531,333,519,320,152547
745,152608,417,17,435,42,426,29,152548
745,152609,217,0,232,8,224,4,152549
745,152610,481,297,501,316,491,306,152550
745,152611,581,10,607,23,594,16,152551
745,152612,397,11,417,32,407,21,152552
745,152613,384,9,399,27,391,18,152553
745,152614,341,263,360,285,350,274,152554
745,152615,66,20,81,40,73,30,152555
745,152616,428,34,451,61,439,47,152556
745,152617,162,0,179,4,170,2,152557
746,152618,442,0,534,72,488,36,152558
746,152619,539,247,571,274,555,260,152559
746,152620,596,233,621,262,608,247,152560
746,152621,468,184,490,230,479,207,152561
746,152622,597,127,623,165,610,146,152562
746,152623,265,0,345,52,305,26,152563
746,152624,381,121,402,156,391,138,152564
746,152625,529,70,557,95,543,82,152565
746,152626,417,113,442,145,429,129,152566
746,152627,59,164,80,186,69,175,152567
746,152628,543,206,579,231,561,218,152568
746,152629,99,165,116,200,107,182,152569
746,152630,362,21,384,65,373,43,152570
746,152631,208,316,231,347,219,331,152571
746,152632,300,52,322,85,311,68,152572
746,152633,246,52,268,80,257,66,152573
746,152634,609,0,638,21,623,10,152574
746,152635,277,286,301,308,289,297,152575
746,152636,271,75,291,105,281,90,152576
746,152637,501,24,528,49,514,36,152577
746,152638,573,69,610,96,591,82,152578
746,152639,261,177,281,210,271,193,152579
746,152640,611,48,638,75,624,61,152580
746,152641,293,226,313,255,303,240,152581
746,152642,119,89,137,114,128,101,152582
746,152643,233,84,256,107,244,95,152583
746,152644,36,121,54,142,45,131,152584
746,152645,72,129,88,155,80,142,152585
746,152646,57,98,80,123,68,110,152586
746,152647,228,50,250,74,239,62,152587
746,152648,200,12,220,33,210,22,152588
746,152649,229,9,257,29,243,19,152589
746,152650,37,158,56,177,46,167,152590
746,152651,40,88,56,114,48,101,152591
746,152652,486,254,513,277,499,265,152592
746,152653,289,23,317,41,303,32,152593
746,152654,125,0,188,22,156,11,152594
746,152655,53,20,66,52,59,36,152595
746,152656,178,75,205,99,191,87,152596
746,152657,195,56,212,84,203,70,152597
746,152658,314,127,336,152,325,139,152598
746,152659,306,98,334,121,320,109,152599
746,152660,510,0,542,15,526,7,152600
746,152661,542,156,570,182,556,169,152601
746,152662,348,63,377,85,362,74,152602
746,152663,29,244,43,261,36,252,152603
746,152664,43,232,57,256,50,244,152604
746,152665,32,275,47,299,39,287,152605
746,152666,460,72,488,94,474,83,152606
746,152667,508,308,530,334,519,321,152607
746,152668,417,17,435,41,426,29,152608
746,152669,217,0,231,8,224,4,152609
746,152670,481,298,501,316,491,307,152610
746,152671,581,10,607,23,594,16,152611
746,152672,397,11,417,32,407,21,152612
746,152673,384,9,399,27,391,18,152613
746,152674,341,263,360,283,350,273,152614
746,152675,66,20,81,40,73,30,152615
746,152676,428,34,450,61,439,47,152616
746,152677,63,287,80,308,71,297,
747,152678,443,0,535,72,489,36,152618
747,152679,539,247,571,274,555,260,152619
747,152680,596,233,621,262,608,247,152620
747,152681,468,184,490,229,479,206,152621
747,152682,597,127,623,165,610,146,152622
747,152683,265,0,346,52,305,26,152623
747,152684,381,121,402,156,391,138,152624
747,152685,529,70,557,95,543,82,152625
747,152686,417,113,442,145,429,129,152626
747,152687,59,164,80,186,69,175,152627
747,152688,543,206,579,231,561,218,152628
747,152689,99,165,116,200,107,182,152629
747,152690,362,21,384,65,373,43,152630
747,152691,208,316,231,347,219,331,152631
747,152692,300,52,322,85,311,68,152632
747,152693,246,52,268,80,257,66,152633
747,152694,609,0,638,21,623,10,152634
747,152695,277,286,301,308,289,297,152635
747,152696,271,75,291,105,281,90,152636
747,152697,499,24,528,50,513,37,152637
747,152698,573,69,610,96,591,82,152638
747,152699,261,177,281,210,271,193,152639
747,152700,611,48,638,75,624,61,152640
747,152701,293,226,313,255,303,240,152641
747,152702,119,89,137,114,128,101,152642
747,152703,233,84,256,107,244,95,152643
747,152704,36,121,54,142,45,131,152644
747,152705,72,129,88,155,80,142,152645
747,152706,57,98,80,123,68,110,152646
747,152707,229,50,250,74,239,62,152647
747,152708,200,12,220,33,210,22,152648
747,152709,229,9,257,29,243,19,152649
747,152710,37,158,56,177,46,167,152650
747,152711,40,88,56,114,48,101,152651
747,152712,486,254,513,277,499,265,152652
747,152713,289,23,317,41,303,32,152653
747,152714,125,0,188,22,156,11,152654
747,152715,52,20,66,52,59,36,152655
747,152716,177,74,204,99,190,86,152656
747,152717,195,56,212,84,203,70,152657
747,152718,314,127,336,152,325,139,152658
747,152719,306,99,334,121,320,110,152659
747,152720,512,0,542,16,527,8,152660
747,152721,542,155,570,182,556,168,152661
747,152722,348,63,376,85,362,74,152662
747,152723,29,244,43,261,36,252,152663
747,152724,43,232,57,256,50,244,152664
747,152725,31,275,47,299,39,287,152665
747,152726,461,72,488,94,474,83,152666
747,152727,508,309,530,336,519,322,152667
747,152728,416,17,435,41,425,29,152668
747,152729,217,0,231,8,224,4,152669
747,152730,481,298,501,316,491,307,152670
747,152731,581,10,607,23,594,16,152671
747,152732,397,11,417,32,407,21,152672
747,152733,384,9,398,27,391,18,152673
747,152734,67,20,81,40,74,30,152675
747,152735,427,34,448,61,437,47,152676
747,152736,65,288,81,308,73,298,152677
748,152737,443,0,535,73,489,36,152678
748,152738,539,247,571,274,555,260,152679
748,152739,596,233,621,262,608,247,152680
748,152740,468,184,490,229,479,206,152681
748,152741,597,127,623,165,610,146,152682
748,152742,265,0,346,52,305,26,152683
748,152743,381,121,402,156,391,138,152684
748,152744,529,70,557,95,543,82,152685
748,152745,417,113,442,145,429,129,152686
748,152746,59,164,80,186,69,175,152687
748,152747,543,206,579,231,561,218,152688
748,152748,99,165,116,200,107,182,152689
748,152749,362,21,384,65,373,43,152690
748,152750,208,316,231,347,219,331,152691
748,152751,300,52,322,85,311,68,152692
748,152752,246,52,268,80,257,66,152693
748,152753,609,0,638,21,623,10,152694
748,152754,277,286,301,309,289,297,152695
748,152755,271,75,291,105,281,90,152696
748,152756,499,24,528,50,513,37,152697
748,152757,573,69,610,96,591,82,152698
748,152758,261,177,281,210,271,193,152699
748,152759,611,48,638,75,624,61,152700
748,152760,294,226,313,255,303,240,152701
748,152761,119,89,137,114,128,101,152702
748,152762,233,84,256,107,244,95,152703
748,152763,36,121,54,142,45,131,152704
748,152764,72,129,88,155,80,142,152705
748,152765,57,98,80,123,68,110,152706
748,152766,229,50,250,74,239,62,152707
748,152767,200,12,220,33,210,22,152708
748,152768,229,9,258,29,243,19,152709
748,152769,37,158,56,177,46,167,152710
748,152770,40,88,56,114,48,101,152711
748,152771,486,254,513,277,499,265,152712
748,152772,289,23,317,41,303,32,152713
748,152773,125,0,188,22,156,11,152714
748,152774,52,20,66,52,59,36,152715
748,152775,177,73,204,99,190,86,152716
748,152776,196,56,212,84,204,70,152717
748,152777,314,127,336,152,325,139,152718
748,152778,306,99,334,121,320,110,152719
748,152779,513,0,542,16,527,8,152720
748,152780,542,155,570,182,556,168,152721
748,152781,348,63,376,85,362,74,152722
748,152782,29,244,43,261,36,252,152723
748,152783,43,232,57,256,50,244,152724
748,152784,31,275,47,299,39,287,152725
748,152785,461,72,488,94,474,83,152726
748,152786,508,309,529,336,518,322,152727
748,152787,416,17,435,41,425,29,152728
748,152788,217,0,231,8,224,4,152729
748,152789,481,298,501,316,491,307,152730
748,152790,581,10,607,23,594,16,152731
748,152791,397,11,417,32,407,21,152732
748,152792,384,9,398,27,391,18,152733
748,152793,67,20,81,40,74,30,152734
748,152794,427,34,448,61,437,47,152735
748,152795,66,289,81,308,73,298,152736
749,152796,443,0,535,72,489,36,152737
749,152797,539,247,571,274,555,260,152738
749,152798,596,233,621,262,608,247,152739
749,152799,468,184,490,229,479,206,152740
749,152800,597,127,623,165,610,146,152741
749,152801,265,0,346,52,305,26,152742
749,152802,381,121,402,156,391,138,152743
749,152803,529,70,557,95,543,82,152744
749,152804,417,113,442,145,429,129,152745
749,152805,59,164,80,186,69,175,152746
749,152806,543,206,579,231,561,218,152747
749,152807,99,165,116,200,107,182,152748
749,152808,362,21,384,65,373,43,152749
749,152809,208,316,231,347,219,331,152750
749,152810,300,52,322,85,311,68,152751
749,152811,246,52,268,80,257,66,152752
749,152812,609,0,638,21,623,10,152753
749,152813,277,286,301,309,289,297,152754
749,152814,271,75,291,105,281,90,152755
749,152815,498,24,528,50,513,37,152756
749,152816,573,69,610,96,591,82,152757
749,152817,261,177,281,210,271,193,152758
749,152818,611,48,638,75,624,61,152759
749,152819,294,226,313,255,303,240,152760
749,152820,119,89,137,114,128,101,152761
749,152821,233,84,256,107,244,95,152762
749,152822,36,121,54,142,45,131,152763
749,152823,72,129,88,155,80,142,152764
749,152824,57,98,80,123,68,110,152765
749,152825,229,50,250,74,239,62,152766
749,152826,200,12,220,33,210,22,152767
749,152827,229,9,258,29,243,19,152768
749,152828,37,158,56,177,46,167,152769
749,152829,40,88,56,114,48,101,152770
749,152830,486,254,513,277,499,265,152771
749,152831,289,23,317,41,303,32,152772
749,152832,125,0,188,22,156,11,152773
749,152833,52,20,66,52,59,36,152774
749,152834,177,73,201,99,189,86,152775
749,152835,195,56,212,84,203,70,152776
749,152836,314,127,336,152,325,139,152777
749,152837,306,99,334,121,320,110,152778
749,152838,515,0,543,16,529,8,152779
749,152839,542,155,570,182,556,168,152780
749,152840,348,63,376,85,362,74,152781
749,152841,29,244,43,261,36,252,152782
749,152842,43,232,57,256,50,244,152783
749,152843,31,275,47,299,39,287,152784
749,152844,461,72,488,95,474,83,152785
749,152845,508,310,529,337,518,323,152786
749,152846,416,17,435,41,425,29,152787
749,152847,217,0,231,8,224,4,152788
749,152848,480,298,501,316,490,307,152789
749,152849,581,10,607,23,594,16,152790
749,152850,397,11,417,32,407,21,152791
749,152851,384,9,398,27,391,18,152792
749,152852,67,20,81,40,74,30,152793
749,152853,426,34,446,62,436,48,152794
750,152854,443,0,535,72,489,36,152796
750,152855,539,247,571,274,555,260,152797
750,152856,596,233,621,262,608,247,152798
750,152857,468,184,490,229,479,206,152799
750,152858,597,127,623,165,610,146,152800
750,152859,265,0,346,52,305,26,152801
750,152860,381,121,402,156,391,138,152802
750,152861,529,70,557,95,543,82,152803
750,152862,417,113,442,145,429,129,152804
750,152863,59,164,80,186,69,175,152805
750,152864,543,206,579,231,561,218,152806
750,152865,99,165,116,200,107,182,152807
750,152866,362,21,384,65,373,43,152808
750,152867,208,316,231,347,219,331,152809
750,152868,300,52,322,85,311,68,152810
750,152869,246,52,268,80,257,66,152811
750,152870,609,0,638,21,623,10,152812
750,152871,277,286,301,309,289,297,152813
750,152872,271,75,291,105,281,90,152814
750,152873,497,25,528,51,512,38,152815
750,152874,574,69,610,96,592,82,152816
750,152875,261,177,281,210,271,193,152817
750,152876,611,48,638,75,624,61,152818
750,152877,294,226,313,255,303,240,152819
750,152878,119,89,137,114,128,101,152820
750,152879,233,84,256,107,244,95,152821
750,152880,36,120,54,142,45,131,152822
750,152881,72,129,88,155,80,142,152823
750,152882,57,98,80,123,68,110,152824
750,152883,229,50,250,74,239,62,152825
750,152884,200,12,220,33,210,22,152826
750,152885,229,9,258,29,243,19,152827
750,152886,37,158,56,177,46,167,152828
750,152887,40,88,56,114,48,101,152829
750,152888,486,254,513,277,499,265,152830
750,152889,289,23,317,41,303,32,152831
750,152890,125,0,187,22,156,11,152832
750,152891,52,20,66,52,59,36,152833
750,152892,178,72,199,99,188,85,152834
750,152893,195,56,212,84,203,70,152835
750,152894,314,127,336,152,325,139,152836
750,152895,306,99,334,121,320,110,152837
750,152896,517,0,544,17,530,8,152838
750,152897,542,155,570,182,556,168,152839
750,152898,348,63,376,85,362,74,152840
750,152899,29,244,43,261,36,252,152841
750,152900,43,232,57,255,50,243,152842
750,152901,31,275,47,299,39,287,152843
750,152902,460,72,488,95,474,83,152844
750,152903,507,310,528,337,517,323,152845
750,152904,417,17,435,42,426,29,152846
750,152905,217,0,231,8,224,4,152847
750,152906,480,297,501,316,490,306,152848
750,152907,581,10,607,23,594,16,152849
750,152908,397,11,417,32,407,21,152850
750,152909,384,9,399,27,391,18,152851
750,152910,67,20,81,40,74,30,152852
750,152911,427,34,447,62,437,48,152853
750,152912,178,254,194,270,186,262,
750,152913,194,242,216,262,205,252,
750,152914,70,293,84,312,77,302,
751,152915,443,0,534,72,488,36,152854
751,152916,539,247,571,274,555,260,152855
751,152917,596,233,621,262,608,247,152856
751,152918,468,184,490,229,479,206,152857
751,152919,597,127,623,165,610,146,152858
751,152920,266,0,345,52,305,26,152859
751,152921,381,121,402,156,391,138,152860
751,152922,529,70,557,95,543,82,152861
751,152923,417,113,442,146,429,129,152862
751,152924,60,164,80,186,70,175,152863
751,152925,543,206,579,231,561,218,152864
751,152926,99,165,117,200,108,182,152865
751,152927,362,21,384,65,373,43,152866
751,152928,208,316,231,347,219,331,152867
751,152929,300,52,322,85,311,68,152868
751,152930,246,52,268,80,257,66,152869
751,152931,609,0,638,21,623,10,152870
751,152932,277,286,301,308,289,297,152871
751,152933,271,74,291,105,281,89,152872
751,152934,495,27,526,52,510,39,152873
751,152935,574,69,610,96,592,82,152874
751,152936,261,177,281,210,271,193,152875
751,152937,611,48,638,75,624,61,152876
751,152938,293,226,313,255,303,240,152877
751,152939,119,89,137,114,128,101,152878
751,152940,233,84,256,107,244,95,152879
751,152941,36,120,54,142,45,131,152880
751,152942,72,129,88,155,80,142,152881
751,152943,57,98,80,123,68,110,152882
751,152944,229,50,250,74,239,62,152883
751,152945,200,12,220,33,210,22,152884
751,152946,229,9,258,29,243,19,152885
751,152947,37,158,55,177,46,167,152886
751,152948,40,88,56,114,48,101,152887
751,152949,486,254,513,277,499,265,152888
751,152950,289,23,317,41,303,32,152889
751,152951,126,0,187,22,156,11,152890
751,152952,52,19,66,52,59,35,152891
751,152953,178,71,198,99,188,85,152892
751,152954,195,56,212,84,203,70,152893
751,152955,314,127,336,153,325,140,152894
751,152956,306,99,334,121,320,110,152895
751,152957,517,0,545,16,531,8,152896
751,152958,542,155,570,182,556,168,152897
751,152959,348,63,376,85,362,74,152898
751,152960,29,244,43,261,36,252,152899
751,152961,43,232,57,255,50,243,152900
751,152962,31,275,47,299,39,287,152901
751,152963,459,72,488,95,473,83,152902
751,152964,507,311,527,338,517,324,152903
751,152965,417,17,435,44,426,30,152904
751,152966,217,0,231,8,224,4,152905
751,152967,480,297,500,316,490,306,152906
751,152968,581,10,607,23,594,16,152907
751,152969,398,11,417,31,407,21,152908
751,152970,384,9,399,27,391,18,152909
751,152971,67,20,81,40,74,30,152910
751,152972,428,36,448,63,438,49,152911
751,152973,178,253,195,270,186,261,152912
751,152974,195,242,216,262,205,252,152913
751,152975,72,295,87,315,79,305,
751,152976,341,263,360,283,350,273,
752,152977,443,0,534,72,488,36,152915
752,152978,539,247,571,274,555,260,152916
752,152979,596,233,621,262,608,247,152917
752,152980,468,184,490,229,479,206,152918
752,152981,597,127,623,165,610,146,152919
752,152982,266,0,345,52,305,26,152920
752,152983,381,121,402,156,391,138,152921
752,152984,529,70,557,95,543,82,152922
752,152985,417,113,442,146,429,129,152923
752,152986,60,164,80,186,70,175,152924
752,152987,543,206,578,231,560,218,152925
752,152988,99,165,117,200,108,182,152926
752,152989,362,21,384,65,373,43,152927
752,152990,208,316,231,347,219,331,152928
752,152991,300,52,322,85,311,68,152929
752,152992,246,52,268,80,257,66,152930
752,152993,609,0,639,21,624,10,152931
752,152994,277,286,301,308,289,297,152932
752,152995,271,74,291,105,281,89,152933
752,152996,494,27,526,52,510,39,152934
752,152997,574,69,610,96,592,82,152935
752,152998,261,178,281,210,271,194,152936
752,152999,611,48,638,75,624,61,152937
752,153000,293,226,313,255,303,240,152938
752,153001,119,89,137,114,128,101,152939
752,153002,233,84,256,107,244,95,152940
752,153003,36,120,54,142,45,131,152941
752,153004,72,129,88,155,80,142,152942
752,153005,57,98,80,122,68,110,152943
752,153006,229,50,250,74,239,62,152944
752,153007,200,12,220,33,210,22,152945
752,153008,229,9,258,28,243,18,152946
752,153009,37,158,55,177,46,167,152947
752,153010,40,88,56,114,48,101,152948
752,153011,486,254,513,277,499,265,152949
752,153012,289,23,318,41,303,32,152950
752,153013,126,0,187,22,156,11,152951
752,153014,52,19,66,52,59,35,152952
752,153015,179,70,198,99,188,84,152953
752,153016,196,56,212,84,204,70,152954
752,153017,314,127,336,153,325,140,152955
752,153018,306,99,334,121,320,110,152956
752,153019,518,0,547,14,532,7,152957
752,153020,542,155,570,182,556,168,152958
752,153021,348,62,376,85,362,73,152959
752,153022,29,244,43,261,36,252,152960
752,153023,43,232,57,255,50,243,152961
752,153024,31,275,47,299,39,287,152962
752,153025,458,73,488,95,473,84,152963
752,153026,506,311,527,339,516,325,152964
752,153027,417,17,435,44,426,30,152965
752,153028,217,0,231,8,224,4,152966
752,153029,480,297,500,316,490,306,152967
752,153030,581,10,607,23,594,16,152968
752,153031,398,11,417,31,407,21,152969
752,153032,384,9,399,27,391,18,152970
752,153033,67,20,81,40,74,30,152971
752,153034,429,39,449,62,439,50,152972
752,153035,178,253,195,270,186,261,152973
752,153036,195,242,216,262,205,252,152974
752,153037,74,299,90,318,82,308,
752,153038,341,263,360,284,350,273,152976
752,153039,201,274,218,294,209,284,
753,153040,444,0,533,73,488,36,152977
753,153041,539,247,571,274,555,260,152978
753,153042,596,233,621,262,608,247,152979
753,153043,468,184,490,229,479,206,152980
753,153044,597,127,623,165,610,146,152981
753,153045,266,0,345,52,305,26,152982
753,153046,381,121,402,156,391,138,152983
753,153047,529,70,557,95,543,82,152984
753,153048,417,113,442,146,429,129,152985
753,153049,60,164,80,186,70,175,152986
753,153050,543,206,578,231,560,218,152987
753,153051,99,165,117,200,108,182,152988
753,153052,362,21,384,65,373,43,152989
753,153053,208,316,231,347,219,331,152990
753,153054,300,52,322,85,311,68,152991
753,153055,246,52,268,80,257,66,152992
753,153056,609,0,639,21,624,10,152993
753,153057,277,286,301,308,289,297,152994
753,153058,271,74,291,105,281,89,152995
753,153059,493,26,525,53,509,39,152996
753,153060,574,69,610,96,592,82,152997
753,153061,261,178,281,210,271,194,152998
753,153062,611,48,638,75,624,61,152999
753,153063,293,226,313,255,303,240,153000
753,153064,119,89,137,114,128,101,153001
753,153065,233,84,256,107,244,95,153002
753,153066,36,120,54,142,45,131,153003
753,153067,72,129,88,155,80,142,153004
753,153068,57,98,80,122,68,110,153005
753,153069,229,50,250,74,239,62,153006
753,153070,200,12,220,33,210,22,153007
753,153071,230,9,258,28,244,18,153008
753,153072,37,159,55,177,46,168,153009
753,153073,40,88,56,114,48,101,153010
753,153074,486,254,513,277,499,265,153011
753,153075,289,23,318,41,303,32,153012
753,153076,126,0,187,22,156,11,153013
753,153077,52,19,66,52,59,35,153014
753,153078,180,70,199,98,189,84,153015
753,153079,196,56,212,84,204,70,153016
753,153080,314,127,336,152,325,139,153017
753,153081,306,99,334,121,320,110,153018
753,153082,519,0,548,14,533,7,153019
753,153083,542,155,570,182,556,168,153020
753,153084,348,62,376,85,362,73,153021
753,153085,29,244,43,261,36,252,153022
753,153086,43,232,57,255,50,243,153023
753,153087,31,275,47,299,39,287,153024
753,153088,457,73,488,95,472,84,153025
753,153089,506,311,526,339,516,325,153026
753,153090,416,17,435,45,425,31,153027
753,153091,217,0,231,8,224,4,153028
753,153092,480,297,500,316,490,306,153029
753,153093,581,10,607,23,594,16,153030
753,153094,398,11,417,31,407,21,153031
753,153095,384,9,399,27,391,18,153032
753,153096,66,20,81,41,73,30,153033
753,153097,430,41,451,62,440,51,153034
753,153098,178,252,197,270,187,261,153035
753,153099,195,242,216,262,205,252,153036
753,153100,77,302,94,322,85,312,
753,153101,341,263,360,283,350,273,153038
753,153102,201,274,218,294,209,284,153039
754,153103,444,0,533,73,488,36,153040
754,153104,539,247,571,274,555,260,153041
754,153105,596,233,621,262,608,247,153042
754,153106,468,184,490,229,479,206,153043
754,153107,597,127,623,165,610,146,153044
754,153108,266,0,345,52,305,26,153045
754,153109,381,121,402,156,391,138,153046
754,153110,529,70,557,95,543,82,153047
754,153111,417,113,442,146,429,129,153048
754,153112,60,164,80,186,70,175,153049
754,153113,543,206,578,231,560,218,153050
754,153114,99,165,117,200,108,182,153051
754,153115,362,21,384,65,373,43,153052
754,153116,208,316,231,347,219,331,153053
754,153117,300,52,322,85,311,68,153054
754,153118,246,52,268,80,257,66,153055
754,153119,609,0,639,21,624,10,153056
754,153120,277,286,301,308,289,297,153057
754,153121,271,74,291,105,281,89,153058
754,153122,493,26,525,54,509,40,153059
754,153123,574,69,610,96,592,82,153060
754,153124,261,178,281,210,271,194,153061
754,153125,611,48,638,75,624,61,153062
754,153126,293,226,313,255,303,240,153063
754,153127,119,89,137,114,128,101,153064
754,153128,233,84,256,107,244,95,153065
754,153129,36,120,54,142,45,131,153066
754,153130,72,129,88,155,80,142,153067
754,153131,57,98,80,122,68,110,153068
754,153132,228,50,250,74,239,62,153069
754,153133,200,12,220,33,210,22,153070
754,153134,230,8,258,28,244,18,153071
754,153135,37,159,55,177,46,168,153072
754,153136,40,88,56,114,48,101,153073
754,153137,486,254,513,277,499,265,153074
754,153138,289,23,318,41,303,32,153075
754,153139,126,0,187,22,156,11,153076
754,153140,52,19,66,52,59,35,153077
754,153141,180,70,199,98,189,84,153078
754,153142,196,56,212,84,204,70,153079
754,153143,314,127,336,152,325,139,153080
754,153144,306,99,334,121,320,110,153081
754,153145,519,0,549,14,534,7,153082
754,153146,542,155,570,182,556,168,153083
754,153147,348,62,376,85,362,73,153084
754,153148,29,244,43,261,36,252,153085
754,153149,43,232,57,255,50,243,153086
754,153150,31,275,47,299,39,287,153087
754,153151,456,73,488,95,472,84,153088
754,153152,506,311,526,339,516,325,153089
754,153153,416,17,435,45,425,31,153090
754,153154,217,0,231,8,224,4,153091
754,153155,480,297,500,316,490,306,153092
754,153156,581,10,607,23,594,16,153093
754,153157,398,11,417,31,407,21,153094
754,153158,384,9,399,27,391,18,153095
754,153159,66,20,81,41,73,30,153096
754,153160,430,42,452,62,441,52,153097
754,153161,178,252,197,270,187,261,153098
754,153162,195,242,216,263,205,252,153099
754,153163,78,303,96,323,87,313,153100
754,153164,341,263,360,282,350,272,153101
754,153165,201,274,218,294,209,284,153102
755,153166,444,0,533,73,488,36,153103
755,153167,539,247,571,274,555,260,153104
755,153168,596,233,621,262,608,247,153105
755,153169,468,184,490,229,479,206,153106
755,153170,597,127,623,165,610,146,153107
755,153171,266,0,345,52,305,26,153108
755,153172,381,121,402,156,391,138,153109
755,153173,529,70,557,95,543,82,153110
755,153174,417,113,442,146,429,129,153111
755,153175,60,164,80,186,70,175,153112
755,153176,543,206,578,231,560,218,153113
755,153177,99,165,117,200,108,182,153114
755,153178,362,21,384,65,373,43,153115
755,153179,208,316,231,347,219,331,153116
755,153180,300,52,322,85,311,68,153117
755,153181,246,52,268,80,257,66,153118
755,153182,609,0,639,21,624,10,153119
755,153183,277,286,301,308,289,297,153120
755,153184,271,75,291,105,281,90,153121
755,153185,493,27,525,55,509,41,153122
755,153186,574,69,610,96,592,82,153123
755,153187,261,178,281,210,271,194,153124
755,153188,611,48,638,75,624,61,153125
755,153189,293,226,313,255,303,240,153126
755,153190,119,89,137,114,128,101,153127
755,153191,233,84,256,107,244,95,153128
755,153192,36,120,54,142,45,131,153129
755,153193,72,129,88,155,80,142,153130
755,153194,57,98,80,122,68,110,153131
755,153195,228,50,250,74,239,62,153132
755,153196,200,12,220,33,210,22,153133
755,153197,230,8,258,28,244,18,153134
755,153198,37,159,55,177,46,168,153135
755,153199,40,88,56,114,48,101,153136
755,153200,486,254,513,277,499,265,153137
755,153201,289,23,318,41,303,32,153138
755,153202,126,0,187,22,156,11,153139
755,153203,52,19,66,52,59,35,153140
755,153204,181,69,199,97,190,83,153141
755,153205,196,56,212,83,204,69,153142
755,153206,314,127,336,152,325,139,153143
755,153207,306,99,334,121,320,110,153144
755,153208,520,0,550,14,535,7,153145
755,153209,542,155,570,182,556,168,153146
755,153210,348,62,376,85,362,73,153147
755,153211,29,244,43,261,36,252,153148
755,153212,43,232,57,254,50,243,153149
755,153213,31,275,47,299,39,287,153150
755,153214,456,73,488,95,472,84,153151
755,153215,505,311,526,339,515,325,153152
755,153216,416,17,434,46,425,31,153153
755,153217,217,0,231,8,224,4,153154
755,153218,480,297,500,316,490,306,153155
755,153219,581,10,607,23,594,16,153156
755,153220,398,11,417,31,407,21,153157
755,153221,384,9,399,27,391,18,153158
755,153222,66,20,81,41,73,30,153159
755,153223,430,42,453,63,441,52,153160
755,153224,178,252,197,270,187,261,153161
755,153225,195,242,216,263,205,252,153162
755,153226,80,306,99,326,89,316,153163
755,153227,341,263,360,282,350,272,153164
755,153228,201,274,218,294,209,284,153165
756,153229,444,0,533,73,488,36,153166
756,153230,539,247,571,274,555,260,153167
756,153231,596,233,621,262,608,247,153168
756,153232,468,184,490,229,479,206,153169
756,153233,597,127,623,165,610,146,153170
756,153234,266,0,345,52,305,26,153171
756,153235,381,121,402,156,391,138,153172
756,153236,529,70,557,95,543,82,153173
756,153237,417,113,442,146,429,129,153174
756,153238,60,164,80,186,70,175,153175
756,153239,543,206,578,231,560,218,153176
756,153240,99,165,117,200,108,182,153177
756,153241,362,21,384,65,373,43,153178
756,153242,208,316,231,347,219,331,153179
756,153243,300,52,322,85,311,68,153180
756,153244,246,52,268,80,257,66,153181
756,153245,609,0,639,21,624,10,153182
756,153246,277,286,301,308,289,297,153183
756,153247,271,75,291,105,281,90,153184
756,153248,493,27,525,55,509,41,153185
756,153249,574,69,610,96,592,82,153186
756,153250,261,178,281,210,271,194,153187
756,153251,611,48,638,75,624,61,153188
756,153252,293,226,313,255,303,240,153189
756,153253,119,89,137,114,128,101,153190
756,153254,233,84,256,107,244,95,153191
756,153255,36,120,54,142,45,131,153192
756,153256,72,129,88,155,80,142,153193
756,153257,57,98,80,122,68,110,153194
756,153258,228,50,250,74,239,62,153195
756,153259,200,12,220,33,210,22,153196
756,153260,230,8,258,28,244,18,153197
756,153261,37,159,55,177,46,168,153198
756,153262,40,88,56,114,48,101,153199
756,153263,486,254,513,277,499,265,153200
756,153264,289,23,317,41,303,32,153201
756,153265,126,0,187,22,156,11,153202
756,153266,52,19,66,52,59,35,153203
756,153267,181,69,199,97,190,83,153204
756,153268,196,56,212,82,204,69,153205
756,153269,314,127,336,152,325,139,153206
756,153270,306,99,334,121,320,110,153207
756,153271,523,0,551,14,537,7,153208
756,153272,542,155,570,182,556,168,153209
756,153273,348,62,376,85,362,73,153210
756,153274,29,244,43,261,36,252,153211
756,153275,43,232,57,254,50,243,153212
756,153276,31,275,47,299,39,287,153213
756,153277,456,73,488,95,472,84,153214
756,153278,505,311,526,339,515,325,153215
756,153279,416,17,434,46,425,31,153216
756,153280,217,0,231,8,224,4,153217
756,153281,480,297,500,316,490,306,153218
756,153282,581,10,607,23,594,16,153219
756,153283,398,11,417,31,407,21,153220
756,153284,384,9,399,27,391,18,153221
756,153285,66,20,81,41,73,30,153222
756,153286,430,43,454,63,442,53,153223
756,153287,178,251,197,270,187,260,153224
756,153288,195,242,216,262,205,252,153225
756,153289,85,310,103,330,94,320,
756,153290,341,263,360,284,350,273,153227
756,153291,201,274,219,294,210,284,153228
757,153292,443,0,533,73,488,36,153229
757,153293,539,247,571,274,555,260,153230
757,153294,596,233,621,262,608,247,153231
757,153295,468,184,490,229,479,206,153232
757,153296,597,127,623,165,610,146,153233
757,153297,266,0,345,52,305,26,153234
757,153298,381,121,402,156,391,138,153235
757,153299,529,70,557,95,543,82,153236
757,153300,417,113,442,146,429,129,153237
757,153301,60,164,80,186,70,175,153238
757,153302,543,206,578,231,560,218,153239
757,153303,99,165,117,200,108,182,153240
757,153304,362,21,384,65,373,43,153241
757,153305,208,316,231,347,219,331,153242
757,153306,300,52,322,85,311,68,153243
757,153307,246,52,268,81,257,66,153244
757,153308,609,0,639,21,624,10,153245
757,153309,277,286,301,308,289,297,153246
757,153310,271,75,291,105,281,90,153247
757,153311,493,27,524,56,508,41,153248
757,153312,574,69,610,96,592,82,153249
757,153313,261,178,281,210,271,194,153250
757,153314,611,48,638,75,624,61,153251
757,153315,293,226,313,255,303,240,153252
757,153316,119,89,137,114,128,101,153253
757,153317,233,84,256,107,244,95,153254
757,153318,36,120,54,142,45,131,153255
757,153319,72,129,88,155,80,142,153256
757,153320,57,98,80,122,68,110,153257
757,153321,228,50,250,74,239,62,153258
757,153322,200,12,220,33,210,22,153259
757,153323,230,8,258,28,244,18,153260
757,153324,37,159,55,177,46,168,153261
757,153325,40,88,56,114,48,101,153262
757,153326,486,254,513,277,499,265,153263
757,153327,289,23,317,41,303,32,153264
757,153328,126,0,187,22,156,11,153265
757,153329,52,19,66,52,59,35,153266
757,153330,182,69,199,97,190,83,153267
757,153331,196,56,212,82,204,69,153268
757,153332,314,127,336,152,325,139,153269
757,153333,306,99,334,121,320,110,153270
757,153334,524,0,552,15,538,7,153271
757,153335,542,155,570,182,556,168,153272
757,153336,348,62,376,85,362,73,153273
757,153337,29,244,43,261,36,252,153274
757,153338,43,232,57,254,50,243,153275
757,153339,31,275,47,299,39,287,153276
757,153340,456,73,488,94,472,83,153277
757,153341,505,311,526,339,515,325,153278
757,153342,416,17,434,46,425,31,153279
757,153343,217,0,231,8,224,4,153280
757,153344,480,297,500,316,490,306,153281
757,153345,581,10,607,23,594,16,153282
757,153346,398,11,417,31,407,21,153283
757,153347,384,9,399,27,391,18,153284
757,153348,66,20,81,41,73,30,153285
757,153349,431,44,455,66,443,55,153286
757,153350,178,251,197,269,187,260,153287
757,153351,195,242,216,262,205,252,153288
757,153352,90,313,107,334,98,323,
757,153353,341,263,360,284,350,273,153290
757,153354,201,274,219,294,210,284,153291
758,153355,443,0,532,73,487,36,153292
758,153356,539,247,571,274,555,260,153293
758,153357,596,233,621,262,608,247,153294
758,153358,468,184,490,229,479,206,153295
758,153359,597,127,623,165,610,146,153296
758,153360,266,0,345,52,305,26,153297
758,153361,381,121,402,156,391,138,153298
758,153362,529,70,557,95,543,82,153299
758,153363,417,113,442,146,429,129,153300
758,153364,60,164,80,186,70,175,153301
758,153365,543,206,578,231,560,218,153302
758,153366,99,165,117,200,108,182,153303
758,153367,362,21,384,65,373,43,153304
758,153368,208,316,231,347,219,331,153305
758,153369,300,52,322,85,311,68,153306
758,153370,246,52,268,81,257,66,153307
758,153371,609,0,639,21,624,10,153308
758,153372,277,286,301,308,289,297,153309
758,153373,271,75,291,105,281,90,153310
758,153374,493,28,524,56,508,42,153311
758,153375,574,69,610,96,592,82,153312
758,153376,261,178,281,210,271,194,153313
758,153377,611,48,638,75,624,61,153314
758,153378,293,226,313,255,303,240,153315
758,153379,119,89,137,114,128,101,153316
758,153380,233,84,256,107,244,95,153317
758,153381,36,120,54,142,45,131,153318
758,153382,72,129,88,155,80,142,153319
758,153383,57,98,80,122,68,110,153320
758,153384,228,50,250,74,239,62,153321
758,153385,200,12,220,33,210,22,153322
758,153386,230,8,258,28,244,18,153323
758,153387,37,159,55,177,46,168,153324
758,153388,40,88,56,114,48,101,153325
758,153389,486,254,513,277,499,265,153326
758,153390,289,23,317,41,303,32,153327
758,153391,126,0,187,22,156,11,153328
758,153392,52,19,66,52,59,35,153329
758,153393,182,69,199,97,190,83,153330
758,153394,196,56,212,82,204,69,153331
758,153395,314,127,336,152,325,139,153332
758,153396,306,99,334,121,320,110,153333
758,153397,525,0,552,15,538,7,153334
758,153398,542,155,570,182,556,168,153335
758,153399,348,62,376,85,362,73,153336
758,153400,29,244,43,261,36,252,153337
758,153401,43,232,58,254,50,243,153338
758,153402,31,275,47,299,39,287,153339
758,153403,456,72,487,94,471,83,153340
758,153404,504,311,526,339,515,325,153341
758,153405,416,17,434,46,425,31,153342
758,153406,217,0,231,8,224,4,153343
758,153407,480,297,500,316,490,306,153344
758,153408,581,10,607,23,594,16,153345
758,153409,398,11,417,31,407,21,153346
758,153410,384,9,399,27,391,18,153347
758,153411,66,20,81,41,73,30,153348
758,153412,432,46,457,68,444,57,153349
758,153413,178,251,196,268,187,259,153350
758,153414,195,242,216,262,205,252,153351
758,153415,94,317,111,339,102,328,
758,153416,201,274,219,294,210,284,153354
759,153417,443,0,532,72,487,36,153355
759,153418,539,247,571,274,555,260,153356
759,153419,596,233,621,262,608,247,153357
759,153420,468,184,490,229,479,206,153358
759,153421,597,127,623,165,610,146,153359
759,153422,266,0,345,52,305,26,153360
759,153423,381,121,402,156,391,138,153361
759,153424,529,70,557,95,543,82,153362
759,153425,417,113,442,146,429,129,153363
759,153426,60,164,80,186,70,175,153364
759,153427,543,206,578,231,560,218,153365
759,153428,99,165,117,200,108,182,153366
759,153429,362,21,384,65,373,43,153367
759,153430,208,316,231,347,219,331,153368
759,153431,300,52,322,85,311,68,153369
759,153432,246,52,268,81,257,66,153370
759,153433,609,0,638,21,623,10,153371
759,153434,277,286,301,308,289,297,153372
759,153435,271,75,291,105,281,90,153373
759,153436,493,30,523,55,508,42,153374
759,153437,574,69,610,95,592,82,153375
759,153438,261,178,281,210,271,194,153376
759,153439,611,48,638,75,624,61,153377
759,153440,293,226,313,255,303,240,153378
759,153441,119,89,137,114,128,101,153379
759,153442,233,84,256,107,244,95,153380
759,153443,36,120,54,142,45,131,153381
759,153444,72,129,88,155,80,142,153382
759,153445,57,98,80,122,68,110,153383
759,153446,228,50,250,74,239,62,153384
759,153447,200,12,220,33,210,22,153385
759,153448,230,8,258,28,244,18,153386
759,153449,37,159,55,177,46,168,153387
759,153450,40,88,56,114,48,101,153388
759,153451,486,254,514,277,500,265,153389
759,153452,289,23,316,41,302,32,153390
759,153453,126,0,187,22,156,11,153391
759,153454,52,19,66,52,59,35,153392
759,153455,182,69,200,96,191,82,153393
759,153456,196,56,212,82,204,69,153394
759,153457,314,127,336,152,325,139,153395
759,153458,306,99,334,121,320,110,153396
759,153459,526,0,552,15,539,7,153397
759,153460,542,155,570,182,556,168,153398
759,153461,348,62,376,85,362,73,153399
759,153462,29,244,43,261,36,252,153400
759,153463,43,233,58,254,50,243,153401
759,153464,31,275,47,299,39,287,153402
759,153465,455,72,487,94,471,83,153403
759,153466,504,311,526,339,515,325,153404
759,153467,416,17,434,46,425,31,153405
759,153468,217,0,231,8,224,4,153406
759,153469,480,297,500,316,490,306,153407
759,153470,581,10,607,23,594,16,153408
759,153471,398,11,417,31,407,21,153409
759,153472,384,9,399,27,391,18,153410
759,153473,66,20,81,41,73,30,153411
759,153474,434,47,458,69,446,58,153412
759,153475,179,251,197,267,188,259,153413
759,153476,195,242,216,262,205,252,153414
759,153477,100,322,117,344,108,333,
759,153478,201,274,219,294,210,284,153416
759,153479,509,23,527,34,518,28,
760,153480,444,0,532,72,488,36,153417
760,153481,539,247,571,274,555,260,153418
760,153482,596,233,621,262,608,247,153419
760,153483,468,184,490,229,479,206,153420
760,153484,597,127,623,165,610,146,153421
760,153485,266,0,345,52,305,26,153422
760,153486,381,121,402,156,391,138,153423
760,153487,529,70,557,95,543,82,153424
760,153488,417,113,442,146,429,129,153425
760,153489,60,164,80,186,70,175,153426
760,153490,543,206,578,231,560,218,153427
760,153491,99,165,117,200,108,182,153428
760,153492,362,21,384,65,373,43,153429
760,153493,208,316,231,347,219,331,153430
760,153494,300,52,322,85,311,68,153431
760,153495,246,52,268,81,257,66,153432
760,153496,609,0,639,21,624,10,153433
760,153497,277,286,301,308,289,297,153434
760,153498,271,74,291,105,281,89,153435
760,153499,493,30,523,55,508,42,153436
760,153500,574,69,610,95,592,82,153437
760,153501,261,178,281,210,271,194,153438
760,153502,611,48,638,75,624,61,153439
760,153503,293,226,313,255,303,240,153440
760,153504,119,89,137,114,128,101,153441
760,153505,233,84,256,107,244,95,153442
760,153506,36,120,54,142,45,131,153443
760,153507,72,129,88,155,80,142,153444
760,153508,57,98,80,122,68,110,153445
760,153509,228,50,250,74,239,62,153446
760,153510,200,12,220,33,210,22,153447
760,153511,230,8,258,28,244,18,153448
760,153512,37,159,55,177,46,168,153449
760,153513,40,88,56,114,48,101,153450
760,153514,486,254,514,277,500,265,153451
760,153515,289,23,316,41,302,32,153452
760,153516,126,0,187,22,156,11,153453
760,153517,52,19,66,52,59,35,153454
760,153518,182,69,200,96,191,82,153455
760,153519,196,56,212,82,204,69,153456
760,153520,314,127,336,152,325,139,153457
760,153521,306,99,334,121,320,110,153458
760,153522,526,0,552,15,539,7,153459
760,153523,542,155,570,182,556,168,153460
760,153524,348,62,376,85,362,73,153461
760,153525,29,244,43,261,36,252,153462
760,153526,43,233,58,254,50,243,153463
760,153527,31,275,47,299,39,287,153464
760,153528,455,72,487,94,471,83,153465
760,153529,504,311,526,339,515,325,153466
760,153530,416,17,434,46,425,31,153467
760,153531,217,0,231,8,224,4,153468
760,153532,480,297,500,316,490,306,153469
760,153533,581,10,607,23,594,16,153470
760,153534,398,11,417,31,407,21,153471
760,153535,384,9,399,27,391,18,153472
760,153536,66,20,81,41,73,30,153473
760,153537,435,48,459,69,447,58,153474
760,153538,179,251,198,267,188,259,153475
760,153539,195,242,216,261,205,251,153476
760,153540,102,324,118,346,110,335,153477
760,153541,201,274,219,294,210,284,153478
760,153542,509,23,527,34,518,28,153479
761,153543,443,0,533,72,488,36,153480
761,153544,539,247,571,274,555,260,153481
761,153545,596,233,621,262,608,247,153482
761,153546,468,184,490,229,479,206,153483
761,153547,597,127,623,165,610,146,153484
761,153548,266,0,345,52,305,26,153485
761,153549,381,121,402,156,391,138,153486
761,153550,529,70,557,95,543,82,153487
761,153551,417,113,442,146,429,129,153488
761,153552,60,164,80,186,70,175,153489
761,153553,543,206,579,231,561,218,153490
761,153554,99,165,117,200,108,182,153491
761,153555,362,21,384,65,373,43,153492
761,153556,208,316,231,347,219,331,153493
761,153557,300,52,322,85,311,68,153494
761,153558,246,52,268,81,257,66,153495
761,153559,609,0,638,21,623,10,153496
761,153560,277,286,301,308,289,297,153497
761,153561,271,75,291,105,281,90,153498
761,153562,493,30,522,55,507,42,153499
761,153563,574,69,610,95,592,82,153500
761,153564,261,178,281,210,271,194,153501
761,153565,611,48,638,75,624,61,153502
761,153566,294,226,313,255,303,240,153503
761,153567,119,89,137,114,128,101,153504
761,153568,233,84,256,107,244,95,153505
761,153569,36,120,54,142,45,131,153506
761,153570,72,129,88,155,80,142,153507
761,153571,57,98,80,122,68,110,153508
761,153572,228,50,250,74,239,62,153509
761,153573,200,12,220,34,210,23,153510
761,153574,230,8,258,28,244,18,153511
761,153575,37,159,55,177,46,168,153512
761,153576,40,88,56,114,48,101,153513
761,153577,486,254,514,277,500,265,153514
761,153578,289,23,316,41,302,32,153515
761,153579,126,0,187,22,156,11,153516
761,153580,52,19,66,52,59,35,153517
761,153581,182,69,201,96,191,82,153518
761,153582,196,56,212,81,204,68,153519
761,153583,314,127,336,152,325,139,153520
761,153584,306,99,334,121,320,110,153521
761,153585,525,0,552,15,538,7,153522
761,153586,542,155,570,182,556,168,153523
761,153587,348,62,376,85,362,73,153524
761,153588,29,244,43,261,36,252,153525
761,153589,43,233,58,254,50,243,153526
761,153590,31,275,47,299,39,287,153527
761,153591,455,72,487,94,471,83,153528
761,153592,504,311,526,339,515,325,153529
761,153593,416,17,434,46,425,31,153530
761,153594,217,0,231,8,224,4,153531
761,153595,480,297,500,316,490,306,153532
761,153596,581,10,607,22,594,16,153533
761,153597,398,11,417,31,407,21,153534
761,153598,384,9,399,27,391,18,153535
761,153599,66,20,81,41,73,30,153536
761,153600,436,48,459,70,447,59,153537
761,153601,180,251,198,267,189,259,153538
761,153602,196,242,216,261,206,251,153539
761,153603,105,328,122,349,113,338,
761,153604,201,274,219,294,210,284,153541
761,153605,509,23,528,34,518,28,153542
761,153606,162,0,178,4,170,2,
761,153607,341,263,359,283,350,273,
762,153608,443,0,533,72,488,36,153543
762,153609,539,247,571,274,555,260,153544
762,153610,596,233,621,262,608,247,153545
762,153611,468,184,490,229,479,206,153546
762,153612,597,127,623,165,610,146,153547
762,153613,266,0,345,52,305,26,153548
762,153614,381,121,402,156,391,138,153549
762,153615,529,70,557,95,543,82,153550
762,153616,417,113,442,146,429,129,153551
762,153617,60,164,80,186,70,175,153552
762,153618,543,206,579,231,561,218,153553
762,153619,99,165,117,200,108,182,153554
762,153620,362,21,384,65,373,43,153555
762,153621,208,316,231,347,219,331,153556
762,153622,300,52,322,85,311,68,153557
762,153623,246,52,268,81,257,66,153558
762,153624,609,0,638,21,623,10,153559
762,153625,277,286,301,308,289,297,153560
762,153626,271,75,291,105,281,90,153561
762,153627,493,30,521,55,507,42,153562
762,153628,574,69,610,95,592,82,153563
762,153629,261,178,281,210,271,194,153564
762,153630,611,48,638,75,624,61,153565
762,153631,293,226,313,255,303,240,153566
762,153632,119,89,137,114,128,101,153567
762,153633,233,84,256,107,244,95,153568
762,153634,36,120,54,142,45,131,153569
762,153635,72,129,88,155,80,142,153570
762,153636,57,98,80,122,68,110,153571
762,153637,228,50,250,74,239,62,153572
762,153638,199,12,220,34,209,23,153573
762,153639,230,8,258,28,244,18,153574
762,153640,37,159,55,177,46,168,153575
762,153641,40,88,56,114,48,101,153576
762,153642,486,254,514,277,500,265,153577
762,153643,289,23,316,41,302,32,153578
762,153644,126,0,187,22,156,11,153579
762,153645,52,19,66,52,59,35,153580
762,153646,182,68,201,96,191,82,153581
762,153647,196,56,212,81,204,68,153582
762,153648,314,127,336,152,325,139,153583
762,153649,306,99,334,121,320,110,153584
762,153650,525,0,552,15,538,7,153585
762,153651,542,155,570,182,556,168,153586
762,153652,348,62,376,85,362,73,153587
762,153653,29,244,43,261,36,252,153588
762,153654,43,233,58,254,50,243,153589
762,153655,31,275,47,299,39,287,153590
762,153656,455,72,487,94,471,83,153591
762,153657,504,311,526,339,515,325,153592
762,153658,416,17,434,46,425,31,153593
762,153659,217,0,231,8,224,4,153594
762,153660,480,297,500,316,490,306,153595
762,153661,581,10,607,22,594,16,153596
762,153662,398,11,417,31,407,21,153597
762,153663,384,9,399,27,391,18,153598
762,153664,66,20,81,41,73,30,153599
762,153665,436,48,460,70,448,59,153600
762,153666,181,251,199,268,190,259,153601
762,153667,197,242,216,261,206,251,153602
762,153668,109,333,127,353,118,343,
762,153669,201,274,219,294,210,284,153604
762,153670,509,23,529,35,519,29,153605
762,153671,162,0,178,4,170,2,153606
762,153672,341,263,359,283,350,273,153607
763,153673,443,0,533,72,488,36,153608
763,153674,539,247,571,274,555,260,153609
763,153675,596,233,621,262,608,247,153610
763,153676,468,184,490,229,479,206,153611
763,153677,597,127,623,165,610,146,153612
763,153678,266,0,345,52,305,26,153613
763,153679,381,121,402,156,391,138,153614
763,153680,529,70,557,95,543,82,153615
763,153681,417,113,442,145,429,129,153616
763,153682,60,164,80,186,70,175,153617
763,153683,543,206,579,231,561,218,153618
763,153684,99,165,117,200,108,182,153619
763,153685,362,21,384,65,373,43,153620
763,153686,208,316,231,347,219,331,153621
763,153687,300,52,322,85,311,68,153622
763,153688,246,52,268,81,257,66,153623
763,153689,609,0,638,21,623,10,153624
763,153690,277,286,301,307,289,296,153625
763,153691,271,75,291,105,281,90,153626
763,153692,492,30,521,55,506,42,153627
763,153693,574,69,610,95,592,82,153628
763,153694,261,178,281,210,271,194,153629
763,153695,611,48,638,75,624,61,153630
763,153696,293,226,313,255,303,240,153631
763,153697,119,89,137,114,128,101,153632
763,153698,233,84,256,107,244,95,153633
763,153699,36,120,54,142,45,131,153634
763,153700,72,129,88,155,80,142,153635
763,153701,57,98,80,122,68,110,153636
763,153702,228,50,250,74,239,62,153637
763,153703,199,12,220,34,209,23,153638
763,153704,230,8,258,28,244,18,153639
763,153705,37,159,55,177,46,168,153640
763,153706,40,88,56,114,48,101,153641
763,153707,486,254,514,277,500,265,153642
763,153708,289,23,316,41,302,32,153643
763,153709,126,0,187,22,156,11,153644
763,153710,52,19,66,52,59,35,153645
763,153711,182,68,202,96,192,82,153646
763,153712,196,56,212,81,204,68,153647
763,153713,314,127,336,152,325,139,153648
763,153714,306,99,334,121,320,110,153649
763,153715,525,0,552,15,538,7,153650
763,153716,542,155,570,182,556,168,153651
763,153717,348,62,376,85,362,73,153652
763,153718,29,244,43,261,36,252,153653
763,153719,43,233,58,253,50,243,153654
763,153720,31,275,47,299,39,287,153655
763,153721,455,72,487,94,471,83,153656
763,153722,504,311,526,339,515,325,153657
763,153723,416,17,434,46,425,31,153658
763,153724,217,0,231,8,224,4,153659
763,153725,480,297,500,316,490,306,153660
763,153726,581,10,607,22,594,16,153661
763,153727,398,11,417,31,407,21,153662
763,153728,384,9,399,27,391,18,153663
763,153729,66,20,81,41,73,30,153664
763,153730,437,48,460,70,448,59,153665
763,153731,181,251,199,268,190,259,153666
763,153732,197,242,216,260,206,251,153667
763,153733,114,338,132,357,123,347,
763,153734,201,274,219,294,210,284,153669
763,153735,509,23,529,35,519,29,153670
763,153736,162,0,178,4,170,2,153671
763,153737,341,263,359,283,350,273,153672
764,153738,443,0,533,72,488,36,153673
764,153739,539,247,571,274,555,260,153674
764,153740,596,233,621,262,608,247,153675
764,153741,468,184,490,229,479,206,153676
764,153742,597,127,623,165,610,146,153677
764,153743,266,0,345,52,305,26,153678
764,153744,381,121,402,156,391,138,153679
764,153745,529,70,557,95,543,82,153680
764,153746,417,113,442,145,429,129,153681
764,153747,60,164,80,186,70,175,153682
764,153748,543,206,579,231,561,218,153683
764,153749,99,165,117,200,108,182,153684
764,153750,362,21,384,65,373,43,153685
764,153751,208,316,231,347,219,331,153686
764,153752,300,52,322,85,311,68,153687
764,153753,246,52,268,80,257,66,153688
764,153754,609,0,638,21,623,10,153689
764,153755,277,286,301,308,289,297,153690
764,153756,271,75,291,105,281,90,153691
764,153757,492,30,520,55,506,42,153692
764,153758,574,69,610,95,592,82,153693
764,153759,261,178,281,210,271,194,153694
764,153760,611,48,638,75,624,61,153695
764,153761,293,226,313,255,303,240,153696
764,153762,119,89,137,114,128,101,153697
764,153763,233,84,256,107,244,95,153698
764,153764,36,120,54,142,45,131,153699
764,153765,72,129,88,155,80,142,153700
764,153766,57,98,80,122,68,110,153701
764,153767,228,50,250,74,239,62,153702
764,153768,199,12,220,34,209,23,153703
764,153769,230,8,258,28,244,18,153704
764,153770,37,159,55,177,46,168,153705
764,153771,40,88,56,114,48,101,153706
764,153772,486,254,514,277,500,265,153707
764,153773,289,23,316,41,302,32,153708
764,153774,126,0,187,22,156,11,153709
764,153775,52,19,66,52,59,35,153710
764,153776,182,68,202,96,192,82,153711
764,153777,196,56,212,80,204,68,153712
764,153778,314,127,336,152,325,139,153713
764,153779,306,99,334,121,320,110,153714
764,153780,525,0,551,15,538,7,153715
764,153781,542,155,570,182,556,168,153716
764,153782,348,62,376,85,362,73,153717
764,153783,29,244,43,261,36,252,153718
764,153784,43,233,59,253,51,243,153719
764,153785,31,275,47,299,39,287,153720
764,153786,455,72,487,94,471,83,153721
764,153787,504,312,525,339,514,325,153722
764,153788,416,17,434,46,425,31,153723
764,153789,217,0,231,8,224,4,153724
764,153790,480,297,500,316,490,306,153725
764,153791,581,10,607,22,594,16,153726
764,153792,398,11,417,31,407,21,153727
764,153793,384,9,399,27,391,18,153728
764,153794,66,20,81,41,73,30,153729
764,153795,437,48,460,70,448,59,153730
764,153796,182,251,199,268,190,259,153731
764,153797,197,242,216,260,206,251,153732
764,153798,119,342,137,360,128,351,
764,153799,201,274,219,294,210,284,153734
764,153800,509,23,529,35,519,29,153735
764,153801,162,0,178,4,170,2,153736
764,153802,341,263,359,282,350,272,153737
765,153803,443,0,533,72,488,36,153738
765,153804,539,247,571,274,555,260,153739
765,153805,596,233,621,262,608,247,153740
765,153806,468,184,490,229,479,206,153741
765,153807,597,127,623,165,610,146,153742
765,153808,266,0,345,52,305,26,153743
765,153809,381,121,402,156,391,138,153744
765,153810,529,70,557,95,543,82,153745
765,153811,417,113,442,146,429,129,153746
765,153812,60,164,80,186,70,175,153747
765,153813,543,206,579,231,561,218,153748
765,153814,99,165,117,200,108,182,153749
765,153815,362,21,384,65,373,43,153750
765,153816,208,316,231,347,219,331,153751
765,153817,300,52,322,85,311,68,153752
765,153818,246,52,268,80,257,66,153753
765,153819,609,0,638,21,623,10,153754
765,153820,277,286,301,308,289,297,153755
765,153821,271,75,291,105,281,90,153756
765,153822,492,30,521,55,506,42,153757
765,153823,574,69,610,96,592,82,153758
765,153824,261,178,281,210,271,194,153759
765,153825,611,48,638,75,624,61,153760
765,153826,293,226,313,255,303,240,153761
765,153827,119,89,137,114,128,101,153762
765,153828,233,84,256,107,244,95,153763
765,153829,36,120,54,142,45,131,153764
765,153830,72,129,88,155,80,142,153765
765,153831,57,98,80,122,68,110,153766
765,153832,228,50,250,74,239,62,153767
765,153833,199,12,220,34,209,23,153768
765,153834,230,7,258,27,244,17,153769
765,153835,37,159,55,177,46,168,153770
765,153836,40,88,56,114,48,101,153771
765,153837,486,254,514,277,500,265,153772
765,153838,289,23,316,41,302,32,153773
765,153839,126,0,187,22,156,11,153774
765,153840,52,19,66,52,59,35,153775
765,153841,182,68,203,96,192,82,153776
765,153842,196,56,212,80,204,68,153777
765,153843,314,127,336,152,325,139,153778
765,153844,306,99,334,121,320,110,153779
765,153845,525,0,551,15,538,7,153780
765,153846,542,155,571,182,556,168,153781
765,153847,348,62,376,85,362,73,153782
765,153848,29,244,43,261,36,252,153783
765,153849,43,233,59,253,51,243,153784
765,153850,31,275,47,299,39,287,153785
765,153851,455,72,487,94,471,83,153786
765,153852,503,312,526,339,514,325,153787
765,153853,416,17,434,46,425,31,153788
765,153854,217,0,231,8,224,4,153789
765,153855,480,297,500,315,490,306,153790
765,153856,581,10,607,22,594,16,153791
765,153857,398,12,417,32,407,22,153792
765,153858,384,9,399,27,391,18,153793
765,153859,66,20,81,41,73,30,153794
765,153860,438,48,460,70,449,59,153795
765,153861,182,251,199,268,190,259,153796
765,153862,196,242,216,260,206,251,153797
765,153863,122,345,140,360,131,352,153798
765,153864,201,274,219,294,210,284,153799
765,153865,509,23,529,35,519,29,153800
765,153866,162,0,178,4,170,2,153801
765,153867,341,263,359,282,350,272,153802
766,153868,443,0,533,72,488,36,153803
766,153869,539,247,571,274,555,260,153804
766,153870,596,233,621,262,608,247,153805
766,153871,468,184,490,229,479,206,153806
766,153872,597,127,623,165,610,146,153807
766,153873,266,0,345,52,305,26,153808
766,153874,381,121,402,156,391,138,153809
766,153875,529,70,557,95,543,82,153810
766,153876,417,113,442,146,429,129,153811
766,153877,60,164,80,186,70,175,153812
766,153878,543,206,579,231,561,218,153813
766,153879,99,165,116,200,107,182,153814
766,153880,362,21,384,65,373,43,153815
766,153881,208,316,231,347,219,331,153816
766,153882,300,52,322,85,311,68,153817
766,153883,246,52,268,80,257,66,153818
766,153884,609,0,638,21,623,10,153819
766,153885,277,286,301,308,289,297,153820
766,153886,271,75,291,105,281,90,153821
766,153887,492,30,521,55,506,42,153822
766,153888,574,69,610,96,592,82,153823
766,153889,261,178,281,210,271,194,153824
766,153890,612,48,638,75,625,61,153825
766,153891,293,226,313,255,303,240,153826
766,153892,119,89,137,114,128,101,153827
766,153893,233,84,256,107,244,95,153828
766,153894,36,120,54,142,45,131,153829
766,153895,72,129,88,155,80,142,153830
766,153896,57,98,80,122,68,110,153831
766,153897,228,50,250,74,239,62,153832
766,153898,199,12,220,34,209,23,153833
766,153899,230,7,258,27,244,17,153834
766,153900,37,159,55,177,46,168,153835
766,153901,40,88,56,114,48,101,153836
766,153902,486,254,514,277,500,265,153837
766,153903,289,23,316,41,302,32,153838
766,153904,126,0,187,22,156,11,153839
766,153905,52,19,66,52,59,35,153840
766,153906,182,68,203,95,192,81,153841
766,153907,195,56,212,80,203,68,153842
766,153908,314,127,336,152,325,139,153843
766,153909,306,99,334,121,320,110,153844
766,153910,525,0,551,15,538,7,153845
766,153911,542,155,571,182,556,168,153846
766,153912,348,62,376,85,362,73,153847
766,153913,29,244,43,261,36,252,153848
766,153914,43,233,59,253,51,243,153849
766,153915,31,275,47,299,39,287,153850
766,153916,455,72,487,94,471,83,153851
766,153917,503,313,526,339,514,326,153852
766,153918,416,17,434,46,425,31,153853
766,153919,217,0,231,8,224,4,153854
766,153920,480,297,500,315,490,306,153855
766,153921,581,10,607,22,594,16,153856
766,153922,398,12,417,32,407,22,153857
766,153923,384,9,399,27,391,18,153858
766,153924,66,20,81,41,73,30,153859
766,153925,438,48,460,70,449,59,153860
766,153926,182,251,199,269,190,260,153861
766,153927,196,242,216,260,206,251,153862
766,153928,123,346,142,360,132,353,153863
766,153929,201,274,219,294,210,284,153864
766,153930,509,23,529,35,519,29,153865
766,153931,162,0,178,4,170,2,153866
766,153932,341,263,359,282,350,272,153867
767,153933,444,0,533,72,488,36,153868
767,153934,539,247,571,274,555,260,153869
767,153935,596,233,621,262,608,247,153870
767,153936,468,184,490,229,479,206,153871
767,153937,597,127,623,165,610,146,153872
767,153938,266,0,345,52,305,26,153873
767,153939,381,121,402,156,391,138,153874
767,153940,529,70,557,95,543,82,153875
767,153941,417,113,442,145,429,129,153876
767,153942,60,164,80,186,70,175,153877
767,153943,543,206,579,231,561,218,153878
767,153944,99,165,117,200,108,182,153879
767,153945,362,21,384,65,373,43,153880
767,153946,208,316,231,347,219,331,153881
767,153947,300,52,322,85,311,68,153882
767,153948,246,52,268,80,257,66,153883
767,153949,609,0,638,21,623,10,153884
767,153950,277,286,301,308,289,297,153885
767,153951,271,75,291,105,281,90,153886
767,153952,492,30,521,55,506,42,153887
767,153953,574,69,610,95,592,82,153888
767,153954,261,178,281,210,271,194,153889
767,153955,612,47,638,75,625,61,153890
767,153956,293,226,313,255,303,240,153891
767,153957,119,89,137,114,128,101,153892
767,153958,233,84,256,107,244,95,153893
767,153959,36,120,54,142,45,131,153894
767,153960,72,129,88,155,80,142,153895
767,153961,57,98,80,122,68,110,153896
767,153962,228,50,250,74,239,62,153897
767,153963,199,12,220,34,209,23,153898
767,153964,230,7,258,27,244,17,153899
767,153965,37,159,55,177,46,168,153900
767,153966,40,88,56,114,48,101,153901
767,153967,486,254,514,277,500,265,153902
767,153968,289,23,316,41,302,32,153903
767,153969,126,0,187,22,156,11,153904
767,153970,52,19,66,52,59,35,153905
767,153971,183,68,203,95,193,81,153906
767,153972,195,56,212,80,203,68,153907
767,153973,314,127,336,152,325,139,153908
767,153974,306,99,334,121,320,110,153909
767,153975,525,0,551,15,538,7,153910
767,153976,542,155,571,182,556,168,153911
767,153977,348,62,376,85,362,73,153912
767,153978,29,244,43,261,36,252,153913
767,153979,43,234,59,254,51,244,153914
767,153980,31,275,47,299,39,287,153915
767,153981,455,72,487,94,471,83,153916
767,153982,502,313,526,339,514,326,153917
767,153983,416,17,434,46,425,31,153918
767,153984,217,0,231,8,224,4,153919
767,153985,480,297,500,316,490,306,153920
767,153986,581,10,607,22,594,16,153921
767,153987,397,11,416,32,406,21,153922
767,153988,384,9,399,27,391,18,153923
767,153989,66,20,81,41,73,30,153924
767,153990,438,48,460,70,449,59,153925
767,153991,182,251,199,269,190,260,153926
767,153992,196,242,216,260,206,251,153927
767,153993,201,274,219,294,210,284,153929
767,153994,509,23,529,35,519,29,153930
767,153995,162,0,178,4,170,2,153931
767,153996,341,263,359,282,350,272,153932
768,153997,444,0,533,72,488,36,153933
768,153998,539,247,571,274,555,260,153934
768,153999,596,233,621,262,608,247,153935
768,154000,468,184,490,229,479,206,153936
768,154001,597,127,623,165,610,146,153937
768,154002,266,0,345,52,305,26,153938
768,154003,381,121,402,156,391,138,153939
768,154004,529,70,557,95,543,82,153940
768,154005,417,113,442,146,429,129,153941
768,154006,60,164,80,186,70,175,153942
768,154007,543,206,579,231,561,218,153943
768,154008,99,165,117,200,108,182,153944
768,154009,362,21,384,65,373,43,153945
768,154010,208,316,231,347,219,331,153946
768,154011,300,52,322,85,311,68,153947
768,154012,246,52,268,80,257,66,153948
768,154013,609,0,638,21,623,10,153949
768,154014,277,286,301,308,289,297,153950
768,154015,271,75,291,105,281,90,153951
768,154016,492,30,521,55,506,42,153952
768,154017,574,69,610,95,592,82,153953
768,154018,261,178,281,210,271,194,153954
768,154019,612,47,638,75,625,61,153955
768,154020,293,226,313,255,303,240,153956
768,154021,119,89,137,114,128,101,153957
768,154022,233,84,256,107,244,95,153958
768,154023,36,120,54,142,45,131,153959
768,154024,72,129,88,155,80,142,153960
768,154025,57,98,80,122,68,110,153961
768,154026,228,50,250,74,239,62,153962
768,154027,199,12,220,34,209,23,153963
768,154028,230,7,258,28,244,17,153964
768,154029,37,159,55,177,46,168,153965
768,154030,40,88,56,114,48,101,153966
768,154031,486,254,514,277,500,265,153967
768,154032,289,23,316,41,302,32,153968
768,154033,126,0,187,22,156,11,153969
768,154034,52,19,66,52,59,35,153970
768,154035,182,68,203,96,192,82,153971
768,154036,195,56,212,80,203,68,153972
768,154037,314,127,336,152,325,139,153973
768,154038,306,99,334,121,320,110,153974
768,154039,525,0,551,15,538,7,153975
768,154040,542,155,571,182,556,168,153976
768,154041,348,62,376,85,362,73,153977
768,154042,29,244,43,261,36,252,153978
768,154043,43,235,58,254,50,244,153979
768,154044,31,275,47,299,39,287,153980
768,154045,455,72,487,94,471,83,153981
768,154046,416,17,434,46,425,31,153983
768,154047,217,0,231,8,224,4,153984
768,154048,480,297,500,316,490,306,153985
768,154049,581,10,607,22,594,16,153986
768,154050,397,11,416,32,406,21,153987
768,154051,384,9,399,27,391,18,153988
768,154052,66,20,81,41,73,30,153989
768,154053,438,48,460,70,449,59,153990
768,154054,182,251,199,269,190,260,153991
768,154055,195,242,216,260,205,251,153992
768,154056,201,274,219,294,210,284,153993
768,154057,509,23,529,35,519,29,153994
768,154058,162,0,178,4,170,2,153995
768,154059,341,263,359,282,350,272,153996
769,154060,444,0,533,72,488,36,153997
769,154061,539,247,571,274,555,260,153998
769,154062,596,233,621,262,608,247,153999
769,154063,468,184,490,229,479,206,154000
769,154064,597,127,623,165,610,146,154001
769,154065,266,0,345,52,305,26,154002
769,154066,381,121,402,156,391,138,154003
769,154067,529,70,557,95,543,82,154004
769,154068,417,113,442,146,429,129,154005
769,154069,60,164,80,186,70,175,154006
769,154070,543,206,579,231,561,218,154007
769,154071,99,165,117,200,108,182,154008
769,154072,362,21,384,65,373,43,154009
769,154073,208,316,231,347,219,331,154010
769,154074,300,52,322,85,311,68,154011
769,154075,246,52,268,80,257,66,154012
769,154076,609,0,638,21,623,10,154013
769,154077,277,286,301,308,289,297,154014
769,154078,271,75,291,105,281,90,154015
769,154079,492,30,521,56,506,43,154016
769,154080,574,69,610,95,592,82,154017
769,154081,261,178,281,210,271,194,154018
769,154082,612,47,638,75,625,61,154019
769,154083,293,226,313,255,303,240,154020
769,154084,119,89,137,114,128,101,154021
769,154085,233,84,256,107,244,95,154022
769,154086,36,120,54,142,45,131,154023
769,154087,72,129,88,155,80,142,154024
769,154088,57,98,80,122,68,110,154025
769,154089,229,50,250,74,239,62,154026
769,154090,199,12,220,34,209,23,154027
769,154091,230,7,258,27,244,17,154028
769,154092,37,159,55,177,46,168,154029
769,154093,40,88,56,114,48,101,154030
769,154094,486,254,514,277,500,265,154031
769,154095,289,23,316,41,302,32,154032
769,154096,126,0,187,22,156,11,154033
769,154097,52,19,66,52,59,35,154034
769,154098,182,68,203,96,192,82,154035
769,154099,195,56,212,80,203,68,154036
769,154100,314,127,336,152,325,139,154037
769,154101,306,99,334,121,320,110,154038
769,154102,525,0,551,15,538,7,154039
769,154103,542,155,571,182,556,168,154040
769,154104,348,62,376,85,362,73,154041
769,154105,29,244,43,261,36,252,154042
769,154106,43,235,58,254,50,244,154043
769,154107,31,275,47,299,39,287,154044
769,154108,455,72,487,94,471,83,154045
769,154109,416,17,434,47,425,32,154046
769,154110,217,0,231,8,224,4,154047
769,154111,480,297,500,316,490,306,154048
769,154112,581,10,607,22,594,16,154049
769,154113,397,11,416,32,406,21,154050
769,154114,384,9,399,27,391,18,154051
769,154115,66,20,81,41,73,30,154052
769,154116,438,47,460,70,449,58,154053
769,154117,182,251,199,269,190,260,154054
769,154118,195,243,215,260,205,251,154055
769,154119,201,274,219,294,210,284,154056
769,154120,509,20,529,35,519,27,154057
769,154121,162,0,178,4,170,2,154058
769,154122,341,263,359,282,350,272,154059
770,154123,444,0,533,72,488,36,154060
770,154124,539,247,571,274,555,260,154061
770,154125,596,233,621,262,608,247,154062
770,154126,468,184,490,229,479,206,154063
770,154127,597,127,623,165,610,146,154064
770,154128,266,0,345,52,305,26,154065
770,154129,381,121,402,156,391,138,154066
770,154130,529,70,557,95,543,82,154067
770,154131,417,113,442,146,429,129,154068
770,154132,59,164,80,186,69,175,154069
770,154133,543,206,579,231,561,218,154070
770,154134,99,165,117,200,108,182,154071
770,154135,362,21,384,65,373,43,154072
770,154136,208,316,231,347,219,331,154073
770,154137,300,52,322,85,311,68,154074
770,154138,246,52,268,80,257,66,154075
770,154139,609,0,639,21,624,10,154076
770,154140,277,286,301,308,289,297,154077
770,154141,271,75,291,105,281,90,154078
770,154142,492,30,522,56,507,43,154079
770,154143,574,69,610,95,592,82,154080
770,154144,261,178,281,210,271,194,154081
770,154145,612,47,638,75,625,61,154082
770,154146,293,226,313,255,303,240,154083
770,154147,119,89,137,114,128,101,154084
770,154148,233,84,256,107,244,95,154085
770,154149,36,120,54,142,45,131,154086
770,154150,72,129,88,155,80,142,154087
770,154151,57,98,80,122,68,110,154088
770,154152,229,50,250,74,239,62,154089
770,154153,200,12,220,34,210,23,154090
770,154154,231,7,258,27,244,17,154091
770,154155,37,159,55,177,46,168,154092
770,154156,40,88,56,114,48,101,154093
770,154157,486,254,514,277,500,265,154094
770,154158,289,23,316,41,302,32,154095
770,154159,126,0,187,22,156,11,154096
770,154160,52,19,66,52,59,35,154097
770,154161,182,68,202,95,192,81,154098
770,154162,195,56,212,80,203,68,154099
770,154163,314,127,336,152,325,139,154100
770,154164,306,99,334,121,320,110,154101
770,154165,525,0,551,15,538,7,154102
770,154166,542,155,571,182,556,168,154103
770,154167,348,62,376,85,362,73,154104
770,154168,29,244,43,261,36,252,154105
770,154169,42,235,58,254,50,244,154106
770,154170,31,275,47,299,39,287,154107
770,154171,455,72,487,94,471,83,154108
770,154172,416,17,434,47,425,32,154109
770,154173,217,0,231,8,224,4,154110
770,154174,480,297,500,316,490,306,154111
770,154175,581,10,607,22,594,16,154112
770,154176,397,11,416,32,406,21,154113
770,154177,384,9,399,27,391,18,154114
770,154178,66,20,81,40,73,30,154115
770,154179,438,47,460,70,449,58,154116
770,154180,182,251,199,269,190,260,154117
770,154181,201,274,219,294,210,284,154119
770,154182,510,20,529,35,519,27,154120
770,154183,162,0,178,4,170,2,154121
770,154184,340,264,359,283,349,273,154122
771,154185,444,0,533,72,488,36,154123
771,154186,539,247,571,274,555,260,154124
771,154187,596,233,621,262,608,247,154125
771,154188,468,184,490,229,479,206,154126
771,154189,597,127,623,165,610,146,154127
771,154190,266,0,345,52,305,26,154128
771,154191,381,121,402,156,391,138,154129
771,154192,529,70,557,95,543,82,154130
771,154193,417,113,442,146,429,129,154131
771,154194,59,164,80,186,69,175,154132
771,154195,543,206,579,231,561,218,154133
771,154196,99,165,116,200,107,182,154134
771,154197,362,21,384,65,373,43,154135
771,154198,208,317,231,347,219,332,154136
771,154199,300,52,322,85,311,68,154137
771,154200,246,52,268,80,257,66,154138
771,154201,609,0,638,21,623,10,154139
771,154202,277,286,301,308,289,297,154140
771,154203,271,75,291,105,281,90,154141
771,154204,492,30,522,56,507,43,154142
771,154205,574,69,610,95,592,82,154143
771,154206,261,178,281,210,271,194,154144
771,154207,612,47,638,75,625,61,154145
771,154208,293,226,313,255,303,240,154146
771,154209,119,89,137,114,128,101,154147
771,154210,233,84,256,107,244,95,154148
771,154211,36,120,54,142,45,131,154149
771,154212,72,129,88,155,80,142,154150
771,154213,57,98,80,122,68,110,154151
771,154214,229,50,250,74,239,62,154152
771,154215,200,12,220,34,210,23,154153
771,154216,231,7,258,27,244,17,154154
771,154217,37,159,55,177,46,168,154155
771,154218,40,88,56,114,48,101,154156
771,154219,486,254,514,277,500,265,154157
771,154220,289,23,316,41,302,32,154158
771,154221,126,0,187,22,156,11,154159
771,154222,52,19,66,52,59,35,154160
771,154223,182,68,202,95,192,81,154161
771,154224,195,56,212,80,203,68,154162
771,154225,314,127,336,152,325,139,154163
771,154226,306,99,334,121,320,110,154164
771,154227,525,0,551,15,538,7,154165
771,154228,542,155,571,182,556,168,154166
771,154229,348,62,376,85,362,73,154167
771,154230,29,244,43,261,36,252,154168
771,154231,42,235,58,254,50,244,154169
771,154232,31,275,47,299,39,287,154170
771,154233,455,72,487,94,471,83,154171
771,154234,416,17,434,47,425,32,154172
771,154235,217,0,231,8,224,4,154173
771,154236,480,297,500,316,490,306,154174
771,154237,581,10,607,22,594,16,154175
771,154238,397,11,416,32,406,21,154176
771,154239,384,9,399,27,391,18,154177
771,154240,66,20,81,40,73,30,154178
771,154241,438,47,460,70,449,58,154179
771,154242,182,251,199,269,190,260,154180
771,154243,201,275,219,294,210,284,154181
771,154244,510,20,529,35,519,27,154182
771,154245,162,0,178,4,170,2,154183
771,154246,340,264,359,284,349,274,154184
772,154247,444,0,533,72,488,36,154185
772,154248,539,247,571,274,555,260,154186
772,154249,596,233,621,262,608,247,154187
772,154250,468,184,490,229,479,206,154188
772,154251,597,127,623,165,610,146,154189
772,154252,266,0,345,52,305,26,154190
772,154253,381,121,402,156,391,138,154191
772,154254,529,70,557,95,543,82,154192
772,154255,417,113,442,146,429,129,154193
772,154256,59,164,80,186,69,175,154194
772,154257,543,206,579,231,561,218,154195
772,154258,99,165,116,200,107,182,154196
772,154259,362,21,384,65,373,43,154197
772,154260,208,317,231,347,219,332,154198
772,154261,300,52,322,85,311,68,154199
772,154262,246,52,268,80,257,66,154200
772,154263,609,0,638,21,623,10,154201
772,154264,277,286,301,308,289,297,154202
772,154265,271,75,291,105,281,90,154203
772,154266,492,30,522,56,507,43,154204
772,154267,574,69,610,95,592,82,154205
772,154268,261,178,281,210,271,194,154206
772,154269,612,47,638,75,625,61,154207
772,154270,293,226,313,255,303,240,154208
772,154271,119,89,137,114,128,101,154209
772,154272,233,84,256,107,244,95,154210
772,154273,36,120,54,142,45,131,154211
772,154274,72,129,88,155,80,142,154212
772,154275,57,98,80,122,68,110,154213
772,154276,229,50,250,74,239,62,154214
772,154277,200,12,220,34,210,23,154215
772,154278,231,6,258,27,244,16,154216
772,154279,37,159,55,177,46,168,154217
772,154280,40,88,56,114,48,101,154218
772,154281,486,254,514,277,500,265,154219
772,154282,289,23,316,41,302,32,154220
772,154283,126,0,187,22,156,11,154221
772,154284,52,19,66,52,59,35,154222
772,154285,182,68,202,95,192,81,154223
772,154286,195,56,212,80,203,68,154224
772,154287,314,127,336,152,325,139,154225
772,154288,306,99,334,121,320,110,154226
772,154289,525,0,551,15,538,7,154227
772,154290,542,155,571,182,556,168,154228
772,154291,348,62,376,85,362,73,154229
772,154292,29,244,43,261,36,252,154230
772,154293,42,235,58,254,50,244,154231
772,154294,31,275,47,299,39,287,154232
772,154295,455,72,487,94,471,83,154233
772,154296,416,17,434,47,425,32,154234
772,154297,217,0,231,8,224,4,154235
772,154298,480,297,500,316,490,306,154236
772,154299,581,10,607,22,594,16,154237
772,154300,397,11,416,32,406,21,154238
772,154301,384,9,399,27,391,18,154239
772,154302,66,20,81,40,73,30,154240
772,154303,438,47,460,70,449,58,154241
772,154304,182,251,199,269,190,260,154242
772,154305,201,275,219,294,210,284,154243
772,154306,510,20,529,35,519,27,154244
772,154307,162,0,178,4,170,2,154245
772,154308,340,264,359,284,349,274,154246
773,154309,444,0,533,72,488,36,154247
773,154310,539,247,571,274,555,260,154248
773,154311,596,233,621,262,608,247,154249
773,154312,468,184,490,229,479,206,154250
773,154313,597,127,623,165,610,146,154251
773,154314,266,0,345,52,305,26,154252
773,154315,381,121,402,156,391,138,154253
773,154316,529,70,557,95,543,82,154254
773,154317,417,113,442,146,429,129,154255
773,154318,59,164,80,186,69,175,154256
773,154319,543,206,579,231,561,218,154257
773,154320,99,165,116,200,107,182,154258
773,154321,362,21,384,65,373,43,154259
773,154322,208,316,231,347,219,331,154260
773,154323,300,52,322,85,311,68,154261
773,154324,246,52,267,80,256,66,154262
773,154325,609,0,638,21,623,10,154263
773,154326,277,286,301,308,289,297,154264
773,154327,271,75,291,105,281,90,154265
773,154328,492,30,522,57,507,43,154266
773,154329,574,69,610,95,592,82,154267
773,154330,261,178,281,210,271,194,154268
773,154331,612,47,638,75,625,61,154269
773,154332,293,226,313,255,303,240,154270
773,154333,119,89,137,114,128,101,154271
773,154334,233,84,256,107,244,95,154272
773,154335,36,120,54,142,45,131,154273
773,154336,72,129,88,155,80,142,154274
773,154337,57,98,80,122,68,110,154275
773,154338,229,50,250,74,239,62,154276
773,154339,200,12,220,34,210,23,154277
773,154340,231,6,258,27,244,16,154278
773,154341,37,159,55,177,46,168,154279
773,154342,40,88,56,114,48,101,154280
773,154343,486,254,514,277,500,265,154281
773,154344,289,23,316,41,302,32,154282
773,154345,126,0,187,22,156,11,154283
773,154346,52,19,66,52,59,35,154284
773,154347,182,68,201,95,191,81,154285
773,154348,195,56,212,80,203,68,154286
773,154349,314,127,336,152,325,139,154287
773,154350,306,99,334,121,320,110,154288
773,154351,524,0,551,15,537,7,154289
773,154352,542,155,571,182,556,168,154290
773,154353,348,62,376,85,362,73,154291
773,154354,29,244,43,261,36,252,154292
773,154355,42,235,58,254,50,244,154293
773,154356,31,275,47,299,39,287,154294
773,154357,454,71,487,94,470,82,154295
773,154358,416,18,434,47,425,32,154296
773,154359,217,0,231,8,224,4,154297
773,154360,480,297,500,316,490,306,154298
773,154361,581,10,607,22,594,16,154299
773,154362,397,11,416,32,406,21,154300
773,154363,384,9,399,27,391,18,154301
773,154364,66,20,81,40,73,30,154302
773,154365,438,47,460,70,449,58,154303
773,154366,182,251,199,269,190,260,154304
773,154367,201,275,219,293,210,284,154305
773,154368,509,20,529,35,519,27,154306
773,154369,162,0,178,4,170,2,154307
773,154370,340,264,359,284,349,274,154308
774,154371,444,0,533,72,488,36,154309
774,154372,539,247,571,274,555,260,154310
774,154373,596,233,621,262,608,247,154311
774,154374,468,184,490,229,479,206,154312
774,154375,597,127,623,165,610,146,154313
774,154376,266,0,345,52,305,26,154314
774,154377,381,121,402,156,391,138,154315
774,154378,529,70,557,95,543,82,154316
774,154379,417,113,442,146,429,129,154317
774,154380,59,164,80,186,69,175,154318
774,154381,543,206,579,231,561,218,154319
774,154382,99,165,117,200,108,182,154320
774,154383,362,21,384,65,373,43,154321
774,154384,208,316,231,347,219,331,154322
774,154385,300,52,322,85,311,68,154323
774,154386,246,52,267,80,256,66,154324
774,154387,609,0,638,21,623,10,154325
774,154388,277,286,301,308,289,297,154326
774,154389,271,75,291,105,281,90,154327
774,154390,492,30,522,57,507,43,154328
774,154391,574,69,610,95,592,82,154329
774,154392,261,178,281,210,271,194,154330
774,154393,611,47,638,75,624,61,154331
774,154394,294,226,313,255,303,240,154332
774,154395,119,89,137,114,128,101,154333
774,154396,233,84,256,107,244,95,154334
774,154397,36,120,54,142,45,131,154335
774,154398,72,129,88,155,80,142,154336
774,154399,57,98,80,122,68,110,154337
774,154400,229,50,250,74,239,62,154338
774,154401,200,12,220,34,210,23,154339
774,154402,231,6,258,27,244,16,154340
774,154403,37,159,55,177,46,168,154341
774,154404,40,88,56,114,48,101,154342
774,154405,486,254,514,277,500,265,154343
774,154406,289,23,316,41,302,32,154344
774,154407,126,0,187,22,156,11,154345
774,154408,52,19,66,52,59,35,154346
774,154409,181,68,201,95,191,81,154347
774,154410,195,56,212,80,203,68,154348
774,154411,314,127,336,152,325,139,154349
774,154412,306,99,334,121,320,110,154350
774,154413,522,0,551,15,536,7,154351
774,154414,542,155,571,182,556,168,154352
774,154415,348,62,376,85,362,73,154353
774,154416,29,244,43,261,36,252,154354
774,154417,43,235,58,254,50,244,154355
774,154418,31,275,47,299,39,287,154356
774,154419,453,71,487,93,470,82,154357
774,154420,416,18,434,48,425,33,154358
774,154421,217,0,231,8,224,4,154359
774,154422,480,297,500,316,490,306,154360
774,154423,581,10,607,22,594,16,154361
774,154424,397,11,416,32,406,21,154362
774,154425,384,9,399,28,391,18,154363
774,154426,66,20,81,40,73,30,154364
774,154427,438,47,460,70,449,58,154365
774,154428,182,251,199,269,190,260,154366
774,154429,509,21,529,35,519,28,154368
774,154430,162,0,178,4,170,2,154369
774,154431,340,264,359,284,349,274,154370
775,154432,443,0,533,72,488,36,154371
775,154433,539,247,571,274,555,260,154372
775,154434,596,233,621,262,608,247,154373
775,154435,468,183,490,229,479,206,154374
775,154436,597,127,623,165,610,146,154375
775,154437,266,0,345,52,305,26,154376
775,154438,381,121,402,156,391,138,154377
775,154439,529,70,557,95,543,82,154378
775,154440,417,113,442,146,429,129,154379
775,154441,59,164,80,186,69,175,154380
775,154442,543,206,579,231,561,218,154381
775,154443,99,165,117,201,108,183,154382
775,154444,362,21,384,65,373,43,154383
775,154445,208,316,231,347,219,331,154384
775,154446,300,52,322,85,311,68,154385
775,154447,246,52,267,80,256,66,154386
775,154448,609,0,638,21,623,10,154387
775,154449,277,286,301,308,289,297,154388
775,154450,271,75,291,105,281,90,154389
775,154451,492,30,522,57,507,43,154390
775,154452,574,69,610,95,592,82,154391
775,154453,261,178,281,210,271,194,154392
775,154454,611,47,637,75,624,61,154393
775,154455,294,225,313,255,303,240,154394
775,154456,119,89,137,114,128,101,154395
775,154457,233,84,256,107,244,95,154396
775,154458,36,120,54,142,45,131,154397
775,154459,72,129,88,155,80,142,154398
775,154460,57,98,80,122,68,110,154399
775,154461,229,50,250,74,239,62,154400
775,154462,200,12,220,34,210,23,154401
775,154463,231,6,258,27,244,16,154402
775,154464,37,158,55,177,46,167,154403
775,154465,40,88,56,114,48,101,154404
775,154466,486,254,514,277,500,265,154405
775,154467,289,23,316,41,302,32,154406
775,154468,126,0,187,22,156,11,154407
775,154469,52,19,66,52,59,35,154408
775,154470,181,68,201,95,191,81,154409
775,154471,195,56,212,80,203,68,154410
775,154472,314,127,336,152,325,139,154411
775,154473,306,99,334,121,320,110,154412
775,154474,521,0,551,14,536,7,154413
775,154475,542,155,571,182,556,168,154414
775,154476,348,62,376,85,362,73,154415
775,154477,29,244,43,261,36,252,154416
775,154478,43,235,59,254,51,244,154417
775,154479,31,276,47,299,39,287,154418
775,154480,452,71,486,93,469,82,154419
775,154481,416,18,434,48,425,33,154420
775,154482,217,0,231,8,224,4,154421
775,154483,480,297,500,316,490,306,154422
775,154484,581,10,607,22,594,16,154423
775,154485,397,11,416,32,406,21,154424
775,154486,384,9,399,28,391,18,154425
775,154487,66,20,81,40,73,30,154426
775,154488,437,47,460,70,448,58,154427
775,154489,182,251,199,269,190,260,154428
775,154490,509,22,530,35,519,28,154429
775,154491,162,0,178,4,170,2,154430
775,154492,340,264,359,284,349,274,154431
776,154493,443,0,533,72,488,36,154432
776,154494,539,247,571,274,555,260,154433
776,154495,596,233,621,262,608,247,154434
776,154496,468,183,490,229,479,206,154435
776,154497,597,127,623,165,610,146,154436
776,154498,266,0,345,52,305,26,154437
776,154499,381,121,402,156,391,138,154438
776,154500,529,70,557,95,543,82,154439
776,154501,417,113,442,146,429,129,154440
776,154502,59,164,80,186,69,175,154441
776,154503,543,206,579,231,561,218,154442
776,154504,99,165,117,201,108,183,154443
776,154505,362,21,384,65,373,43,154444
776,154506,208,316,231,347,219,331,154445
776,154507,300,52,322,85,311,68,154446
776,154508,246,52,267,80,256,66,154447
776,154509,609,0,638,21,623,10,154448
776,154510,277,286,301,308,289,297,154449
776,154511,271,75,291,105,281,90,154450
776,154512,493,30,522,57,507,43,154451
776,154513,574,69,610,95,592,82,154452
776,154514,261,178,281,210,271,194,154453
776,154515,611,47,637,75,624,61,154454
776,154516,294,225,313,255,303,240,154455
776,154517,119,89,137,114,128,101,154456
776,154518,233,84,256,107,244,95,154457
776,154519,36,120,54,142,45,131,154458
776,154520,72,129,88,155,80,142,154459
776,154521,57,98,80,122,68,110,154460
776,154522,229,50,250,74,239,62,154461
776,154523,200,12,220,34,210,23,154462
776,154524,231,6,258,27,244,16,154463
776,154525,37,158,55,177,46,167,154464
776,154526,40,88,56,114,48,101,154465
776,154527,486,254,514,277,500,265,154466
776,154528,289,23,316,41,302,32,154467
776,154529,126,0,187,22,156,11,154468
776,154530,52,19,66,52,59,35,154469
776,154531,181,68,201,95,191,81,154470
776,154532,195,56,212,80,203,68,154471
776,154533,314,127,336,152,325,139,154472
776,154534,306,99,334,121,320,110,154473
776,154535,520,0,550,14,535,7,154474
776,154536,542,155,571,182,556,168,154475
776,154537,348,62,376,85,362,73,154476
776,154538,29,244,43,261,36,252,154477
776,154539,43,234,60,253,51,243,154478
776,154540,31,276,47,299,39,287,154479
776,154541,452,70,486,92,469,81,154480
776,154542,415,18,434,47,424,32,154481
776,154543,217,0,231,8,224,4,154482
776,154544,480,297,500,316,490,306,154483
776,154545,581,10,607,22,594,16,154484
776,154546,397,11,416,32,406,21,154485
776,154547,384,9,399,27,391,18,154486
776,154548,67,20,81,40,74,30,154487
776,154549,438,47,460,70,449,58,154488
776,154550,182,251,199,269,190,260,154489
776,154551,509,23,529,35,519,29,154490
776,154552,162,0,178,4,170,2,154491
776,154553,340,264,359,284,349,274,154492
776,154554,201,275,219,293,210,284,
777,154555,443,0,533,72,488,36,154493
777,154556,539,247,571,274,555,260,154494
777,154557,596,233,621,262,608,247,154495
777,154558,468,184,490,229,479,206,154496
777,154559,597,127,623,165,610,146,154497
777,154560,266,0,345,52,305,26,154498
777,154561,381,121,402,156,391,138,154499
777,154562,529,70,557,95,543,82,154500
777,154563,417,113,442,146,429,129,154501
777,154564,60,164,80,186,70,175,154502
777,154565,543,207,579,231,561,219,154503
777,154566,99,165,117,200,108,182,154504
777,154567,362,21,384,66,373,43,154505
777,154568,208,316,231,347,219,331,154506
777,154569,300,52,321,85,310,68,154507
777,154570,246,52,268,80,257,66,154508
777,154571,609,0,638,21,623,10,154509
777,154572,277,286,301,307,289,296,154510
777,154573,271,75,291,105,281,90,154511
777,154574,493,30,521,57,507,43,154512
777,154575,574,69,610,95,592,82,154513
777,154576,261,177,281,210,271,193,154514
777,154577,611,47,637,75,624,61,154515
777,154578,294,225,313,255,303,240,154516
777,154579,119,89,137,114,128,101,154517
777,154580,233,84,256,107,244,95,154518
777,154581,36,120,54,142,45,131,154519
777,154582,72,129,88,155,80,142,154520
777,154583,57,98,80,122,68,110,154521
777,154584,229,50,250,74,239,62,154522
777,154585,200,12,220,34,210,23,154523
777,154586,231,6,258,27,244,16,154524
777,154587,37,158,55,177,46,167,154525
777,154588,40,88,56,114,48,101,154526
777,154589,486,254,514,277,500,265,154527
777,154590,289,23,316,41,302,32,154528
777,154591,125,0,187,22,156,11,154529
777,154592,52,18,66,52,59,35,154530
777,154593,181,68,201,95,191,81,154531
777,154594,195,56,212,80,203,68,154532
777,154595,314,127,336,152,325,139,154533
777,154596,306,99,334,121,320,110,154534
777,154597,519,0,550,14,534,7,154535
777,154598,541,155,571,182,556,168,154536
777,154599,348,62,376,85,362,73,154537
777,154600,29,244,43,262,36,253,154538
777,154601,43,234,60,253,51,243,154539
777,154602,31,275,47,299,39,287,154540
777,154603,451,70,485,92,468,81,154541
777,154604,415,18,434,47,424,32,154542
777,154605,217,0,232,8,224,4,154543
777,154606,480,297,500,316,490,306,154544
777,154607,581,10,607,23,594,16,154545
777,154608,397,11,416,32,406,21,154546
777,154609,384,9,399,27,391,18,154547
777,154610,66,20,81,41,73,30,154548
777,154611,438,47,460,70,449,58,154549
777,154612,182,252,199,269,190,260,154550
777,154613,509,23,529,35,519,29,154551
777,154614,162,0,178,4,170,2,154552
777,154615,340,264,359,284,349,274,154553
777,154616,429,293,450,307,439,300,
777,154617,195,242,232,258,213,250,
778,154618,443,0,533,72,488,36,154555
778,154619,539,247,571,274,555,260,154556
778,154620,596,233,621,262,608,247,154557
778,154621,468,184,490,229,479,206,154558
778,154622,597,127,623,165,610,146,154559
778,154623,266,0,345,52,305,26,154560
778,154624,381,121,402,156,391,138,154561
778,154625,529,70,557,95,543,82,154562
778,154626,417,113,441,146,429,129,154563
778,154627,60,164,80,186,70,175,154564
778,154628,543,207,579,231,561,219,154565
778,154629,99,165,117,200,108,182,154566
778,154630,362,21,384,66,373,43,154567
778,154631,208,316,231,347,219,331,154568
778,154632,300,52,321,85,310,68,154569
778,154633,246,52,268,80,257,66,154570
778,154634,609,0,638,21,623,10,154571
778,154635,277,286,301,307,289,296,154572
778,154636,271,74,291,105,281,89,154573
778,154637,493,30,521,57,507,43,154574
778,154638,574,69,610,95,592,82,154575
778,154639,261,177,281,210,271,193,154576
778,154640,611,48,637,75,624,61,154577
778,154641,294,225,313,255,303,240,154578
778,154642,119,89,137,114,128,101,154579
778,154643,233,84,256,107,244,95,154580
778,154644,36,120,54,142,45,131,154581
778,154645,72,129,88,155,80,142,154582
778,154646,57,98,80,122,68,110,154583
778,154647,228,50,250,74,239,62,154584
778,154648,200,12,220,34,210,23,154585
778,154649,231,6,258,27,244,16,154586
778,154650,37,158,55,177,46,167,154587
778,154651,40,88,56,114,48,101,154588
778,154652,486,254,514,277,500,265,154589
778,154653,289,23,316,41,302,32,154590
778,154654,125,0,187,22,156,11,154591
778,154655,52,18,66,52,59,35,154592
778,154656,181,68,201,95,191,81,154593
778,154657,195,56,212,80,203,68,154594
778,154658,314,127,336,152,325,139,154595
778,154659,306,98,334,121,320,109,154596
778,154660,519,0,550,14,534,7,154597
778,154661,541,155,571,182,556,168,154598
778,154662,348,62,376,85,362,73,154599
778,154663,29,244,43,262,36,253,154600
778,154664,43,234,61,253,52,243,154601
778,154665,31,275,47,299,39,287,154602
778,154666,451,70,485,92,468,81,154603
778,154667,416,18,434,47,425,32,154604
778,154668,217,0,232,8,224,4,154605
778,154669,480,296,500,316,490,306,154606
778,154670,581,10,607,23,594,16,154607
778,154671,397,11,416,32,406,21,154608
778,154672,384,9,399,27,391,18,154609
778,154673,66,20,81,41,73,30,154610
778,154674,438,47,460,70,449,58,154611
778,154675,182,252,199,269,190,260,154612
778,154676,509,23,529,35,519,29,154613
778,154677,162,0,178,4,170,2,154614
778,154678,340,264,359,284,349,274,154615
778,154679,429,293,450,307,439,300,154616
778,154680,179,227,197,246,188,236,
778,154681,453,298,473,311,463,304,
778,154682,195,242,233,258,214,250,154617
779,154683,443,0,533,72,488,36,154618
779,154684,539,247,571,274,555,260,154619
779,154685,596,233,621,262,608,247,154620
779,154686,468,183,490,229,479,206,154621
779,154687,597,127,623,165,610,146,154622
779,154688,266,0,345,52,305,26,154623
779,154689,381,121,402,156,391,138,154624
779,154690,529,70,557,95,543,82,154625
779,154691,417,113,441,146,429,129,154626
779,154692,60,164,80,186,70,175,154627
779,154693,543,207,579,231,561,219,154628
779,154694,99,165,117,200,108,182,154629
779,154695,362,21,384,66,373,43,154630
779,154696,208,316,231,347,219,331,154631
779,154697,300,52,321,85,310,68,154632
779,154698,246,52,268,80,257,66,154633
779,154699,609,0,638,21,623,10,154634
779,154700,277,285,301,307,289,296,154635
779,154701,271,74,291,105,281,89,154636
779,154702,494,29,521,57,507,43,154637
779,154703,574,69,610,95,592,82,154638
779,154704,261,177,281,210,271,193,154639
779,154705,611,48,637,75,624,61,154640
779,154706,294,225,313,255,303,240,154641
779,154707,119,89,137,114,128,101,154642
779,154708,233,84,256,107,244,95,154643
779,154709,36,120,54,142,45,131,154644
779,154710,72,129,88,155,80,142,154645
779,154711,57,98,80,122,68,110,154646
779,154712,228,50,250,74,239,62,154647
779,154713,200,12,220,34,210,23,154648
779,154714,231,6,258,27,244,16,154649
779,154715,37,158,55,177,46,167,154650
779,154716,40,88,56,114,48,101,154651
779,154717,486,254,514,277,500,265,154652
779,154718,289,23,316,41,302,32,154653
779,154719,125,0,187,22,156,11,154654
779,154720,52,18,66,52,59,35,154655
779,154721,181,68,201,95,191,81,154656
779,154722,195,56,212,80,203,68,154657
779,154723,313,127,336,152,324,139,154658
779,154724,306,98,334,121,320,109,154659
779,154725,519,0,550,14,534,7,154660
779,154726,541,155,571,182,556,168,154661
779,154727,348,62,376,85,362,73,154662
779,154728,29,244,43,262,36,253,154663
779,154729,43,234,61,253,52,243,154664
779,154730,31,275,47,299,39,287,154665
779,154731,451,70,485,92,468,81,154666
779,154732,416,18,434,47,425,32,154667
779,154733,217,0,232,8,224,4,154668
779,154734,480,296,500,316,490,306,154669
779,154735,581,10,607,23,594,16,154670
779,154736,397,11,416,32,406,21,154671
779,154737,384,9,399,27,391,18,154672
779,154738,66,20,81,41,73,30,154673
779,154739,438,47,460,70,449,58,154674
779,154740,182,251,200,269,191,260,154675
779,154741,162,0,178,4,170,2,154677
779,154742,340,264,359,284,349,274,154678
779,154743,428,292,450,308,439,300,154679
779,154744,180,226,197,246,188,236,154680
779,154745,453,298,473,311,463,304,154681
779,154746,195,241,233,257,214,249,154682
779,154747,201,274,219,294,210,284,
780,154748,443,0,533,72,488,36,154683
780,154749,539,247,571,274,555,260,154684
780,154750,596,233,621,262,608,247,154685
780,154751,468,183,490,229,479,206,154686
780,154752,597,127,623,165,610,146,154687
780,154753,266,0,345,52,305,26,154688
780,154754,381,121,402,156,391,138,154689
780,154755,529,70,557,95,543,82,154690
780,154756,417,113,441,146,429,129,154691
780,154757,60,164,80,186,70,175,154692
780,154758,543,207,578,231,560,219,154693
780,154759,99,165,117,200,108,182,154694
780,154760,362,21,384,66,373,43,154695
780,154761,208,316,231,347,219,331,154696
780,154762,300,52,321,85,310,68,154697
780,154763,246,52,268,80,257,66,154698
780,154764,609,0,638,21,623,10,154699
780,154765,277,285,301,307,289,296,154700
780,154766,271,74,291,105,281,89,154701
780,154767,495,28,521,57,508,42,154702
780,154768,574,69,610,95,592,82,154703
780,154769,261,177,281,210,271,193,154704
780,154770,611,48,637,75,624,61,154705
780,154771,294,225,313,255,303,240,154706
780,154772,119,89,137,114,128,101,154707
780,154773,233,84,256,107,244,95,154708
780,154774,36,120,54,142,45,131,154709
780,154775,72,129,88,155,80,142,154710
780,154776,57,98,80,122,68,110,154711
780,154777,228,50,250,74,239,62,154712
780,154778,200,12,220,34,210,23,154713
780,154779,231,6,258,27,244,16,154714
780,154780,37,158,55,177,46,167,154715
780,154781,40,88,56,114,48,101,154716
780,154782,486,254,514,277,500,265,154717
780,154783,289,23,316,41,302,32,154718
780,154784,125,0,187,22,156,11,154719
780,154785,52,18,66,52,59,35,154720
780,154786,181,68,201,95,191,81,154721
780,154787,195,56,212,80,203,68,154722
780,154788,314,128,336,152,325,140,154723
780,154789,306,98,334,121,320,109,154724
780,154790,519,0,549,13,534,6,154725
780,154791,541,155,571,182,556,168,154726
780,154792,348,62,376,85,362,73,154727
780,154793,29,244,43,261,36,252,154728
780,154794,43,234,61,252,52,243,154729
780,154795,31,275,47,299,39,287,154730
780,154796,451,70,485,92,468,81,154731
780,154797,416,18,434,47,425,32,154732
780,154798,217,0,232,8,224,4,154733
780,154799,480,296,500,316,490,306,154734
780,154800,581,10,607,23,594,16,154735
780,154801,397,11,416,32,406,21,154736
780,154802,384,9,399,27,391,18,154737
780,154803,66,20,81,41,73,30,154738
780,154804,438,47,460,70,449,58,154739
780,154805,182,251,200,269,191,260,154740
780,154806,162,0,178,4,170,2,154741
780,154807,340,264,359,284,349,274,154742
780,154808,428,292,450,308,439,300,154743
780,154809,180,225,198,245,189,235,154744
780,154810,453,298,473,311,463,304,154745
780,154811,196,241,231,257,213,249,154746
780,154812,201,274,219,294,210,284,154747
781,154813,443,0,533,72,488,36,154748
781,154814,539,247,571,274,555,260,154749
781,154815,596,233,621,263,608,248,154750
781,154816,468,183,490,229,479,206,154751
781,154817,597,127,623,165,610,146,154752
781,154818,266,0,345,52,305,26,154753
781,154819,381,121,402,156,391,138,154754
781,154820,529,70,557,95,543,82,154755
781,154821,417,113,442,145,429,129,154756
781,154822,60,164,80,186,70,175,154757
781,154823,543,207,579,231,561,219,154758
781,154824,99,165,117,200,108,182,154759
781,154825,362,21,384,66,373,43,154760
781,154826,208,316,231,347,219,331,154761
781,154827,300,52,321,85,310,68,154762
781,154828,246,52,268,80,257,66,154763
781,154829,609,0,638,21,623,10,154764
781,154830,277,285,301,307,289,296,154765
781,154831,271,74,291,105,281,89,154766
781,154832,495,28,522,57,508,42,154767
781,154833,574,69,610,95,592,82,154768
781,154834,261,177,281,210,271,193,154769
781,154835,611,47,637,75,624,61,154770
781,154836,294,225,313,255,303,240,154771
781,154837,119,89,137,114,128,101,154772
781,154838,233,84,256,107,244,95,154773
781,154839,36,120,54,142,45,131,154774
781,154840,71,129,88,155,79,142,154775
781,154841,57,97,80,122,68,109,154776
781,154842,229,50,250,74,239,62,154777
781,154843,199,12,220,34,209,23,154778
781,154844,231,6,258,27,244,16,154779
781,154845,37,159,55,177,46,168,154780
781,154846,40,88,56,114,48,101,154781
781,154847,486,253,514,277,500,265,154782
781,154848,289,23,316,41,302,32,154783
781,154849,125,0,187,22,156,11,154784
781,154850,53,18,66,52,59,35,154785
781,154851,181,68,201,95,191,81,154786
781,154852,195,56,212,80,203,68,154787
781,154853,313,128,336,152,324,140,154788
781,154854,306,98,334,121,320,109,154789
781,154855,519,0,550,13,534,6,154790
781,154856,541,155,571,182,556,168,154791
781,154857,348,62,376,85,362,73,154792
781,154858,29,244,43,261,36,252,154793
781,154859,43,234,61,252,52,243,154794
781,154860,31,275,47,299,39,287,154795
781,154861,451,70,484,92,467,81,154796
781,154862,416,19,434,47,425,33,154797
781,154863,217,0,232,8,224,4,154798
781,154864,480,296,500,316,490,306,154799
781,154865,581,10,607,23,594,16,154800
781,154866,397,11,416,32,406,21,154801
781,154867,384,9,398,27,391,18,154802
781,154868,66,20,81,41,73,30,154803
781,154869,438,47,460,70,449,58,154804
781,154870,182,251,200,269,191,260,154805
781,154871,163,0,178,4,170,2,154806
781,154872,340,263,359,284,349,273,154807
781,154873,428,292,450,307,439,299,154808
781,154874,181,224,199,244,190,234,154809
781,154875,196,240,229,257,212,248,154811
781,154876,201,275,219,294,210,284,154812
782,154877,443,0,533,72,488,36,154813
782,154878,539,247,571,274,555,260,154814
782,154879,596,233,621,263,608,248,154815
782,154880,468,183,490,229,479,206,154816
782,154881,597,127,623,165,610,146,154817
782,154882,266,0,345,52,305,26,154818
782,154883,381,121,402,156,391,138,154819
782,154884,529,70,557,95,543,82,154820
782,154885,417,113,442,145,429,129,154821
782,154886,60,164,80,186,70,175,154822
782,154887,543,207,579,231,561,219,154823
782,154888,99,165,117,200,108,182,154824
782,154889,362,21,384,66,373,43,154825
782,154890,208,316,231,347,219,331,154826
782,154891,300,52,322,85,311,68,154827
782,154892,246,52,268,80,257,66,154828
782,154893,609,0,638,22,623,11,154829
782,154894,277,286,301,307,289,296,154830
782,154895,271,74,291,105,281,89,154831
782,154896,496,28,523,57,509,42,154832
782,154897,574,69,610,95,592,82,154833
782,154898,261,177,281,210,271,193,154834
782,154899,611,48,637,75,624,61,154835
782,154900,294,226,313,255,303,240,154836
782,154901,119,89,137,114,128,101,154837
782,154902,233,84,256,107,244,95,154838
782,154903,36,120,54,142,45,131,154839
782,154904,71,129,88,155,79,142,154840
782,154905,57,97,80,122,68,109,154841
782,154906,229,50,250,74,239,62,154842
782,154907,199,12,220,34,209,23,154843
782,154908,231,6,258,28,244,17,154844
782,154909,37,159,55,177,46,168,154845
782,154910,40,88,56,114,48,101,154846
782,154911,486,253,514,277,500,265,154847
782,154912,289,23,316,41,302,32,154848
782,154913,125,0,187,22,156,11,154849
782,154914,53,17,66,52,59,34,154850
782,154915,181,68,201,94,191,81,154851
782,154916,195,56,212,80,203,68,154852
782,154917,313,128,336,152,324,140,154853
782,154918,306,98,334,121,320,109,154854
782,154919,519,0,550,13,534,6,154855
782,154920,542,155,571,182,556,168,154856
782,154921,348,62,376,85,362,73,154857
782,154922,29,244,43,261,36,252,154858
782,154923,44,233,61,252,52,242,154859
782,154924,31,275,47,299,39,287,154860
782,154925,451,70,484,92,467,81,154861
782,154926,416,19,434,47,425,33,154862
782,154927,217,0,231,8,224,4,154863
782,154928,480,296,501,316,490,306,154864
782,154929,581,10,607,23,594,16,154865
782,154930,397,11,416,32,406,21,154866
782,154931,384,9,398,27,391,18,154867
782,154932,66,20,81,41,73,30,154868
782,154933,438,47,460,70,449,58,154869
782,154934,182,251,200,268,191,259,154870
782,154935,163,0,178,4,170,2,154871
782,154936,340,264,359,284,349,274,154872
782,154937,428,292,450,307,439,299,154873
782,154938,182,223,200,243,191,233,154874
782,154939,195,239,228,256,211,247,154875
782,154940,201,275,219,294,210,284,154876
783,154941,443,0,533,72,488,36,154877
783,154942,539,247,571,274,555,260,154878
783,154943,596,233,621,263,608,248,154879
783,154944,468,183,490,229,479,206,154880
783,154945,597,127,623,165,610,146,154881
783,154946,266,0,345,52,305,26,154882
783,154947,381,121,402,156,391,138,154883
783,154948,529,70,557,95,543,82,154884
783,154949,417,113,442,145,429,129,154885
783,154950,60,164,80,186,70,175,154886
783,154951,543,207,579,231,561,219,154887
783,154952,99,165,117,200,108,182,154888
783,154953,362,21,384,66,373,43,154889
783,154954,208,316,231,347,219,331,154890
783,154955,300,52,322,85,311,68,154891
783,154956,246,52,268,80,257,66,154892
783,154957,609,0,638,22,623,11,154893
783,154958,277,286,301,307,289,296,154894
783,154959,271,75,291,105,281,90,154895
783,154960,496,29,523,57,509,43,154896
783,154961,574,69,610,95,592,82,154897
783,154962,261,177,281,210,271,193,154898
783,154963,611,48,637,75,624,61,154899
783,154964,294,225,313,255,303,240,154900
783,154965,119,89,137,114,128,101,154901
783,154966,233,84,256,107,244,95,154902
783,154967,36,120,54,142,45,131,154903
783,154968,71,129,88,155,79,142,154904
783,154969,57,97,80,122,68,109,154905
783,154970,229,50,250,74,239,62,154906
783,154971,199,12,220,34,209,23,154907
783,154972,231,6,258,27,244,16,154908
783,154973,37,159,55,177,46,168,154909
783,154974,40,88,56,114,48,101,154910
783,154975,486,253,514,277,500,265,154911
783,154976,289,23,316,41,302,32,154912
783,154977,125,0,187,22,156,11,154913
783,154978,53,17,66,51,59,34,154914
783,154979,181,68,201,94,191,81,154915
783,154980,195,56,212,80,203,68,154916
783,154981,313,128,336,152,324,140,154917
783,154982,306,98,334,121,320,109,154918
783,154983,519,0,550,13,534,6,154919
783,154984,542,155,571,182,556,168,154920
783,154985,348,63,376,85,362,74,154921
783,154986,29,244,43,261,36,252,154922
783,154987,44,233,62,252,53,242,154923
783,154988,31,275,47,299,39,287,154924
783,154989,451,71,484,92,467,81,154925
783,154990,416,19,434,47,425,33,154926
783,154991,217,0,231,8,224,4,154927
783,154992,480,296,502,316,491,306,154928
783,154993,581,10,607,23,594,16,154929
783,154994,397,11,416,32,406,21,154930
783,154995,384,9,398,27,391,18,154931
783,154996,66,20,81,41,73,30,154932
783,154997,438,47,460,70,449,58,154933
783,154998,182,251,200,268,191,259,154934
783,154999,163,0,178,4,170,2,154935
783,155000,340,263,359,284,349,273,154936
783,155001,428,292,450,307,439,299,154937
783,155002,195,238,226,256,210,247,154939
783,155003,201,275,219,294,210,284,154940
784,155004,443,0,533,72,488,36,154941
784,155005,539,247,571,274,555,260,154942
784,155006,596,233,621,263,608,248,154943
784,155007,468,183,490,229,479,206,154944
784,155008,597,127,623,165,610,146,154945
784,155009,266,0,345,52,305,26,154946
784,155010,381,121,402,156,391,138,154947
784,155011,529,70,557,95,543,82,154948
784,155012,417,113,442,145,429,129,154949
784,155013,60,164,80,186,70,175,154950
784,155014,543,207,579,231,561,219,154951
784,155015,99,165,117,200,108,182,154952
784,155016,362,21,384,66,373,43,154953
784,155017,208,316,231,347,219,331,154954
784,155018,300,52,322,85,311,68,154955
784,155019,246,52,268,80,257,66,154956
784,155020,609,0,638,22,623,11,154957
784,155021,277,286,301,307,289,296,154958
784,155022,271,75,291,105,281,90,154959
784,155023,496,29,523,57,509,43,154960
784,155024,574,69,610,95,592,82,154961
784,155025,261,177,281,210,271,193,154962
784,155026,611,47,637,75,624,61,154963
784,155027,294,225,313,255,303,240,154964
784,155028,119,89,137,114,128,101,154965
784,155029,233,84,256,107,244,95,154966
784,155030,36,120,54,142,45,131,154967
784,155031,71,129,88,155,79,142,154968
784,155032,57,97,80,122,68,109,154969
784,155033,228,50,250,74,239,62,154970
784,155034,199,12,220,34,209,23,154971
784,155035,231,6,258,27,244,16,154972
784,155036,37,159,55,177,46,168,154973
784,155037,40,88,56,114,48,101,154974
784,155038,486,253,514,277,500,265,154975
784,155039,289,23,316,41,302,32,154976
784,155040,125,0,188,22,156,11,154977
784,155041,53,17,66,51,59,34,154978
784,155042,181,68,201,94,191,81,154979
784,155043,195,56,212,80,203,68,154980
784,155044,313,128,336,152,324,140,154981
784,155045,306,98,334,121,320,109,154982
784,155046,519,0,550,13,534,6,154983
784,155047,542,155,571,182,556,168,154984
784,155048,348,63,376,85,362,74,154985
784,155049,29,244,43,261,36,252,154986
784,155050,44,233,62,252,53,242,154987
784,155051,31,275,47,299,39,287,154988
784,155052,451,71,484,92,467,81,154989
784,155053,416,19,434,47,425,33,154990
784,155054,217,0,231,8,224,4,154991
784,155055,480,296,502,316,491,306,154992
784,155056,581,10,607,23,594,16,154993
784,155057,397,11,416,32,406,21,154994
784,155058,384,9,398,27,391,18,154995
784,155059,66,20,81,41,73,30,154996
784,155060,438,47,459,70,448,58,154997
784,155061,182,251,200,268,191,259,154998
784,155062,163,0,178,4,170,2,154999
784,155063,340,263,359,284,349,273,155000
784,155064,428,292,450,307,439,299,155001
784,155065,195,237,226,255,210,246,155002
784,155066,201,275,219,294,210,284,155003
785,155067,443,0,533,72,488,36,155004
785,155068,539,247,571,274,555,260,155005
785,155069,596,233,621,263,608,248,155006
785,155070,468,183,490,229,479,206,155007
785,155071,597,127,623,165,610,146,155008
785,155072,266,0,345,52,305,26,155009
785,155073,381,121,402,156,391,138,155010
785,155074,529,70,557,95,543,82,155011
785,155075,417,113,442,145,429,129,155012
785,155076,60,164,80,186,70,175,155013
785,155077,543,207,579,231,561,219,155014
785,155078,99,165,117,200,108,182,155015
785,155079,362,21,384,66,373,43,155016
785,155080,208,316,231,347,219,331,155017
785,155081,300,52,322,85,311,68,155018
785,155082,246,52,268,80,257,66,155019
785,155083,609,0,638,22,623,11,155020
785,155084,277,286,301,307,289,296,155021
785,155085,271,75,291,105,281,90,155022
785,155086,497,29,524,57,510,43,155023
785,155087,574,69,610,95,592,82,155024
785,155088,261,177,281,210,271,193,155025
785,155089,611,47,637,75,624,61,155026
785,155090,294,225,313,255,303,240,155027
785,155091,119,89,137,114,128,101,155028
785,155092,233,84,256,107,244,95,155029
785,155093,36,120,54,142,45,131,155030
785,155094,71,129,88,155,79,142,155031
785,155095,57,97,80,122,68,109,155032
785,155096,229,50,250,74,239,62,155033
785,155097,199,12,220,34,209,23,155034
785,155098,232,6,258,27,245,16,155035
785,155099,37,159,55,177,46,168,155036
785,155100,40,88,56,114,48,101,155037
785,155101,486,253,514,277,500,265,155038
785,155102,289,23,316,41,302,32,155039
785,155103,125,0,188,22,156,11,155040
785,155104,53,17,66,51,59,34,155041
785,155105,181,68,201,94,191,81,155042
785,155106,195,56,212,80,203,68,155043
785,155107,313,128,336,152,324,140,155044
785,155108,306,98,334,121,320,109,155045
785,155109,518,0,550,13,534,6,155046
785,155110,541,155,571,182,556,168,155047
785,155111,348,63,376,85,362,74,155048
785,155112,29,244,43,261,36,252,155049
785,155113,44,233,62,252,53,242,155050
785,155114,31,275,47,299,39,287,155051
785,155115,451,71,483,93,467,82,155052
785,155116,416,18,434,47,425,32,155053
785,155117,217,0,231,8,224,4,155054
785,155118,481,296,503,317,492,306,155055
785,155119,581,10,607,23,594,16,155056
785,155120,397,11,416,32,406,21,155057
785,155121,384,9,399,27,391,18,155058
785,155122,66,20,81,41,73,30,155059
785,155123,438,47,460,70,449,58,155060
785,155124,182,251,200,268,191,259,155061
785,155125,163,0,178,4,170,2,155062
785,155126,340,263,359,284,349,273,155063
785,155127,428,292,450,308,439,300,155064
785,155128,195,236,225,255,210,245,155065
785,155129,201,275,219,294,210,284,155066
786,155130,443,0,533,72,488,36,155067
786,155131,539,247,571,274,555,260,155068
786,155132,596,233,621,263,608,248,155069
786,155133,468,183,490,229,479,206,155070
786,155134,597,127,623,165,610,146,155071
786,155135,266,0,345,52,305,26,155072
786,155136,381,121,402,156,391,138,155073
786,155137,529,70,557,95,543,82,155074
786,155138,417,113,442,145,429,129,155075
786,155139,60,164,80,186,70,175,155076
786,155140,543,207,579,231,561,219,155077
786,155141,99,165,117,200,108,182,155078
786,155142,362,21,384,66,373,43,155079
786,155143,208,316,231,347,219,331,155080
786,155144,300,52,322,85,311,68,155081
786,155145,246,52,268,80,257,66,155082
786,155146,609,0,638,22,623,11,155083
786,155147,277,286,301,307,289,296,155084
786,155148,271,75,291,105,281,90,155085
786,155149,498,29,524,58,511,43,155086
786,155150,574,69,610,95,592,82,155087
786,155151,261,177,281,210,271,193,155088
786,155152,611,47,637,75,624,61,155089
786,155153,294,225,313,255,303,240,155090
786,155154,119,89,137,114,128,101,155091
786,155155,233,84,256,107,244,95,155092
786,155156,36,120,54,142,45,131,155093
786,155157,71,129,88,155,79,142,155094
786,155158,57,97,80,122,68,109,155095
786,155159,228,50,250,74,239,62,155096
786,155160,199,12,220,34,209,23,155097
786,155161,231,6,258,27,244,16,155098
786,155162,37,159,55,177,46,168,155099
786,155163,40,88,56,114,48,101,155100
786,155164,486,253,514,277,500,265,155101
786,155165,289,23,316,41,302,32,155102
786,155166,125,0,188,22,156,11,155103
786,155167,53,17,66,51,59,34,155104
786,155168,181,68,201,94,191,81,155105
786,155169,195,56,212,80,203,68,155106
786,155170,313,128,336,152,324,140,155107
786,155171,306,98,334,121,320,109,155108
786,155172,516,0,550,13,533,6,155109
786,155173,541,155,571,182,556,168,155110
786,155174,348,63,376,85,362,74,155111
786,155175,29,244,43,261,36,252,155112
786,155176,44,234,62,253,53,243,155113
786,155177,31,275,47,299,39,287,155114
786,155178,451,71,482,93,466,82,155115
786,155179,416,18,434,47,425,32,155116
786,155180,217,0,231,8,224,4,155117
786,155181,482,297,504,317,493,307,155118
786,155182,581,10,607,23,594,16,155119
786,155183,397,11,416,32,406,21,155120
786,155184,384,9,399,27,391,18,155121
786,155185,66,20,81,41,73,30,155122
786,155186,437,47,460,70,448,58,155123
786,155187,182,252,201,268,191,260,155124
786,155188,163,0,178,4,170,2,155125
786,155189,340,263,359,284,349,273,155126
786,155190,428,292,450,308,439,300,155127
786,155191,194,235,224,254,209,244,155128
786,155192,201,275,219,294,210,284,155129
786,155193,183,219,201,237,192,228,
787,155194,443,0,533,72,488,36,155130
787,155195,539,247,571,274,555,260,155131
787,155196,596,233,621,263,608,248,155132
787,155197,468,183,490,229,479,206,155133
787,155198,597,127,623,165,610,146,155134
787,155199,266,0,345,52,305,26,155135
787,155200,381,121,402,156,391,138,155136
787,155201,529,70,557,95,543,82,155137
787,155202,417,113,442,145,429,129,155138
787,155203,60,164,80,186,70,175,155139
787,155204,543,207,579,231,561,219,155140
787,155205,99,165,117,200,108,182,155141
787,155206,362,21,384,66,373,43,155142
787,155207,208,316,231,347,219,331,155143
787,155208,300,52,322,85,311,68,155144
787,155209,246,52,268,80,257,66,155145
787,155210,609,0,638,21,623,10,155146
787,155211,277,286,301,307,289,296,155147
787,155212,271,74,291,105,281,89,155148
787,155213,498,29,523,58,510,43,155149
787,155214,574,69,610,95,592,82,155150
787,155215,261,177,281,210,271,193,155151
787,155216,611,47,637,75,624,61,155152
787,155217,294,225,313,255,303,240,155153
787,155218,119,89,137,114,128,101,155154
787,155219,233,84,256,107,244,95,155155
787,155220,36,120,54,142,45,131,155156
787,155221,71,129,88,155,79,142,155157
787,155222,57,97,80,122,68,109,155158
787,155223,228,50,250,74,239,62,155159
787,155224,199,12,220,34,209,23,155160
787,155225,231,6,258,27,244,16,155161
787,155226,37,159,55,177,46,168,155162
787,155227,40,88,56,114,48,101,155163
787,155228,486,253,514,277,500,265,155164
787,155229,289,23,316,41,302,32,155165
787,155230,125,0,187,22,156,11,155166
787,155231,53,17,66,51,59,34,155167
787,155232,181,68,201,94,191,81,155168
787,155233,195,56,212,80,203,68,155169
787,155234,313,128,336,152,324,140,155170
787,155235,306,98,334,121,320,109,155171
787,155236,515,0,550,13,532,6,155172
787,155237,541,155,571,182,556,168,155173
787,155238,348,63,376,85,362,74,155174
787,155239,29,244,43,261,36,252,155175
787,155240,44,234,62,253,53,243,155176
787,155241,31,275,47,299,39,287,155177
787,155242,449,72,481,94,465,83,155178
787,155243,416,18,434,47,425,32,155179
787,155244,217,0,231,8,224,4,155180
787,155245,483,297,505,317,494,307,155181
787,155246,581,10,607,23,594,16,155182
787,155247,397,11,416,32,406,21,155183
787,155248,384,9,399,27,391,18,155184
787,155249,66,20,81,41,73,30,155185
787,155250,437,47,460,70,448,58,155186
787,155251,182,252,200,268,191,260,155187
787,155252,163,0,178,4,170,2,155188
787,155253,340,263,359,284,349,273,155189
787,155254,428,292,450,308,439,300,155190
787,155255,193,233,223,254,208,243,155191
787,155256,201,275,219,294,210,284,155192
787,155257,183,217,202,236,192,226,155193
788,155258,443,0,533,72,488,36,155194
788,155259,539,247,571,274,555,260,155195
788,155260,596,233,621,263,608,248,155196
788,155261,468,183,490,229,479,206,155197
788,155262,597,127,623,165,610,146,155198
788,155263,266,0,345,52,305,26,155199
788,155264,381,121,402,156,391,138,155200
788,155265,529,70,557,95,543,82,155201
788,155266,417,113,442,145,429,129,155202
788,155267,60,164,80,186,70,175,155203
788,155268,543,207,579,231,561,219,155204
788,155269,99,165,117,200,108,182,155205
788,155270,362,21,384,66,373,43,155206
788,155271,208,316,231,347,219,331,155207
788,155272,300,52,322,85,311,68,155208
788,155273,246,52,268,80,257,66,155209
788,155274,609,0,638,21,623,10,155210
788,155275,277,286,301,307,289,296,155211
788,155276,271,74,291,105,281,89,155212
788,155277,498,30,523,57,510,43,155213
788,155278,574,69,610,95,592,82,155214
788,155279,261,177,281,210,271,193,155215
788,155280,611,47,637,75,624,61,155216
788,155281,294,225,313,255,303,240,155217
788,155282,119,89,137,114,128,101,155218
788,155283,233,84,256,107,244,95,155219
788,155284,36,120,54,142,45,131,155220
788,155285,71,129,88,155,79,142,155221
788,155286,57,97,80,122,68,109,155222
788,155287,228,50,250,74,239,62,155223
788,155288,199,12,220,34,209,23,155224
788,155289,232,6,258,27,245,16,155225
788,155290,37,159,55,177,46,168,155226
788,155291,40,88,56,114,48,101,155227
788,155292,486,253,514,277,500,265,155228
788,155293,289,23,317,41,303,32,155229
788,155294,125,0,187,22,156,11,155230
788,155295,53,17,66,52,59,34,155231
788,155296,181,68,201,94,191,81,155232
788,155297,195,56,212,80,203,68,155233
788,155298,313,128,336,152,324,140,155234
788,155299,306,98,334,121,320,109,155235
788,155300,513,0,549,12,531,6,155236
788,155301,541,155,572,182,556,168,155237
788,155302,348,63,376,85,362,74,155238
788,155303,29,244,43,261,36,252,155239
788,155304,44,234,62,253,53,243,155240
788,155305,31,276,47,299,39,287,155241
788,155306,447,73,480,95,463,84,155242
788,155307,416,18,434,46,425,32,155243
788,155308,217,0,231,8,224,4,155244
788,155309,485,297,508,317,496,307,155245
788,155310,581,10,607,23,594,16,155246
788,155311,397,11,416,32,406,21,155247
788,155312,384,9,399,27,391,18,155248
788,155313,66,20,81,41,73,30,155249
788,155314,437,47,460,70,448,58,155250
788,155315,182,251,200,268,191,259,155251
788,155316,163,0,178,4,170,2,155252
788,155317,340,263,359,284,349,273,155253
788,155318,428,292,450,308,439,300,155254
788,155319,192,233,222,254,207,243,155255
788,155320,201,275,219,294,210,284,155256
788,155321,184,216,202,235,193,225,155257
789,155322,443,0,533,72,488,36,155258
789,155323,539,247,571,274,555,260,155259
789,155324,596,233,621,263,608,248,155260
789,155325,468,183,490,229,479,206,155261
789,155326,597,127,623,165,610,146,155262
789,155327,266,0,345,52,305,26,155263
789,155328,381,121,402,156,391,138,155264
789,155329,529,70,557,95,543,82,155265
789,155330,417,113,442,145,429,129,155266
789,155331,60,164,80,186,70,175,155267
789,155332,543,207,579,231,561,219,155268
789,155333,99,165,117,200,108,182,155269
789,155334,362,21,384,66,373,43,155270
789,155335,208,316,231,347,219,331,155271
789,155336,300,52,322,85,311,68,155272
789,155337,246,52,268,80,257,66,155273
789,155338,609,0,638,21,623,10,155274
789,155339,277,286,301,307,289,296,155275
789,155340,271,74,291,105,281,89,155276
789,155341,498,30,523,57,510,43,155277
789,155342,574,69,610,95,592,82,155278
789,155343,261,177,281,210,271,193,155279
789,155344,611,47,637,75,624,61,155280
789,155345,294,225,313,255,303,240,155281
789,155346,119,89,137,114,128,101,155282
789,155347,233,84,256,107,244,95,155283
789,155348,36,120,54,142,45,131,155284
789,155349,71,129,88,155,79,142,155285
789,155350,57,97,80,122,68,109,155286
789,155351,229,50,250,74,239,62,155287
789,155352,199,12,220,34,209,23,155288
789,155353,232,6,258,27,245,16,155289
789,155354,37,159,55,177,46,168,155290
789,155355,40,88,56,114,48,101,155291
789,155356,486,254,514,277,500,265,155292
789,155357,289,23,318,41,303,32,155293
789,155358,125,0,187,22,156,11,155294
789,155359,53,17,66,51,59,34,155295
789,155360,181,68,201,94,191,81,155296
789,155361,195,56,212,80,203,68,155297
789,155362,313,128,336,152,324,140,155298
789,155363,306,98,334,121,320,109,155299
789,155364,512,0,546,12,529,6,155300
789,155365,541,155,572,182,556,168,155301
789,155366,348,63,376,85,362,74,155302
789,155367,29,244,43,262,36,253,155303
789,155368,44,234,63,253,53,243,155304
789,155369,31,276,47,299,39,287,155305
789,155370,444,74,478,95,461,84,155306
789,155371,416,18,435,46,425,32,155307
789,155372,217,0,231,8,224,4,155308
789,155373,489,297,512,317,500,307,155309
789,155374,581,10,607,23,594,16,155310
789,155375,397,11,416,33,406,22,155311
789,155376,384,9,399,27,391,18,155312
789,155377,66,20,81,41,73,30,155313
789,155378,437,47,460,69,448,58,155314
789,155379,182,251,200,268,191,259,155315
789,155380,163,0,178,4,170,2,155316
789,155381,340,263,359,284,349,273,155317
789,155382,428,292,450,308,439,300,155318
789,155383,191,233,221,254,206,243,155319
789,155384,201,275,219,294,210,284,155320
789,155385,184,216,202,234,193,225,155321
790,155386,443,0,533,72,488,36,155322
790,155387,539,247,571,274,555,260,155323
790,155388,596,233,621,263,608,248,155324
790,155389,468,183,490,229,479,206,155325
790,155390,597,127,623,165,610,146,155326
790,155391,266,0,345,51,305,25,155327
790,155392,381,121,402,156,391,138,155328
790,155393,529,70,557,95,543,82,155329
790,155394,417,113,442,145,429,129,155330
790,155395,60,164,80,186,70,175,155331
790,155396,543,207,579,231,561,219,155332
790,155397,99,165,117,200,108,182,155333
790,155398,362,21,384,66,373,43,155334
790,155399,208,316,231,347,219,331,155335
790,155400,300,52,322,85,311,68,155336
790,155401,246,52,268,80,257,66,155337
790,155402,609,0,638,21,623,10,155338
790,155403,277,286,301,307,289,296,155339
790,155404,271,74,291,105,281,89,155340
790,155405,497,30,523,57,510,43,155341
790,155406,574,69,610,95,592,82,155342
790,155407,261,177,281,210,271,193,155343
790,155408,611,47,637,75,624,61,155344
790,155409,294,225,313,255,303,240,155345
790,155410,119,89,137,114,128,101,155346
790,155411,233,84,256,107,244,95,155347
790,155412,36,120,54,142,45,131,155348
790,155413,71,129,88,155,79,142,155349
790,155414,57,97,80,122,68,109,155350
790,155415,229,50,250,74,239,62,155351
790,155416,199,12,220,34,209,23,155352
790,155417,232,6,258,27,245,16,155353
790,155418,37,159,55,177,46,168,155354
790,155419,40,88,56,114,48,101,155355
790,155420,486,254,514,277,500,265,155356
790,155421,289,23,318,41,303,32,155357
790,155422,125,0,187,22,156,11,155358
790,155423,53,17,66,51,59,34,155359
790,155424,181,68,201,94,191,81,155360
790,155425,195,56,212,80,203,68,155361
790,155426,313,128,336,152,324,140,155362
790,155427,306,98,334,121,320,109,155363
790,155428,511,0,545,12,528,6,155364
790,155429,541,155,572,182,556,168,155365
790,155430,348,63,376,85,362,74,155366
790,155431,29,244,43,262,36,253,155367
790,155432,44,234,63,253,53,243,155368
790,155433,31,275,47,299,39,287,155369
790,155434,443,74,478,95,460,84,155370
790,155435,416,18,435,45,425,31,155371
790,155436,217,0,231,8,224,4,155372
790,155437,490,297,514,317,502,307,155373
790,155438,581,10,607,23,594,16,155374
790,155439,397,11,416,33,406,22,155375
790,155440,384,9,399,27,391,18,155376
790,155441,66,20,81,41,73,30,155377
790,155442,437,47,460,69,448,58,155378
790,155443,182,252,200,268,191,260,155379
790,155444,163,0,178,4,170,2,155380
790,155445,340,263,359,284,349,273,155381
790,155446,428,292,450,308,439,300,155382
790,155447,191,233,221,254,206,243,155383
790,155448,201,275,219,294,210,284,155384
790,155449,184,215,202,234,193,224,155385
790,155450,526,329,550,343,538,336,
791,155451,443,0,533,72,488,36,155386
791,155452,539,247,571,274,555,260,155387
791,155453,596,233,621,263,608,248,155388
791,155454,468,183,490,229,479,206,155389
791,155455,597,127,623,165,610,146,155390
791,155456,266,0,345,51,305,25,155391
791,155457,381,121,402,156,391,138,155392
791,155458,529,70,557,95,543,82,155393
791,155459,417,113,442,145,429,129,155394
791,155460,60,164,80,186,70,175,155395
791,155461,543,207,579,231,561,219,155396
791,155462,99,165,117,200,108,182,155397
791,155463,362,21,384,66,373,43,155398
791,155464,208,316,231,347,219,331,155399
791,155465,300,52,322,85,311,68,155400
791,155466,246,52,268,80,257,66,155401
791,155467,609,0,638,21,623,10,155402
791,155468,276,286,301,307,288,296,155403
791,155469,271,74,291,105,281,89,155404
791,155470,497,30,523,57,510,43,155405
791,155471,574,69,610,95,592,82,155406
791,155472,261,177,281,210,271,193,155407
791,155473,611,47,637,75,624,61,155408
791,155474,294,225,313,255,303,240,155409
791,155475,119,89,137,114,128,101,155410
791,155476,233,84,256,107,244,95,155411
791,155477,36,120,54,142,45,131,155412
791,155478,71,129,88,155,79,142,155413
791,155479,57,97,80,122,68,109,155414
791,155480,229,50,250,74,239,62,155415
791,155481,199,12,220,34,209,23,155416
791,155482,232,6,258,27,245,16,155417
791,155483,37,159,55,177,46,168,155418
791,155484,40,88,56,114,48,101,155419
791,155485,486,254,514,277,500,265,155420
791,155486,289,23,318,41,303,32,155421
791,155487,125,0,187,22,156,11,155422
791,155488,53,17,66,51,59,34,155423
791,155489,181,68,201,94,191,81,155424
791,155490,195,56,212,80,203,68,155425
791,155491,313,128,336,152,324,140,155426
791,155492,306,98,334,121,320,109,155427
791,155493,511,0,543,13,527,6,155428
791,155494,541,155,572,182,556,168,155429
791,155495,348,63,376,85,362,74,155430
791,155496,29,244,43,262,36,253,155431
791,155497,44,234,63,254,53,244,155432
791,155498,31,276,47,299,39,287,155433
791,155499,442,75,477,96,459,85,155434
791,155500,416,18,435,45,425,31,155435
791,155501,217,0,231,8,224,4,155436
791,155502,493,298,517,318,505,308,155437
791,155503,581,10,607,23,594,16,155438
791,155504,397,11,416,33,406,22,155439
791,155505,384,9,399,27,391,18,155440
791,155506,66,20,81,41,73,30,155441
791,155507,437,47,460,70,448,58,155442
791,155508,182,252,200,268,191,260,155443
791,155509,163,0,178,4,170,2,155444
791,155510,340,263,359,284,349,273,155445
791,155511,428,292,450,308,439,300,155446
791,155512,190,233,220,254,205,243,155447
791,155513,201,275,219,294,210,284,155448
791,155514,184,215,202,233,193,224,155449
791,155515,526,329,551,343,538,336,155450
792,155516,443,0,533,73,488,36,155451
792,155517,539,247,571,274,555,260,155452
792,155518,596,233,621,263,608,248,155453
792,155519,468,183,490,229,479,206,155454
792,155520,597,127,623,165,610,146,155455
792,155521,266,0,345,51,305,25,155456
792,155522,381,121,402,156,391,138,155457
792,155523,529,70,557,95,543,82,155458
792,155524,417,113,442,145,429,129,155459
792,155525,60,164,80,186,70,175,155460
792,155526,543,207,579,231,561,219,155461
792,155527,99,165,116,200,107,182,155462
792,155528,362,21,384,66,373,43,155463
792,155529,208,317,231,347,219,332,155464
792,155530,300,52,322,85,311,68,155465
792,155531,246,52,268,80,257,66,155466
792,155532,609,0,638,21,623,10,155467
792,155533,276,286,301,307,288,296,155468
792,155534,271,74,291,105,281,89,155469
792,155535,497,30,523,57,510,43,155470
792,155536,574,69,610,95,592,82,155471
792,155537,261,177,281,210,271,193,155472
792,155538,611,47,637,75,624,61,155473
792,155539,294,225,313,255,303,240,155474
792,155540,119,89,137,114,128,101,155475
792,155541,233,84,256,107,244,95,155476
792,155542,36,120,54,142,45,131,155477
792,155543,71,129,88,155,79,142,155478
792,155544,57,97,80,122,68,109,155479
792,155545,229,50,250,74,239,62,155480
792,155546,199,12,220,34,209,23,155481
792,155547,232,6,258,27,245,16,155482
792,155548,37,159,55,177,46,168,155483
792,155549,40,88,56,114,48,101,155484
792,155550,486,254,514,277,500,265,155485
792,155551,289,23,318,41,303,32,155486
792,155552,125,0,187,22,156,11,155487
792,155553,53,18,66,51,59,34,155488
792,155554,181,68,201,94,191,81,155489
792,155555,195,56,212,80,203,68,155490
792,155556,313,128,336,152,324,140,155491
792,155557,306,98,334,121,320,109,155492
792,155558,511,0,541,13,526,6,155493
792,155559,541,155,572,182,556,168,155494
792,155560,348,63,376,85,362,74,155495
792,155561,29,244,43,262,36,253,155496
792,155562,44,234,63,253,53,243,155497
792,155563,31,276,47,299,39,287,155498
792,155564,441,75,475,96,458,85,155499
792,155565,416,18,435,46,425,32,155500
792,155566,217,0,232,8,224,4,155501
792,155567,497,298,522,318,509,308,155502
792,155568,581,10,607,23,594,16,155503
792,155569,397,11,416,33,406,22,155504
792,155570,384,9,399,27,391,18,155505
792,155571,66,20,81,41,73,30,155506
792,155572,437,47,460,70,448,58,155507
792,155573,182,252,200,268,191,260,155508
792,155574,163,0,178,4,170,2,155509
792,155575,340,263,359,284,349,273,155510
792,155576,428,292,450,308,439,300,155511
792,155577,189,234,218,255,203,244,155512
792,155578,201,275,219,294,210,284,155513
792,155579,184,215,203,232,193,223,155514
792,155580,526,329,551,343,538,336,155515
792,155581,512,14,530,34,521,24,
793,155582,443,0,533,73,488,36,155516
793,155583,539,247,571,274,555,260,155517
793,155584,596,233,621,263,608,248,155518
793,155585,468,183,490,229,479,206,155519
793,155586,597,127,623,165,610,146,155520
793,155587,266,0,345,51,305,25,155521
793,155588,381,121,402,156,391,138,155522
793,155589,529,70,557,95,543,82,155523
793,155590,417,113,442,145,429,129,155524
793,155591,60,164,80,186,70,175,155525
793,155592,543,207,579,231,561,219,155526
793,155593,99,165,116,200,107,182,155527
793,155594,362,21,384,66,373,43,155528
793,155595,208,317,231,347,219,332,155529
793,155596,300,52,321,85,310,68,155530
793,155597,246,52,268,80,257,66,155531
793,155598,609,0,638,21,623,10,155532
793,155599,276,285,301,307,288,296,155533
793,155600,271,75,291,105,281,90,155534
793,155601,497,30,523,57,510,43,155535
793,155602,574,69,610,95,592,82,155536
793,155603,261,177,281,210,271,193,155537
793,155604,611,48,637,75,624,61,155538
793,155605,294,225,313,255,303,240,155539
793,155606,119,89,137,114,128,101,155540
793,155607,233,84,256,107,244,95,155541
793,155608,36,120,54,142,45,131,155542
793,155609,71,129,88,155,79,142,155543
793,155610,57,97,80,122,68,109,155544
793,155611,229,50,250,74,239,62,155545
793,155612,199,12,220,34,209,23,155546
793,155613,232,6,258,27,245,16,155547
793,155614,37,158,55,177,46,167,155548
793,155615,40,88,56,114,48,101,155549
793,155616,486,254,514,277,500,265,155550
793,155617,289,23,318,41,303,32,155551
793,155618,125,0,187,22,156,11,155552
793,155619,53,17,66,51,59,34,155553
793,155620,181,68,201,94,191,81,155554
793,155621,195,56,212,80,203,68,155555
793,155622,313,128,336,152,324,140,155556
793,155623,306,98,334,121,320,109,155557
793,155624,511,0,540,14,525,7,155558
793,155625,541,155,572,182,556,168,155559
793,155626,348,63,376,85,362,74,155560
793,155627,29,244,43,262,36,253,155561
793,155628,44,234,63,253,53,243,155562
793,155629,31,275,47,299,39,287,155563
793,155630,441,75,473,96,457,85,155564
793,155631,416,18,435,46,425,32,155565
793,155632,217,0,231,8,224,4,155566
793,155633,501,300,527,318,514,309,155567
793,155634,581,10,607,23,594,16,155568
793,155635,397,11,416,33,406,22,155569
793,155636,384,9,399,27,391,18,155570
793,155637,66,20,81,41,73,30,155571
793,155638,437,47,460,69,448,58,155572
793,155639,182,252,200,268,191,260,155573
793,155640,163,0,178,4,170,2,155574
793,155641,340,263,359,284,349,273,155575
793,155642,428,292,450,308,439,300,155576
793,155643,188,234,217,256,202,245,155577
793,155644,201,275,219,294,210,284,155578
793,155645,184,215,203,232,193,223,155579
793,155646,526,329,551,343,538,336,155580
793,155647,512,14,530,34,521,24,155581
793,155648,451,300,473,311,462,305,
794,155649,443,0,533,73,488,36,155582
794,155650,539,247,571,274,555,260,155583
794,155651,596,233,621,263,608,248,155584
794,155652,468,183,490,229,479,206,155585
794,155653,597,127,623,165,610,146,155586
794,155654,266,0,345,51,305,25,155587
794,155655,381,121,402,156,391,138,155588
794,155656,529,70,557,95,543,82,155589
794,155657,417,113,442,145,429,129,155590
794,155658,60,164,81,186,70,175,155591
794,155659,543,206,579,231,561,218,155592
794,155660,99,165,116,200,107,182,155593
794,155661,362,21,384,66,373,43,155594
794,155662,208,316,231,347,219,331,155595
794,155663,300,52,321,85,310,68,155596
794,155664,246,52,268,80,257,66,155597
794,155665,609,0,638,21,623,10,155598
794,155666,276,285,301,307,288,296,155599
794,155667,271,75,291,105,281,90,155600
794,155668,497,30,523,57,510,43,155601
794,155669,574,69,610,95,592,82,155602
794,155670,261,177,281,210,271,193,155603
794,155671,611,48,637,75,624,61,155604
794,155672,294,225,313,255,303,240,155605
794,155673,119,89,137,114,128,101,155606
794,155674,233,84,256,107,244,95,155607
794,155675,36,120,54,142,45,131,155608
794,155676,71,129,88,155,79,142,155609
794,155677,57,97,80,122,68,109,155610
794,155678,229,50,250,74,239,62,155611
794,155679,199,12,220,34,209,23,155612
794,155680,232,6,258,27,245,16,155613
794,155681,37,158,55,177,46,167,155614
794,155682,40,88,56,114,48,101,155615
794,155683,486,254,514,277,500,265,155616
794,155684,289,23,317,41,303,32,155617
794,155685,125,0,187,22,156,11,155618
794,155686,53,17,66,51,59,34,155619
794,155687,181,68,201,94,191,81,155620
794,155688,195,56,212,80,203,68,155621
794,155689,313,128,336,153,324,140,155622
794,155690,306,98,334,121,320,109,155623
794,155691,511,0,540,14,525,7,155624
794,155692,541,155,572,182,556,168,155625
794,155693,348,63,376,85,362,74,155626
794,155694,29,244,43,262,36,253,155627
794,155695,45,235,63,253,54,244,155628
794,155696,31,275,47,299,39,287,155629
794,155697,439,74,472,95,455,84,155630
794,155698,416,18,435,46,425,32,155631
794,155699,217,0,231,8,224,4,155632
794,155700,507,301,536,319,521,310,155633
794,155701,581,10,607,23,594,16,155634
794,155702,397,11,416,33,406,22,155635
794,155703,384,9,399,27,391,18,155636
794,155704,66,20,81,41,73,30,155637
794,155705,437,47,460,69,448,58,155638
794,155706,182,252,200,268,191,260,155639
794,155707,163,0,178,4,170,2,155640
794,155708,340,263,359,284,349,273,155641
794,155709,428,292,450,308,439,300,155642
794,155710,187,234,216,254,201,244,155643
794,155711,201,275,219,294,210,284,155644
794,155712,184,215,203,232,193,223,155645
794,155713,526,329,551,342,538,335,155646
795,155714,443,0,533,73,488,36,155649
795,155715,539,247,571,274,555,260,155650
795,155716,596,233,621,263,608,248,155651
795,155717,468,183,490,229,479,206,155652
795,155718,597,127,623,165,610,146,155653
795,155719,266,0,345,51,305,25,155654
795,155720,381,121,402,156,391,138,155655
795,155721,529,70,557,95,543,82,155656
795,155722,417,113,442,145,429,129,155657
795,155723,60,164,81,186,70,175,155658
795,155724,543,206,579,231,561,218,155659
795,155725,99,165,117,200,108,182,155660
795,155726,362,21,384,66,373,43,155661
795,155727,208,316,231,347,219,331,155662
795,155728,300,52,321,85,310,68,155663
795,155729,246,52,268,80,257,66,155664
795,155730,609,0,638,21,623,10,155665
795,155731,276,285,301,307,288,296,155666
795,155732,271,75,291,105,281,90,155667
795,155733,497,30,523,57,510,43,155668
795,155734,574,69,610,95,592,82,155669
795,155735,261,177,281,210,271,193,155670
795,155736,611,48,637,75,624,61,155671
795,155737,294,225,313,255,303,240,155672
795,155738,119,89,137,114,128,101,155673
795,155739,233,84,256,107,244,95,155674
795,155740,36,120,54,142,45,131,155675
795,155741,71,129,88,155,79,142,155676
795,155742,57,97,80,121,68,109,155677
795,155743,229,50,250,74,239,62,155678
795,155744,199,12,220,34,209,23,155679
795,155745,232,6,258,27,245,16,155680
795,155746,37,158,55,177,46,167,155681
795,155747,40,88,56,114,48,101,155682
795,155748,486,254,514,277,500,265,155683
795,155749,289,23,317,41,303,32,155684
795,155750,125,0,187,22,156,11,155685
795,155751,53,17,66,51,59,34,155686
795,155752,181,68,201,94,191,81,155687
795,155753,195,56,212,80,203,68,155688
795,155754,313,128,336,153,324,140,155689
795,155755,306,98,334,121,320,109,155690
795,155756,511,0,540,14,525,7,155691
795,155757,541,155,572,182,556,168,155692
795,155758,348,63,376,85,362,74,155693
795,155759,29,244,43,262,36,253,155694
795,155760,45,235,64,253,54,244,155695
795,155761,31,275,47,299,39,287,155696
795,155762,436,73,469,94,452,83,155697
795,155763,416,18,435,45,425,31,155698
795,155764,217,0,231,8,224,4,155699
795,155765,512,301,541,319,526,310,155700
795,155766,581,10,607,23,594,16,155701
795,155767,397,11,416,33,406,22,155702
795,155768,384,9,399,27,391,18,155703
795,155769,66,20,81,41,73,30,155704
795,155770,437,47,460,69,448,58,155705
795,155771,181,252,200,268,190,260,155706
795,155772,163,0,178,4,170,2,155707
795,155773,340,263,359,284,349,273,155708
795,155774,428,292,450,308,439,300,155709
795,155775,186,233,216,254,201,243,155710
795,155776,201,275,219,294,210,284,155711
795,155777,184,215,204,232,194,223,155712
795,155778,526,329,550,341,538,335,155713
796,155779,443,0,533,73,488,36,155714
796,155780,539,247,571,274,555,260,155715
796,155781,596,233,621,263,608,248,155716
796,155782,468,183,490,229,479,206,155717
796,155783,597,127,623,165,610,146,155718
796,155784,266,0,345,52,305,26,155719
796,155785,381,121,402,156,391,138,155720
796,155786,529,70,557,95,543,82,155721
796,155787,417,113,442,145,429,129,155722
796,155788,60,164,81,186,70,175,155723
796,155789,543,206,579,231,561,218,155724
796,155790,99,165,117,200,108,182,155725
796,155791,362,21,384,66,373,43,155726
796,155792,208,316,231,347,219,331,155727
796,155793,300,52,321,85,310,68,155728
796,155794,246,52,268,80,257,66,155729
796,155795,609,0,638,21,623,10,155730
796,155796,276,286,301,306,288,296,155731
796,155797,271,75,291,105,281,90,155732
796,155798,497,30,523,57,510,43,155733
796,155799,574,69,610,95,592,82,155734
796,155800,261,177,281,210,271,193,155735
796,155801,611,48,637,75,624,61,155736
796,155802,294,225,313,255,303,240,155737
796,155803,119,89,137,114,128,101,155738
796,155804,233,84,256,107,244,95,155739
796,155805,36,120,54,142,45,131,155740
796,155806,71,129,88,155,79,142,155741
796,155807,57,97,80,121,68,109,155742
796,155808,229,50,250,74,239,62,155743
796,155809,199,12,220,34,209,23,155744
796,155810,232,6,258,27,245,16,155745
796,155811,37,158,55,177,46,167,155746
796,155812,40,88,56,114,48,101,155747
796,155813,486,254,514,277,500,265,155748
796,155814,289,23,317,41,303,32,155749
796,155815,125,0,187,22,156,11,155750
796,155816,53,17,66,51,59,34,155751
796,155817,181,68,201,94,191,81,155752
796,155818,195,56,212,80,203,68,155753
796,155819,313,128,336,153,324,140,155754
796,155820,306,98,334,121,320,109,155755
796,155821,511,0,540,14,525,7,155756
796,155822,541,155,572,182,556,168,155757
796,155823,348,63,376,85,362,74,155758
796,155824,29,244,43,262,36,253,155759
796,155825,45,235,64,253,54,244,155760
796,155826,31,275,47,299,39,287,155761
796,155827,435,73,469,93,452,83,155762
796,155828,416,18,435,45,425,31,155763
796,155829,217,0,231,8,224,4,155764
796,155830,515,301,544,319,529,310,155765
796,155831,581,10,607,23,594,16,155766
796,155832,397,11,416,33,406,22,155767
796,155833,384,9,399,27,391,18,155768
796,155834,66,20,81,41,73,30,155769
796,155835,437,47,460,69,448,58,155770
796,155836,181,252,200,268,190,260,155771
796,155837,163,0,178,4,170,2,155772
796,155838,340,263,359,284,349,273,155773
796,155839,428,292,450,308,439,300,155774
796,155840,186,233,216,253,201,243,155775
796,155841,201,275,219,294,210,284,155776
796,155842,184,215,204,232,194,223,155777
796,155843,527,329,550,341,538,335,155778
797,155844,443,0,533,73,488,36,155779
797,155845,539,247,571,274,555,260,155780
797,155846,596,233,621,263,608,248,155781
797,155847,468,183,490,229,479,206,155782
797,155848,597,127,623,165,610,146,155783
797,155849,266,0,345,52,305,26,155784
797,155850,381,121,402,156,391,138,155785
797,155851,529,70,557,95,543,82,155786
797,155852,417,113,442,145,429,129,155787
797,155853,60,164,81,186,70,175,155788
797,155854,543,206,579,231,561,218,155789
797,155855,99,165,117,200,108,182,155790
797,155856,362,21,384,66,373,43,155791
797,155857,208,316,231,347,219,331,155792
797,155858,300,52,321,85,310,68,155793
797,155859,246,52,268,80,257,66,155794
797,155860,609,0,638,21,623,10,155795
797,155861,276,286,301,306,288,296,155796
797,155862,271,75,291,105,281,90,155797
797,155863,497,30,523,57,510,43,155798
797,155864,574,69,610,95,592,82,155799
797,155865,261,177,281,210,271,193,155800
797,155866,611,48,637,75,624,61,155801
797,155867,294,225,313,255,303,240,155802
797,155868,119,89,137,114,128,101,155803
797,155869,233,84,256,107,244,95,155804
797,155870,36,120,54,142,45,131,155805
797,155871,71,129,88,155,79,142,155806
797,155872,57,97,80,121,68,109,155807
797,155873,229,50,250,74,239,62,155808
797,155874,199,12,220,34,209,23,155809
797,155875,232,6,258,27,245,16,155810
797,155876,37,158,55,177,46,167,155811
797,155877,40,88,56,114,48,101,155812
797,155878,486,254,514,277,500,265,155813
797,155879,289,23,317,41,303,32,155814
797,155880,125,0,187,22,156,11,155815
797,155881,53,17,66,51,59,34,155816
797,155882,181,68,201,94,191,81,155817
797,155883,195,56,212,80,203,68,155818
797,155884,313,128,336,153,324,140,155819
797,155885,306,98,334,121,320,109,155820
797,155886,511,0,540,14,525,7,155821
797,155887,541,155,572,182,556,168,155822
797,155888,348,63,376,85,362,74,155823
797,155889,29,244,43,262,36,253,155824
797,155890,46,235,64,253,55,244,155825
797,155891,31,275,47,299,39,287,155826
797,155892,432,71,467,92,449,81,155827
797,155893,416,18,435,46,425,32,155828
797,155894,217,0,231,8,224,4,155829
797,155895,519,300,547,318,533,309,155830
797,155896,581,10,607,23,594,16,155831
797,155897,397,11,416,33,406,22,155832
797,155898,384,9,399,27,391,18,155833
797,155899,66,20,81,41,73,30,155834
797,155900,437,47,460,69,448,58,155835
797,155901,181,252,200,268,190,260,155836
797,155902,163,0,178,4,170,2,155837
797,155903,340,263,359,284,349,273,155838
797,155904,428,292,450,308,439,300,155839
797,155905,201,275,219,294,210,284,155841
797,155906,185,215,204,232,194,223,155842
798,155907,443,0,533,73,488,36,155844
798,155908,539,247,571,274,555,260,155845
798,155909,596,233,621,263,608,248,155846
798,155910,468,183,490,229,479,206,155847
798,155911,597,127,623,165,610,146,155848
798,155912,266,0,345,52,305,26,155849
798,155913,381,121,402,156,391,138,155850
798,155914,529,70,557,95,543,82,155851
798,155915,417,113,442,145,429,129,155852
798,155916,60,164,81,186,70,175,155853
798,155917,543,206,579,231,561,218,155854
798,155918,99,165,117,200,108,182,155855
798,155919,362,21,384,66,373,43,155856
798,155920,208,316,231,347,219,331,155857
798,155921,300,52,321,85,310,68,155858
798,155922,246,52,268,80,257,66,155859
798,155923,609,0,638,21,623,10,155860
798,155924,276,286,301,307,288,296,155861
798,155925,271,75,291,105,281,90,155862
798,155926,497,30,523,57,510,43,155863
798,155927,574,69,610,95,592,82,155864
798,155928,261,177,281,210,271,193,155865
798,155929,611,48,637,75,624,61,155866
798,155930,294,226,313,255,303,240,155867
798,155931,119,89,137,114,128,101,155868
798,155932,233,84,256,107,244,95,155869
798,155933,36,120,54,142,45,131,155870
798,155934,71,129,88,155,79,142,155871
798,155935,57,97,80,121,68,109,155872
798,155936,229,50,250,74,239,62,155873
798,155937,199,12,220,34,209,23,155874
798,155938,231,6,258,27,244,16,155875
798,155939,37,158,55,177,46,167,155876
798,155940,40,88,56,114,48,101,155877
798,155941,486,254,514,277,500,265,155878
798,155942,289,23,317,41,303,32,155879
798,155943,125,0,187,22,156,11,155880
798,155944,53,18,66,51,59,34,155881
798,155945,181,67,201,94,191,80,155882
798,155946,195,56,212,80,203,68,155883
798,155947,314,128,336,153,325,140,155884
798,155948,306,98,334,121,320,109,155885
798,155949,510,0,540,14,525,7,155886
798,155950,541,155,572,182,556,168,155887
798,155951,348,63,376,85,362,74,155888
798,155952,29,244,43,262,36,253,155889
798,155953,48,236,66,253,57,244,155890
798,155954,31,275,47,299,39,287,155891
798,155955,430,70,465,91,447,80,155892
798,155956,416,17,435,46,425,31,155893
798,155957,217,0,231,8,224,4,155894
798,155958,525,300,552,318,538,309,155895
798,155959,581,10,607,23,594,16,155896
798,155960,397,11,416,33,406,22,155897
798,155961,384,9,399,27,391,18,155898
798,155962,66,20,81,41,73,30,155899
798,155963,437,47,460,69,448,58,155900
798,155964,163,0,178,4,170,2,155902
798,155965,340,263,359,284,349,273,155903
798,155966,428,292,450,308,439,300,155904
798,155967,201,275,219,294,210,284,155905
798,155968,185,216,204,231,194,223,155906
799,155969,443,0,533,73,488,36,155907
799,155970,539,247,571,274,555,260,155908
799,155971,596,233,621,263,608,248,155909
799,155972,468,183,490,229,479,206,155910
799,155973,597,127,623,165,610,146,155911
799,155974,266,0,345,51,305,25,155912
799,155975,381,121,402,156,391,138,155913
799,155976,529,70,557,95,543,82,155914
799,155977,417,113,442,145,429,129,155915
799,155978,60,164,81,186,70,175,155916
799,155979,543,206,579,231,561,218,155917
799,155980,99,165,116,200,107,182,155918
799,155981,362,21,384,66,373,43,155919
799,155982,208,316,231,347,219,331,155920
799,155983,300,52,321,85,310,68,155921
799,155984,246,52,268,80,257,66,155922
799,155985,609,0,638,21,623,10,155923
799,155986,275,286,301,307,288,296,155924
799,155987,271,75,291,105,281,90,155925
799,155988,497,30,523,57,510,43,155926
799,155989,574,69,610,95,592,82,155927
799,155990,261,177,281,210,271,193,155928
799,155991,611,48,638,75,624,61,155929
799,155992,294,226,313,255,303,240,155930
799,155993,119,89,137,114,128,101,155931
799,155994,233,84,256,107,244,95,155932
799,155995,36,120,54,142,45,131,155933
799,155996,71,129,88,155,79,142,155934
799,155997,57,97,80,121,68,109,155935
799,155998,229,50,250,74,239,62,155936
799,155999,199,12,220,34,209,23,155937
799,156000,231,6,258,27,244,16,155938
799,156001,37,158,55,177,46,167,155939
799,156002,40,88,56,114,48,101,155940
799,156003,486,254,514,277,500,265,155941
799,156004,289,23,317,41,303,32,155942
799,156005,125,0,187,22,156,11,155943
799,156006,53,17,66,51,59,34,155944
799,156007,181,67,201,94,191,80,155945
799,156008,195,56,212,80,203,68,155946
799,156009,314,128,336,153,325,140,155947
799,156010,306,98,334,121,320,109,155948
799,156011,510,0,540,14,525,7,155949
799,156012,541,155,572,182,556,168,155950
799,156013,348,63,376,85,362,74,155951
799,156014,29,244,42,262,35,253,155952
799,156015,49,236,67,253,58,244,155953
799,156016,31,275,47,299,39,287,155954
799,156017,428,68,463,90,445,79,155955
799,156018,416,17,435,46,425,31,155956
799,156019,217,0,231,8,224,4,155957
799,156020,530,301,559,319,544,310,155958
799,156021,581,10,607,23,594,16,155959
799,156022,397,11,416,33,406,22,155960
799,156023,384,9,399,27,391,18,155961
799,156024,66,20,81,41,73,30,155962
799,156025,437,47,460,69,448,58,155963
799,156026,163,0,178,4,170,2,155964
799,156027,340,264,360,284,350,274,155965
799,156028,428,292,450,308,439,300,155966
799,156029,201,275,219,294,210,284,155967
799,156030,185,216,204,231,194,223,155968
800,156031,444,0,533,73,488,36,155969
800,156032,539,247,571,274,555,260,155970
800,156033,596,233,621,263,608,248,155971
800,156034,468,183,490,228,479,205,155972
800,156035,596,127,623,165,609,146,155973
800,156036,266,0,346,51,306,25,155974
800,156037,381,121,403,156,392,138,155975
800,156038,529,70,557,95,543,82,155976
800,156039,417,113,441,145,429,129,155977
800,156040,60,164,82,186,71,175,155978
800,156041,543,207,578,231,560,219,155979
800,156042,99,165,116,200,107,182,155980
800,156043,362,21,384,66,373,43,155981
800,156044,208,317,231,348,219,332,155982
800,156045,300,52,322,85,311,68,155983
800,156046,246,52,267,81,256,66,155984
800,156047,609,0,638,21,623,10,155985
800,156048,275,287,301,308,288,297,155986
800,156049,271,75,291,105,281,90,155987
800,156050,497,30,523,57,510,43,155988
800,156051,573,69,610,96,591,82,155989
800,156052,261,177,281,210,271,193,155990
800,156053,611,47,637,75,624,61,155991
800,156054,293,227,313,255,303,241,155992
800,156055,119,89,137,114,128,101,155993
800,156056,233,84,256,107,244,95,155994
800,156057,36,120,54,142,45,131,155995
800,156058,71,128,88,155,79,141,155996
800,156059,57,98,79,122,68,110,155997
800,156060,228,50,250,74,239,62,155998
800,156061,200,12,220,35,210,23,155999
800,156062,231,6,259,27,245,16,156000
800,156063,37,158,55,177,46,167,156001
800,156064,40,88,56,114,48,101,156002
800,156065,486,253,514,277,500,265,156003
800,156066,290,23,317,41,303,32,156004
800,156067,124,0,187,23,155,11,156005
800,156068,53,19,67,52,60,35,156006
800,156069,181,68,201,94,191,81,156007
800,156070,195,56,212,80,203,68,156008
800,156071,313,128,336,153,324,140,156009
800,156072,306,98,334,121,320,109,156010
800,156073,510,0,541,15,525,7,156011
800,156074,542,155,572,182,557,168,156012
800,156075,348,63,376,86,362,74,156013
800,156076,29,244,42,262,35,253,156014
800,156077,49,236,68,253,58,244,156015
800,156078,31,275,47,299,39,287,156016
800,156079,428,67,461,89,444,78,156017
800,156080,417,17,435,46,426,31,156018
800,156081,217,0,230,8,223,4,156019
800,156082,536,301,565,320,550,310,156020
800,156083,581,10,607,22,594,16,156021
800,156084,397,11,417,33,407,22,156022
800,156085,384,9,398,28,391,18,156023
800,156086,66,20,81,41,73,30,156024
800,156087,437,48,460,70,448,59,156025
800,156088,340,264,360,283,350,273,156027
800,156089,428,292,449,308,438,300,156028
800,156090,186,216,204,232,195,224,156030
800,156091,186,232,215,253,200,242,
800,156092,182,253,200,268,191,260,
801,156093,444,0,533,73,488,36,156031
801,156094,539,247,571,274,555,260,156032
801,156095,596,233,621,263,608,248,156033
801,156096,468,183,490,228,479,205,156034
801,156097,596,127,623,165,609,146,156035
801,156098,266,0,346,51,306,25,156036
801,156099,381,121,403,156,392,138,156037
801,156100,529,70,557,96,543,83,156038
801,156101,416,113,441,145,428,129,156039
801,156102,60,164,82,186,71,175,156040
801,156103,543,207,578,231,560,219,156041
801,156104,99,165,116,200,107,182,156042
801,156105,362,21,384,66,373,43,156043
801,156106,208,317,231,348,219,332,156044
801,156107,300,52,322,85,311,68,156045
801,156108,246,52,267,81,256,66,156046
801,156109,609,0,638,21,623,10,156047
801,156110,275,287,301,308,288,297,156048
801,156111,271,75,291,105,281,90,156049
801,156112,497,30,523,57,510,43,156050
801,156113,573,68,610,96,591,82,156051
801,156114,261,177,281,210,271,193,156052
801,156115,611,47,637,75,624,61,156053
801,156116,293,227,313,255,303,241,156054
801,156117,119,89,138,114,128,101,156055
801,156118,233,84,256,107,244,95,156056
801,156119,36,120,54,141,45,130,156057
801,156120,71,128,88,155,79,141,156058
801,156121,57,98,78,122,67,110,156059
801,156122,228,50,250,74,239,62,156060
801,156123,200,12,220,35,210,23,156061
801,156124,231,6,259,27,245,16,156062
801,156125,37,158,55,178,46,168,156063
801,156126,40,87,56,114,48,100,156064
801,156127,486,253,514,277,500,265,156065
801,156128,290,23,317,41,303,32,156066
801,156129,124,0,187,23,155,11,156067
801,156130,53,19,67,53,60,36,156068
801,156131,181,68,201,94,191,81,156069
801,156132,195,56,212,80,203,68,156070
801,156133,313,128,336,153,324,140,156071
801,156134,306,98,334,121,320,109,156072
801,156135,510,0,541,15,525,7,156073
801,156136,542,155,572,182,557,168,156074
801,156137,348,63,376,86,362,74,156075
801,156138,29,244,42,262,35,253,156076
801,156139,49,235,68,253,58,244,156077
801,156140,31,275,47,299,39,287,156078
801,156141,428,67,461,88,444,77,156079
801,156142,417,17,435,46,426,31,156080
801,156143,217,0,230,9,223,4,156081
801,156144,538,302,567,321,552,311,156082
801,156145,581,10,607,22,594,16,156083
801,156146,397,11,417,33,407,22,156084
801,156147,384,9,398,28,391,18,156085
801,156148,66,20,82,41,74,30,156086
801,156149,437,48,460,70,448,59,156087
801,156150,340,264,360,283,350,273,156088
801,156151,428,292,449,308,438,300,156089
801,156152,186,216,204,232,195,224,156090
801,156153,186,232,215,253,200,242,156091
801,156154,182,253,200,268,191,260,156092
802,156155,444,0,533,73,488,36,156093
802,156156,539,247,571,274,555,260,156094
802,156157,596,234,621,263,608,248,156095
802,156158,468,183,490,228,479,205,156096
802,156159,596,127,623,165,609,146,156097
802,156160,266,0,346,51,306,25,156098
802,156161,381,121,403,157,392,139,156099
802,156162,529,70,557,95,543,82,156100
802,156163,416,113,441,145,428,129,156101
802,156164,60,164,82,186,71,175,156102
802,156165,543,207,578,231,560,219,156103
802,156166,99,165,116,200,107,182,156104
802,156167,362,21,384,66,373,43,156105
802,156168,208,317,231,348,219,332,156106
802,156169,300,52,322,85,311,68,156107
802,156170,246,52,267,81,256,66,156108
802,156171,609,0,638,21,623,10,156109
802,156172,274,287,301,308,287,297,156110
802,156173,271,75,291,105,281,90,156111
802,156174,497,30,523,57,510,43,156112
802,156175,573,68,610,96,591,82,156113
802,156176,261,177,281,210,271,193,156114
802,156177,611,47,638,75,624,61,156115
802,156178,293,227,313,255,303,241,156116
802,156179,119,89,138,114,128,101,156117
802,156180,233,84,256,107,244,95,156118
802,156181,36,120,54,141,45,130,156119
802,156182,71,128,88,155,79,141,156120
802,156183,57,98,78,122,67,110,156121
802,156184,228,50,250,74,239,62,156122
802,156185,200,12,220,35,210,23,156123
802,156186,230,6,259,27,244,16,156124
802,156187,37,158,55,178,46,168,156125
802,156188,40,88,56,114,48,101,156126
802,156189,486,253,514,277,500,265,156127
802,156190,290,23,317,41,303,32,156128
802,156191,124,0,187,23,155,11,156129
802,156192,53,19,67,53,60,36,156130
802,156193,181,68,201,94,191,81,156131
802,156194,195,56,212,80,203,68,156132
802,156195,313,128,336,153,324,140,156133
802,156196,306,98,334,121,320,109,156134
802,156197,510,0,541,15,525,7,156135
802,156198,542,155,572,182,557,168,156136
802,156199,347,63,376,86,361,74,156137
802,156200,29,244,42,262,35,253,156138
802,156201,49,235,68,254,58,244,156139
802,156202,31,275,47,299,39,287,156140
802,156203,428,67,460,88,444,77,156141
802,156204,417,17,435,46,426,31,156142
802,156205,217,0,230,9,223,4,156143
802,156206,539,302,567,321,553,311,156144
802,156207,581,10,607,22,594,16,156145
802,156208,397,11,417,33,407,22,156146
802,156209,384,9,398,28,391,18,156147
802,156210,66,20,82,41,74,30,156148
802,156211,437,48,460,70,448,59,156149
802,156212,340,264,360,284,350,274,156150
802,156213,428,292,450,308,439,300,156151
802,156214,186,216,204,232,195,224,156152
802,156215,186,232,215,253,200,242,156153
803,156216,444,0,534,73,489,36,156155
803,156217,539,247,571,274,555,260,156156
803,156218,596,234,621,263,608,248,156157
803,156219,468,183,490,228,479,205,156158
803,156220,596,127,623,165,609,146,156159
803,156221,267,0,346,51,306,25,156160
803,156222,381,121,403,157,392,139,156161
803,156223,529,70,557,95,543,82,156162
803,156224,416,113,441,145,428,129,156163
803,156225,60,164,82,186,71,175,156164
803,156226,543,207,578,231,560,219,156165
803,156227,99,165,116,201,107,183,156166
803,156228,362,21,384,66,373,43,156167
803,156229,208,317,231,348,219,332,156168
803,156230,300,52,322,85,311,68,156169
803,156231,246,52,267,81,256,66,156170
803,156232,609,0,638,21,623,10,156171
803,156233,275,287,301,309,288,298,156172
803,156234,271,75,291,105,281,90,156173
803,156235,498,29,523,57,510,43,156174
803,156236,573,68,610,96,591,82,156175
803,156237,261,177,281,210,271,193,156176
803,156238,611,47,638,75,624,61,156177
803,156239,293,228,313,255,303,241,156178
803,156240,119,89,138,114,128,101,156179
803,156241,233,84,256,107,244,95,156180
803,156242,36,120,54,142,45,131,156181
803,156243,72,128,88,156,80,142,156182
803,156244,57,98,78,122,67,110,156183
803,156245,228,50,250,74,239,62,156184
803,156246,200,12,220,35,210,23,156185
803,156247,230,6,259,27,244,16,156186
803,156248,37,158,55,178,46,168,156187
803,156249,40,87,56,114,48,100,156188
803,156250,486,253,514,277,500,265,156189
803,156251,290,23,317,41,303,32,156190
803,156252,124,0,187,23,155,11,156191
803,156253,53,19,67,53,60,36,156192
803,156254,181,68,201,94,191,81,156193
803,156255,195,56,212,80,203,68,156194
803,156256,313,128,336,153,324,140,156195
803,156257,306,98,334,121,320,109,156196
803,156258,510,0,541,14,525,7,156197
803,156259,542,155,572,182,557,168,156198
803,156260,347,63,376,86,361,74,156199
803,156261,29,244,42,262,35,253,156200
803,156262,49,234,69,254,59,244,156201
803,156263,31,275,47,299,39,287,156202
803,156264,428,67,460,88,444,77,156203
803,156265,417,17,435,46,426,31,156204
803,156266,217,0,230,9,223,4,156205
803,156267,543,303,569,321,556,312,156206
803,156268,581,10,607,22,594,16,156207
803,156269,397,11,417,33,407,22,156208
803,156270,384,9,398,28,391,18,156209
803,156271,66,20,82,41,74,30,156210
803,156272,437,48,460,70,448,59,156211
803,156273,340,264,361,282,350,273,156212
803,156274,428,292,450,308,439,300,156213
803,156275,186,216,205,232,195,224,156214
803,156276,186,232,215,253,200,242,156215
803,156277,322,1,339,13,330,7,
803,156278,182,253,200,268,191,260,
804,156279,444,0,534,73,489,36,156216
804,156280,539,247,571,274,555,260,156217
804,156281,596,233,621,263,608,248,156218
804,156282,468,183,490,228,479,205,156219
804,156283,596,127,623,165,609,146,156220
804,156284,267,0,346,51,306,25,156221
804,156285,381,121,403,157,392,139,156222
804,156286,529,70,557,96,543,83,156223
804,156287,416,113,441,145,428,129,156224
804,156288,60,164,82,186,71,175,156225
804,156289,543,207,578,231,560,219,156226
804,156290,99,165,116,201,107,183,156227
804,156291,362,21,384,66,373,43,156228
804,156292,208,317,231,348,219,332,156229
804,156293,300,52,322,85,311,68,156230
804,156294,246,52,267,81,256,66,156231
804,156295,609,0,638,21,623,10,156232
804,156296,274,287,301,309,287,298,156233
804,156297,271,75,291,105,281,90,156234
804,156298,498,29,523,57,510,43,156235
804,156299,573,69,610,96,591,82,156236
804,156300,261,177,281,210,271,193,156237
804,156301,611,47,637,75,624,61,156238
804,156302,293,228,313,255,303,241,156239
804,156303,119,89,138,114,128,101,156240
804,156304,233,84,256,107,244,95,156241
804,156305,36,120,54,142,45,131,156242
804,156306,72,128,88,156,80,142,156243
804,156307,57,98,76,122,66,110,156244
804,156308,228,50,250,74,239,62,156245
804,156309,200,12,220,34,210,23,156246
804,156310,230,6,259,27,244,16,156247
804,156311,37,158,55,178,46,168,156248
804,156312,40,87,56,114,48,100,156249
804,156313,486,253,514,277,500,265,156250
804,156314,290,23,317,41,303,32,156251
804,156315,125,0,188,23,156,11,156252
804,156316,53,19,67,53,60,36,156253
804,156317,181,68,201,94,191,81,156254
804,156318,195,56,212,80,203,68,156255
804,156319,313,128,336,153,324,140,156256
804,156320,306,98,334,121,320,109,156257
804,156321,510,0,541,15,525,7,156258
804,156322,542,155,572,182,557,168,156259
804,156323,347,63,376,86,361,74,156260
804,156324,29,244,42,262,35,253,156261
804,156325,50,234,68,254,59,244,156262
804,156326,31,275,47,299,39,287,156263
804,156327,427,67,458,88,442,77,156264
804,156328,417,17,435,46,426,31,156265
804,156329,218,0,230,9,224,4,156266
804,156330,551,304,581,322,566,313,
804,156331,581,10,607,22,594,16,156268
804,156332,397,11,417,34,407,22,156269
804,156333,384,9,398,29,391,19,156270
804,156334,66,20,81,41,73,30,156271
804,156335,437,47,461,70,449,58,156272
804,156336,340,264,361,282,350,273,156273
804,156337,428,292,450,308,439,300,156274
804,156338,186,216,204,232,195,224,156275
804,156339,185,232,215,254,200,243,156276
804,156340,321,1,339,14,330,7,156277
804,156341,182,253,200,268,191,260,156278
805,156342,444,0,534,73,489,36,156279
805,156343,539,247,571,274,555,260,156280
805,156344,596,233,621,263,608,248,156281
805,156345,468,183,490,228,479,205,156282
805,156346,596,127,623,165,609,146,156283
805,156347,267,0,346,51,306,25,156284
805,156348,381,121,403,157,392,139,156285
805,156349,529,70,557,96,543,83,156286
805,156350,416,113,441,145,428,129,156287
805,156351,60,164,82,186,71,175,156288
805,156352,543,207,578,231,560,219,156289
805,156353,99,165,116,201,107,183,156290
805,156354,362,21,384,66,373,43,156291
805,156355,208,317,231,348,219,332,156292
805,156356,300,52,321,85,310,68,156293
805,156357,246,52,267,81,256,66,156294
805,156358,609,0,638,21,623,10,156295
805,156359,274,288,302,309,288,298,156296
805,156360,271,75,291,105,281,90,156297
805,156361,499,29,523,57,511,43,156298
805,156362,573,68,610,96,591,82,156299
805,156363,261,177,281,210,271,193,156300
805,156364,611,47,637,75,624,61,156301
805,156365,293,228,313,255,303,241,156302
805,156366,119,89,138,114,128,101,156303
805,156367,233,84,256,107,244,95,156304
805,156368,36,120,54,142,45,131,156305
805,156369,72,128,88,156,80,142,156306
805,156370,57,98,76,122,66,110,156307
805,156371,228,50,250,74,239,62,156308
805,156372,200,12,220,34,210,23,156309
805,156373,230,5,259,27,244,16,156310
805,156374,37,158,55,178,46,168,156311
805,156375,40,87,56,114,48,100,156312
805,156376,486,253,514,277,500,265,156313
805,156377,290,23,318,41,304,32,156314
805,156378,124,0,188,23,156,11,156315
805,156379,53,19,67,53,60,36,156316
805,156380,181,68,201,94,191,81,156317
805,156381,195,56,212,80,203,68,156318
805,156382,313,128,336,153,324,140,156319
805,156383,306,98,334,121,320,109,156320
805,156384,510,0,541,15,525,7,156321
805,156385,542,155,572,182,557,168,156322
805,156386,347,63,376,86,361,74,156323
805,156387,29,244,42,262,35,253,156324
805,156388,50,233,68,254,59,243,156325
805,156389,31,275,47,299,39,287,156326
805,156390,424,67,457,88,440,77,156327
805,156391,417,17,435,46,426,31,156328
805,156392,218,0,230,8,224,4,156329
805,156393,559,305,587,324,573,314,
805,156394,582,10,607,22,594,16,156331
805,156395,397,11,417,34,407,22,156332
805,156396,384,8,398,28,391,18,156333
805,156397,66,20,81,41,73,30,156334
805,156398,438,47,461,70,449,58,156335
805,156399,340,264,361,281,350,272,156336
805,156400,428,292,450,308,439,300,156337
805,156401,186,216,204,232,195,224,156338
805,156402,186,233,216,254,201,243,156339
805,156403,321,1,340,14,330,7,156340
805,156404,182,252,201,268,191,260,156341
806,156405,444,0,534,73,489,36,156342
806,156406,539,247,571,274,555,260,156343
806,156407,596,233,621,263,608,248,156344
806,156408,468,183,490,228,479,205,156345
806,156409,596,127,623,165,609,146,156346
806,156410,267,0,346,52,306,26,156347
806,156411,381,121,402,157,391,139,156348
806,156412,529,70,557,96,543,83,156349
806,156413,416,113,441,145,428,129,156350
806,156414,60,164,82,186,71,175,156351
806,156415,543,207,578,231,560,219,156352
806,156416,99,165,116,200,107,182,156353
806,156417,362,21,384,66,373,43,156354
806,156418,208,317,231,348,219,332,156355
806,156419,300,52,321,85,310,68,156356
806,156420,246,52,267,81,256,66,156357
806,156421,609,0,638,21,623,10,156358
806,156422,274,288,302,309,288,298,156359
806,156423,271,75,291,105,281,90,156360
806,156424,499,28,524,58,511,43,156361
806,156425,573,69,610,96,591,82,156362
806,156426,261,177,281,210,271,193,156363
806,156427,611,47,637,75,624,61,156364
806,156428,293,229,313,255,303,242,156365
806,156429,119,89,138,114,128,101,156366
806,156430,233,84,256,107,244,95,156367
806,156431,36,120,54,142,45,131,156368
806,156432,72,128,88,156,80,142,156369
806,156433,57,98,75,122,66,110,156370
806,156434,228,50,250,74,239,62,156371
806,156435,200,12,220,34,210,23,156372
806,156436,230,5,259,27,244,16,156373
806,156437,37,158,55,178,46,168,156374
806,156438,40,87,56,114,48,100,156375
806,156439,486,253,514,277,500,265,156376
806,156440,290,23,319,41,304,32,156377
806,156441,124,0,188,23,156,11,156378
806,156442,53,19,67,53,60,36,156379
806,156443,181,68,201,94,191,81,156380
806,156444,195,56,212,80,203,68,156381
806,156445,313,128,336,153,324,140,156382
806,156446,306,98,334,121,320,109,156383
806,156447,510,0,541,14,525,7,156384
806,156448,542,155,572,182,557,168,156385
806,156449,347,62,376,86,361,74,156386
806,156450,29,244,42,262,35,253,156387
806,156451,50,233,69,253,59,243,156388
806,156452,31,275,47,300,39,287,156389
806,156453,422,68,455,89,438,78,156390
806,156454,416,17,435,46,425,31,156391
806,156455,218,0,230,8,224,4,156392
806,156456,566,306,595,325,580,315,
806,156457,581,10,607,22,594,16,156394
806,156458,397,11,417,34,407,22,156395
806,156459,384,8,398,28,391,18,156396
806,156460,66,20,81,41,73,30,156397
806,156461,438,47,461,70,449,58,156398
806,156462,340,264,360,282,350,273,156399
806,156463,428,292,450,308,439,300,156400
806,156464,186,217,204,232,195,224,156401
806,156465,186,233,216,254,201,243,156402
806,156466,321,1,339,14,330,7,156403
806,156467,450,301,476,317,463,309,
806,156468,164,0,179,4,171,2,
807,156469,444,0,534,73,489,36,156405
807,156470,539,247,571,274,555,260,156406
807,156471,596,233,621,263,608,248,156407
807,156472,468,183,490,228,479,205,156408
807,156473,596,127,623,165,609,146,156409
807,156474,266,1,346,52,306,26,156410
807,156475,381,121,402,157,391,139,156411
807,156476,529,70,557,96,543,83,156412
807,156477,416,113,441,145,428,129,156413
807,156478,60,164,82,186,71,175,156414
807,156479,543,207,578,231,560,219,156415
807,156480,99,165,116,200,107,182,156416
807,156481,362,21,384,66,373,43,156417
807,156482,208,317,231,348,219,332,156418
807,156483,300,52,321,85,310,68,156419
807,156484,246,52,267,81,256,66,156420
807,156485,609,0,638,21,623,10,156421
807,156486,274,289,302,309,288,299,156422
807,156487,271,75,291,105,281,90,156423
807,156488,499,28,524,58,511,43,156424
807,156489,573,69,610,96,591,82,156425
807,156490,261,177,281,210,271,193,156426
807,156491,611,47,637,75,624,61,156427
807,156492,292,229,313,255,302,242,156428
807,156493,119,89,138,114,128,101,156429
807,156494,233,84,256,107,244,95,156430
807,156495,36,120,54,142,45,131,156431
807,156496,72,128,88,156,80,142,156432
807,156497,57,98,75,121,66,109,156433
807,156498,228,50,250,74,239,62,156434
807,156499,200,12,220,34,210,23,156435
807,156500,230,5,259,27,244,16,156436
807,156501,37,158,55,178,46,168,156437
807,156502,40,87,56,114,48,100,156438
807,156503,486,253,514,277,500,265,156439
807,156504,290,23,319,41,304,32,156440
807,156505,124,0,188,23,156,11,156441
807,156506,53,19,67,53,60,36,156442
807,156507,181,68,201,94,191,81,156443
807,156508,195,56,212,80,203,68,156444
807,156509,313,128,336,153,324,140,156445
807,156510,306,98,334,121,320,109,156446
807,156511,510,0,541,14,525,7,156447
807,156512,542,155,572,182,557,168,156448
807,156513,348,62,376,86,362,74,156449
807,156514,29,244,42,262,35,253,156450
807,156515,50,232,69,253,59,242,156451
807,156516,31,275,47,300,39,287,156452
807,156517,420,68,453,89,436,78,156453
807,156518,416,18,435,46,425,32,156454
807,156519,218,0,230,8,224,4,156455
807,156520,572,308,602,327,587,317,
807,156521,582,10,607,22,594,16,156457
807,156522,397,11,417,34,407,22,156458
807,156523,384,8,398,28,391,18,156459
807,156524,66,20,81,41,73,30,156460
807,156525,438,47,460,70,449,58,156461
807,156526,340,264,360,282,350,273,156462
807,156527,428,292,450,308,439,300,156463
807,156528,186,217,204,233,195,225,156464
807,156529,186,233,216,254,201,243,156465
807,156530,321,1,339,14,330,7,156466
807,156531,164,0,179,4,171,2,156468
807,156532,182,252,201,268,191,260,
808,156533,444,0,534,73,489,36,156469
808,156534,539,247,571,274,555,260,156470
808,156535,596,233,621,263,608,248,156471
808,156536,468,183,490,228,479,205,156472
808,156537,596,127,623,165,609,146,156473
808,156538,266,1,346,52,306,26,156474
808,156539,381,121,402,157,391,139,156475
808,156540,529,70,557,96,543,83,156476
808,156541,416,113,441,145,428,129,156477
808,156542,60,164,82,186,71,175,156478
808,156543,543,207,578,231,560,219,156479
808,156544,99,165,116,200,107,182,156480
808,156545,362,21,384,66,373,43,156481
808,156546,208,317,231,348,219,332,156482
808,156547,300,52,321,85,310,68,156483
808,156548,246,52,267,81,256,66,156484
808,156549,609,0,638,21,623,10,156485
808,156550,274,289,302,309,288,299,156486
808,156551,271,75,291,105,281,90,156487
808,156552,499,28,524,58,511,43,156488
808,156553,573,69,610,96,591,82,156489
808,156554,261,177,281,210,271,193,156490
808,156555,611,47,637,75,624,61,156491
808,156556,292,229,313,255,302,242,156492
808,156557,119,89,138,114,128,101,156493
808,156558,233,84,256,107,244,95,156494
808,156559,36,120,54,142,45,131,156495
808,156560,72,128,88,156,80,142,156496
808,156561,57,98,74,121,65,109,156497
808,156562,228,50,250,74,239,62,156498
808,156563,200,12,221,34,210,23,156499
808,156564,230,5,259,27,244,16,156500
808,156565,37,158,55,178,46,168,156501
808,156566,40,87,56,114,48,100,156502
808,156567,486,253,514,277,500,265,156503
808,156568,290,23,319,41,304,32,156504
808,156569,124,0,188,23,156,11,156505
808,156570,53,19,67,53,60,36,156506
808,156571,181,68,201,94,191,81,156507
808,156572,195,56,212,80,203,68,156508
808,156573,313,128,336,153,324,140,156509
808,156574,306,98,334,121,320,109,156510
808,156575,510,0,541,14,525,7,156511
808,156576,542,155,572,182,557,168,156512
808,156577,347,62,376,86,361,74,156513
808,156578,29,244,43,262,36,253,156514
808,156579,50,232,69,252,59,242,156515
808,156580,31,275,47,300,39,287,156516
808,156581,419,68,452,89,435,78,156517
808,156582,416,18,435,46,425,32,156518
808,156583,218,0,230,8,224,4,156519
808,156584,574,308,604,328,589,318,156520
808,156585,581,10,607,22,594,16,156521
808,156586,397,11,417,34,407,22,156522
808,156587,384,8,398,28,391,18,156523
808,156588,66,20,81,41,73,30,156524
808,156589,438,47,460,70,449,58,156525
808,156590,340,264,360,282,350,273,156526
808,156591,428,292,450,308,439,300,156527
808,156592,186,217,204,233,195,225,156528
808,156593,186,233,216,254,201,243,156529
808,156594,321,1,339,14,330,7,156530
808,156595,164,0,179,4,171,2,156531
808,156596,182,252,201,268,191,260,156532
809,156597,444,0,534,73,489,36,156533
809,156598,539,247,571,274,555,260,156534
809,156599,596,233,621,263,608,248,156535
809,156600,468,183,490,228,479,205,156536
809,156601,596,127,623,165,609,146,156537
809,156602,266,1,346,52,306,26,156538
809,156603,381,121,402,157,391,139,156539
809,156604,529,70,557,96,543,83,156540
809,156605,416,113,441,145,428,129,156541
809,156606,60,164,82,186,71,175,156542
809,156607,543,207,578,231,560,219,156543
809,156608,99,165,116,200,107,182,156544
809,156609,362,21,384,66,373,43,156545
809,156610,208,317,231,348,219,332,156546
809,156611,300,52,321,85,310,68,156547
809,156612,246,52,267,81,256,66,156548
809,156613,609,0,638,21,623,10,156549
809,156614,274,289,302,309,288,299,156550
809,156615,271,75,291,105,281,90,156551
809,156616,500,27,524,58,512,42,156552
809,156617,573,69,610,96,591,82,156553
809,156618,261,177,281,210,271,193,156554
809,156619,611,47,637,75,624,61,156555
809,156620,292,229,313,255,302,242,156556
809,156621,119,89,138,114,128,101,156557
809,156622,233,84,256,107,244,95,156558
809,156623,36,120,54,142,45,131,156559
809,156624,72,128,88,156,80,142,156560
809,156625,57,98,74,121,65,109,156561
809,156626,228,50,250,74,239,62,156562
809,156627,200,12,221,34,210,23,156563
809,156628,230,5,259,27,244,16,156564
809,156629,37,158,55,178,46,168,156565
809,156630,40,87,56,114,48,100,156566
809,156631,486,253,514,277,500,265,156567
809,156632,290,23,319,41,304,32,156568
809,156633,124,0,188,23,156,11,156569
809,156634,53,19,67,53,60,36,156570
809,156635,181,68,201,94,191,81,156571
809,156636,195,56,212,80,203,68,156572
809,156637,313,128,336,153,324,140,156573
809,156638,306,98,334,121,320,109,156574
809,156639,510,0,541,14,525,7,156575
809,156640,542,155,572,182,557,168,156576
809,156641,348,62,376,86,362,74,156577
809,156642,29,244,42,262,35,253,156578
809,156643,49,232,69,252,59,242,156579
809,156644,31,275,47,300,39,287,156580
809,156645,418,68,451,90,434,79,156581
809,156646,416,18,435,46,425,32,156582
809,156647,218,0,229,8,223,4,156583
809,156648,579,310,607,330,593,320,156584
809,156649,581,9,608,22,594,15,156585
809,156650,397,11,417,34,407,22,156586
809,156651,384,8,399,28,391,18,156587
809,156652,66,20,81,41,73,30,156588
809,156653,438,47,460,70,449,58,156589
809,156654,340,264,360,281,350,272,156590
809,156655,428,292,450,308,439,300,156591
809,156656,186,217,205,233,195,225,156592
809,156657,185,233,216,254,200,243,156593
809,156658,322,1,339,14,330,7,156594
809,156659,164,0,179,4,171,2,156595
809,156660,450,302,476,318,463,310,
810,156661,444,0,534,73,489,36,156597
810,156662,539,247,571,274,555,260,156598
810,156663,596,233,621,263,608,248,156599
810,156664,468,183,490,228,479,205,156600
810,156665,596,127,623,165,609,146,156601
810,156666,266,1,346,52,306,26,156602
810,156667,381,121,402,157,391,139,156603
810,156668,529,70,557,96,543,83,156604
810,156669,416,113,441,145,428,129,156605
810,156670,60,164,82,186,71,175,156606
810,156671,543,207,578,231,560,219,156607
810,156672,99,165,116,200,107,182,156608
810,156673,362,21,384,66,373,43,156609
810,156674,208,317,231,348,219,332,156610
810,156675,300,52,321,85,310,68,156611
810,156676,246,52,267,81,256,66,156612
810,156677,609,0,638,21,623,10,156613
810,156678,273,289,302,309,287,299,156614
810,156679,271,75,291,105,281,90,156615
810,156680,500,27,524,58,512,42,156616
810,156681,573,69,610,96,591,82,156617
810,156682,261,177,281,210,271,193,156618
810,156683,611,47,637,75,624,61,156619
810,156684,292,229,313,255,302,242,156620
810,156685,119,89,138,114,128,101,156621
810,156686,233,84,256,107,244,95,156622
810,156687,36,120,54,142,45,131,156623
810,156688,72,128,88,156,80,142,156624
810,156689,57,98,74,121,65,109,156625
810,156690,228,50,250,74,239,62,156626
810,156691,200,12,221,34,210,23,156627
810,156692,230,5,259,27,244,16,156628
810,156693,37,158,55,178,46,168,156629
810,156694,40,87,56,114,48,100,156630
810,156695,486,253,514,277,500,265,156631
810,156696,290,23,319,41,304,32,156632
810,156697,124,0,188,23,156,11,156633
810,156698,53,19,67,53,60,36,156634
810,156699,181,68,201,94,191,81,156635
810,156700,195,56,212,80,203,68,156636
810,156701,313,128,336,153,324,140,156637
810,156702,306,98,334,121,320,109,156638
810,156703,510,0,541,14,525,7,156639
810,156704,542,155,572,182,557,168,156640
810,156705,347,62,376,86,361,74,156641
810,156706,29,244,42,262,35,253,156642
810,156707,49,231,69,252,59,241,156643
810,156708,31,275,47,300,39,287,156644
810,156709,418,68,449,90,433,79,156645
810,156710,416,18,435,46,425,32,156646
810,156711,218,0,229,8,223,4,156647
810,156712,583,312,611,332,597,322,156648
810,156713,582,9,608,22,595,15,156649
810,156714,397,11,417,33,407,22,156650
810,156715,384,8,398,28,391,18,156651
810,156716,66,20,81,41,73,30,156652
810,156717,437,47,460,70,448,58,156653
810,156718,340,264,360,281,350,272,156654
810,156719,428,292,450,309,439,300,156655
810,156720,186,217,205,233,195,225,156656
810,156721,185,233,216,254,200,243,156657
810,156722,322,1,339,14,330,7,156658
810,156723,164,0,179,4,171,2,156659
810,156724,449,303,475,321,462,312,156660
811,156725,444,0,534,73,489,36,156661
811,156726,539,247,571,274,555,260,156662
811,156727,596,233,621,263,608,248,156663
811,156728,468,183,490,228,479,205,156664
811,156729,596,127,623,165,609,146,156665
811,156730,267,1,346,52,306,26,156666
811,156731,381,121,402,157,391,139,156667
811,156732,529,70,557,95,543,82,156668
811,156733,416,113,441,145,428,129,156669
811,156734,60,164,82,186,71,175,156670
811,156735,543,207,578,231,560,219,156671
811,156736,99,165,116,200,107,182,156672
811,156737,363,21,384,66,373,43,156673
811,156738,208,317,231,348,219,332,156674
811,156739,300,52,321,85,310,68,156675
811,156740,246,52,267,81,256,66,156676
811,156741,609,0,638,21,623,10,156677
811,156742,273,290,303,309,288,299,156678
811,156743,271,75,291,105,281,90,156679
811,156744,501,28,524,58,512,43,156680
811,156745,574,68,610,96,592,82,156681
811,156746,261,177,281,210,271,193,156682
811,156747,611,47,637,75,624,61,156683
811,156748,292,228,313,255,302,241,156684
811,156749,119,89,138,114,128,101,156685
811,156750,233,84,256,107,244,95,156686
811,156751,36,120,54,141,45,130,156687
811,156752,72,128,88,156,80,142,156688
811,156753,57,98,74,121,65,109,156689
811,156754,228,50,250,74,239,62,156690
811,156755,200,12,220,35,210,23,156691
811,156756,230,5,259,27,244,16,156692
811,156757,37,158,55,178,46,168,156693
811,156758,40,87,56,114,48,100,156694
811,156759,486,253,514,277,500,265,156695
811,156760,290,23,318,41,304,32,156696
811,156761,124,0,188,23,156,11,156697
811,156762,53,20,67,53,60,36,156698
811,156763,181,68,201,94,191,81,156699
811,156764,195,56,212,80,203,68,156700
811,156765,313,128,336,153,324,140,156701
811,156766,306,98,334,121,320,109,156702
811,156767,510,0,541,14,525,7,156703
811,156768,542,155,572,182,557,168,156704
811,156769,348,62,376,86,362,74,156705
811,156770,29,244,42,262,35,253,156706
811,156771,49,231,69,251,59,241,156707
811,156772,31,274,48,300,39,287,156708
811,156773,418,68,448,90,433,79,156709
811,156774,416,18,435,46,425,32,156710
811,156775,218,0,229,8,223,4,156711
811,156776,587,313,614,333,600,323,156712
811,156777,582,10,608,22,595,16,156713
811,156778,397,11,417,33,407,22,156714
811,156779,384,8,398,28,391,18,156715
811,156780,66,20,81,41,73,30,156716
811,156781,437,47,460,70,448,58,156717
811,156782,428,292,451,309,439,300,156719
811,156783,186,217,205,233,195,225,156720
811,156784,186,233,216,255,201,244,156721
811,156785,322,1,339,14,330,7,156722
811,156786,164,0,178,4,171,2,156723
811,156787,449,304,472,323,460,313,156724
811,156788,182,252,200,268,191,260,
812,156789,444,0,534,73,489,36,156725
812,156790,539,247,571,274,555,260,156726
812,156791,596,234,621,263,608,248,156727
812,156792,468,183,490,228,479,205,156728
812,156793,596,127,623,165,609,146,156729
812,156794,267,1,346,52,306,26,156730
812,156795,381,121,402,156,391,138,156731
812,156796,529,70,557,95,543,82,156732
812,156797,416,114,441,145,428,129,156733
812,156798,60,164,82,186,71,175,156734
812,156799,543,207,578,231,560,219,156735
812,156800,99,165,116,200,107,182,156736
812,156801,363,21,384,66,373,43,156737
812,156802,208,317,231,347,219,332,156738
812,156803,300,53,321,85,310,69,156739
812,156804,246,52,267,81,256,66,156740
812,156805,609,0,639,21,624,10,156741
812,156806,273,290,303,309,288,299,156742
812,156807,271,75,291,105,281,90,156743
812,156808,501,28,524,58,512,43,156744
812,156809,574,68,610,96,592,82,156745
812,156810,261,177,281,210,271,193,156746
812,156811,611,47,637,75,624,61,156747
812,156812,292,228,313,255,302,241,156748
812,156813,119,89,138,114,128,101,156749
812,156814,233,84,256,107,244,95,156750
812,156815,36,120,54,141,45,130,156751
812,156816,72,128,88,155,80,141,156752
812,156817,57,98,75,121,66,109,156753
812,156818,228,50,250,74,239,62,156754
812,156819,200,12,220,35,210,23,156755
812,156820,230,6,259,27,244,16,156756
812,156821,37,158,55,178,46,168,156757
812,156822,40,88,56,114,48,101,156758
812,156823,486,253,514,277,500,265,156759
812,156824,291,23,318,41,304,32,156760
812,156825,124,0,188,23,156,11,156761
812,156826,53,20,67,53,60,36,156762
812,156827,181,68,201,94,191,81,156763
812,156828,195,56,212,80,203,68,156764
812,156829,313,128,336,153,324,140,156765
812,156830,306,98,334,121,320,109,156766
812,156831,510,0,541,14,525,7,156767
812,156832,542,155,572,182,557,168,156768
812,156833,348,62,376,86,362,74,156769
812,156834,29,244,42,262,35,253,156770
812,156835,49,230,69,251,59,240,156771
812,156836,31,274,48,300,39,287,156772
812,156837,418,68,447,89,432,78,156773
812,156838,416,18,435,46,425,32,156774
812,156839,218,0,229,8,223,4,156775
812,156840,591,314,617,334,604,324,156776
812,156841,582,10,608,22,595,16,156777
812,156842,397,11,417,33,407,22,156778
812,156843,384,8,398,28,391,18,156779
812,156844,66,20,81,41,73,30,156780
812,156845,437,47,460,70,448,58,156781
812,156846,428,292,451,309,439,300,156782
812,156847,186,216,205,233,195,224,156783
812,156848,186,233,216,256,201,244,156784
812,156849,322,1,339,14,330,7,156785
812,156850,164,0,178,4,171,2,156786
812,156851,181,252,200,268,190,260,156788
813,156852,444,0,533,73,488,36,156789
813,156853,539,247,571,274,555,260,156790
813,156854,596,233,621,263,608,248,156791
813,156855,468,183,490,228,479,205,156792
813,156856,596,127,623,165,609,146,156793
813,156857,267,1,346,52,306,26,156794
813,156858,381,121,402,156,391,138,156795
813,156859,529,70,557,95,543,82,156796
813,156860,416,114,441,145,428,129,156797
813,156861,60,164,82,186,71,175,156798
813,156862,543,207,578,231,560,219,156799
813,156863,99,165,116,200,107,182,156800
813,156864,363,21,384,66,373,43,156801
813,156865,208,317,231,347,219,332,156802
813,156866,300,53,321,85,310,69,156803
813,156867,246,52,267,81,256,66,156804
813,156868,609,0,639,21,624,10,156805
813,156869,272,290,303,309,287,299,156806
813,156870,271,75,291,105,281,90,156807
813,156871,501,28,524,59,512,43,156808
813,156872,574,68,610,96,592,82,156809
813,156873,261,177,281,210,271,193,156810
813,156874,611,47,637,75,624,61,156811
813,156875,292,228,313,255,302,241,156812
813,156876,119,89,138,114,128,101,156813
813,156877,233,84,256,107,244,95,156814
813,156878,36,120,54,141,45,130,156815
813,156879,72,128,88,155,80,141,156816
813,156880,56,99,74,121,65,110,156817
813,156881,228,50,250,74,239,62,156818
813,156882,200,12,220,35,210,23,156819
813,156883,230,6,259,27,244,16,156820
813,156884,37,158,55,178,46,168,156821
813,156885,40,88,56,114,48,101,156822
813,156886,486,253,514,277,500,265,156823
813,156887,291,23,318,41,304,32,156824
813,156888,124,0,188,23,156,11,156825
813,156889,53,20,67,53,60,36,156826
813,156890,181,68,201,94,191,81,156827
813,156891,195,56,212,80,203,68,156828
813,156892,313,128,336,153,324,140,156829
813,156893,306,98,334,121,320,109,156830
813,156894,510,0,541,14,525,7,156831
813,156895,542,155,572,182,557,168,156832
813,156896,348,62,376,86,362,74,156833
813,156897,29,244,43,262,36,253,156834
813,156898,49,230,69,251,59,240,156835
813,156899,31,274,48,300,39,287,156836
813,156900,417,68,446,89,431,78,156837
813,156901,416,18,435,46,425,32,156838
813,156902,218,0,228,8,223,4,156839
813,156903,595,315,621,334,608,324,156840
813,156904,582,10,608,22,595,16,156841
813,156905,397,11,417,33,407,22,156842
813,156906,384,8,398,28,391,18,156843
813,156907,66,20,81,41,73,30,156844
813,156908,437,46,460,70,448,58,156845
813,156909,428,292,451,309,439,300,156846
813,156910,186,216,205,233,195,224,156847
813,156911,186,233,216,256,201,244,156848
813,156912,322,1,339,14,330,7,156849
813,156913,164,0,178,4,171,2,156850
813,156914,181,252,200,268,190,260,156851
814,156915,444,0,533,73,488,36,156852
814,156916,539,247,571,274,555,260,156853
814,156917,596,233,621,263,608,248,156854
814,156918,468,183,490,228,479,205,156855
814,156919,596,127,623,165,609,146,156856
814,156920,267,1,346,52,306,26,156857
814,156921,381,121,402,156,391,138,156858
814,156922,529,70,557,95,543,82,156859
814,156923,416,114,441,145,428,129,156860
814,156924,60,164,83,186,71,175,156861
814,156925,543,207,578,231,560,219,156862
814,156926,99,165,116,200,107,182,156863
814,156927,363,21,384,66,373,43,156864
814,156928,208,317,231,347,219,332,156865
814,156929,300,53,321,85,310,69,156866
814,156930,246,52,267,81,256,66,156867
814,156931,609,0,638,21,623,10,156868
814,156932,272,290,302,309,287,299,156869
814,156933,271,75,291,105,281,90,156870
814,156934,501,28,524,59,512,43,156871
814,156935,574,68,610,96,592,82,156872
814,156936,261,177,281,210,271,193,156873
814,156937,611,47,637,75,624,61,156874
814,156938,292,228,313,255,302,241,156875
814,156939,119,89,138,114,128,101,156876
814,156940,233,84,256,107,244,95,156877
814,156941,36,120,54,141,45,130,156878
814,156942,72,128,88,155,80,141,156879
814,156943,56,99,74,121,65,110,156880
814,156944,228,50,250,74,239,62,156881
814,156945,200,12,220,35,210,23,156882
814,156946,230,6,259,27,244,16,156883
814,156947,37,158,55,178,46,168,156884
814,156948,40,88,56,114,48,101,156885
814,156949,486,253,514,277,500,265,156886
814,156950,291,23,318,41,304,32,156887
814,156951,124,0,188,23,156,11,156888
814,156952,53,20,67,53,60,36,156889
814,156953,181,68,201,94,191,81,156890
814,156954,195,56,212,80,203,68,156891
814,156955,313,128,336,153,324,140,156892
814,156956,306,98,334,121,320,109,156893
814,156957,510,0,541,14,525,7,156894
814,156958,542,155,572,182,557,168,156895
814,156959,348,62,376,86,362,74,156896
814,156960,29,244,43,262,36,253,156897
814,156961,49,230,69,251,59,240,156898
814,156962,31,274,48,300,39,287,156899
814,156963,416,67,445,88,430,77,156900
814,156964,416,18,435,46,425,32,156901
814,156965,218,0,228,8,223,4,156902
814,156966,596,315,622,334,609,324,156903
814,156967,582,10,608,22,595,16,156904
814,156968,397,11,417,33,407,22,156905
814,156969,384,9,398,28,391,18,156906
814,156970,66,20,82,41,74,30,156907
814,156971,437,46,460,70,448,58,156908
814,156972,428,292,451,309,439,300,156909
814,156973,186,216,205,233,195,224,156910
814,156974,186,233,216,256,201,244,156911
814,156975,322,1,339,14,330,7,156912
814,156976,164,0,178,4,171,2,156913
814,156977,181,252,200,268,190,260,156914
814,156978,231,252,257,266,244,259,
815,156979,444,0,533,73,488,36,156915
815,156980,539,247,571,274,555,260,156916
815,156981,596,233,621,263,608,248,156917
815,156982,468,183,490,228,479,205,156918
815,156983,596,127,623,165,609,146,156919
815,156984,267,1,346,52,306,26,156920
815,156985,381,121,402,156,391,138,156921
815,156986,529,70,557,95,543,82,156922
815,156987,416,114,441,145,428,129,156923
815,156988,60,164,83,186,71,175,156924
815,156989,543,207,578,231,560,219,156925
815,156990,99,165,116,200,107,182,156926
815,156991,363,21,384,66,373,43,156927
815,156992,208,317,231,347,219,332,156928
815,156993,300,53,321,85,310,69,156929
815,156994,246,52,267,81,256,66,156930
815,156995,609,0,638,21,623,10,156931
815,156996,272,289,302,309,287,299,156932
815,156997,271,75,291,105,281,90,156933
815,156998,501,28,524,59,512,43,156934
815,156999,574,68,610,96,592,82,156935
815,157000,261,177,281,210,271,193,156936
815,157001,611,47,637,75,624,61,156937
815,157002,292,228,313,255,302,241,156938
815,157003,119,89,138,114,128,101,156939
815,157004,233,84,256,107,244,95,156940
815,157005,36,120,54,141,45,130,156941
815,157006,72,128,88,155,80,141,156942
815,157007,56,100,74,121,65,110,156943
815,157008,228,50,250,74,239,62,156944
815,157009,200,12,220,35,210,23,156945
815,157010,230,6,259,27,244,16,156946
815,157011,37,158,55,178,46,168,156947
815,157012,40,88,56,114,48,101,156948
815,157013,486,253,514,277,500,265,156949
815,157014,291,23,318,41,304,32,156950
815,157015,124,0,188,23,156,11,156951
815,157016,53,20,67,53,60,36,156952
815,157017,181,68,201,94,191,81,156953
815,157018,195,56,212,80,203,68,156954
815,157019,313,128,336,153,324,140,156955
815,157020,306,98,334,121,320,109,156956
815,157021,510,0,541,14,525,7,156957
815,157022,542,155,572,182,557,168,156958
815,157023,348,62,376,86,362,74,156959
815,157024,29,244,43,262,36,253,156960
815,157025,49,230,69,251,59,240,156961
815,157026,31,274,48,300,39,287,156962
815,157027,415,66,445,87,430,76,156963
815,157028,416,18,435,46,425,32,156964
815,157029,218,0,228,8,223,4,156965
815,157030,599,314,625,334,612,324,156966
815,157031,582,10,608,22,595,16,156967
815,157032,397,11,417,33,407,22,156968
815,157033,384,9,398,28,391,18,156969
815,157034,66,20,82,41,74,30,156970
815,157035,437,46,460,70,448,58,156971
815,157036,428,292,451,309,439,300,156972
815,157037,186,216,205,233,195,224,156973
815,157038,186,233,216,257,201,245,156974
815,157039,322,1,339,14,330,7,156975
815,157040,164,0,178,4,171,2,156976
815,157041,181,252,200,268,190,260,156977
815,157042,231,252,257,267,244,259,156978
815,157043,438,307,470,327,454,317,
816,157044,444,0,533,73,488,36,156979
816,157045,539,247,571,274,555,260,156980
816,157046,596,233,621,263,608,248,156981
816,157047,468,183,490,228,479,205,156982
816,157048,596,127,623,165,609,146,156983
816,157049,266,1,346,52,306,26,156984
816,157050,381,121,402,156,391,138,156985
816,157051,529,70,557,95,543,82,156986
816,157052,416,114,441,145,428,129,156987
816,157053,60,164,83,186,71,175,156988
816,157054,543,207,578,231,560,219,156989
816,157055,99,165,116,200,107,182,156990
816,157056,363,21,384,66,373,43,156991
816,157057,208,317,231,347,219,332,156992
816,157058,300,53,321,85,310,69,156993
816,157059,246,52,267,81,256,66,156994
816,157060,609,0,638,21,623,10,156995
816,157061,272,289,302,309,287,299,156996
816,157062,271,75,291,105,281,90,156997
816,157063,501,28,524,59,512,43,156998
816,157064,574,68,610,96,592,82,156999
816,157065,261,177,281,210,271,193,157000
816,157066,611,47,637,75,624,61,157001
816,157067,292,228,313,255,302,241,157002
816,157068,119,89,138,114,128,101,157003
816,157069,233,84,256,107,244,95,157004
816,157070,36,120,54,141,45,130,157005
816,157071,72,128,88,155,80,141,157006
816,157072,56,100,74,121,65,110,157007
816,157073,228,50,250,74,239,62,157008
816,157074,200,12,220,35,210,23,157009
816,157075,230,6,259,27,244,16,157010
816,157076,37,158,55,178,46,168,157011
816,157077,40,88,56,114,48,101,157012
816,157078,486,253,514,277,500,265,157013
816,157079,291,23,318,41,304,32,157014
816,157080,124,0,188,23,156,11,157015
816,157081,53,20,67,53,60,36,157016
816,157082,181,68,201,94,191,81,157017
816,157083,195,56,212,80,203,68,157018
816,157084,313,128,336,153,324,140,157019
816,157085,306,98,334,121,320,109,157020
816,157086,511,0,541,14,526,7,157021
816,157087,542,155,572,182,557,168,157022
816,157088,348,62,376,86,362,74,157023
816,157089,29,244,43,262,36,253,157024
816,157090,49,230,69,251,59,240,157025
816,157091,31,274,48,300,39,287,157026
816,157092,412,64,443,85,427,74,157027
816,157093,416,18,435,46,425,32,157028
816,157094,218,0,228,8,223,4,157029
816,157095,601,314,629,334,615,324,157030
816,157096,582,10,608,22,595,16,157031
816,157097,397,11,417,33,407,22,157032
816,157098,384,8,398,28,391,18,157033
816,157099,66,20,81,41,73,30,157034
816,157100,437,46,460,70,448,58,157035
816,157101,428,292,451,309,439,300,157036
816,157102,186,216,205,233,195,224,157037
816,157103,186,233,216,257,201,245,157038
816,157104,322,1,339,14,330,7,157039
816,157105,164,0,178,4,171,2,157040
816,157106,181,252,200,268,190,260,157041
816,157107,231,252,257,267,244,259,157042
816,157108,437,308,469,328,453,318,157043
817,157109,444,0,533,73,488,36,157044
817,157110,539,247,571,274,555,260,157045
817,157111,596,233,621,263,608,248,157046
817,157112,468,183,490,228,479,205,157047
817,157113,596,127,623,165,609,146,157048
817,157114,266,1,346,52,306,26,157049
817,157115,381,121,402,156,391,138,157050
817,157116,529,70,557,95,543,82,157051
817,157117,416,114,441,145,428,129,157052
817,157118,60,164,83,186,71,175,157053
817,157119,543,207,578,231,560,219,157054
817,157120,99,165,116,200,107,182,157055
817,157121,363,21,384,66,373,43,157056
817,157122,208,317,231,347,219,332,157057
817,157123,300,53,321,85,310,69,157058
817,157124,246,52,267,81,256,66,157059
817,157125,609,0,638,21,623,10,157060
817,157126,272,288,301,309,286,298,157061
817,157127,271,75,291,105,281,90,157062
817,157128,501,28,524,59,512,43,157063
817,157129,574,68,610,96,592,82,157064
817,157130,261,177,281,210,271,193,157065
817,157131,611,47,637,75,624,61,157066
817,157132,292,228,313,255,302,241,157067
817,157133,119,89,138,114,128,101,157068
817,157134,233,84,256,107,244,95,157069
817,157135,36,120,54,141,45,130,157070
817,157136,72,128,88,155,80,141,157071
817,157137,56,101,74,121,65,111,157072
817,157138,228,50,250,74,239,62,157073
817,157139,200,12,220,35,210,23,157074
817,157140,230,5,259,27,244,16,157075
817,157141,37,158,55,178,46,168,157076
817,157142,40,88,56,114,48,101,157077
817,157143,486,253,514,277,500,265,157078
817,157144,291,23,318,41,304,32,157079
817,157145,124,0,188,23,156,11,157080
817,157146,53,20,67,53,60,36,157081
817,157147,181,68,201,94,191,81,157082
817,157148,195,56,212,80,203,68,157083
817,157149,313,128,336,153,324,140,157084
817,157150,306,98,334,121,320,109,157085
817,157151,511,0,541,14,526,7,157086
817,157152,542,155,572,182,557,168,157087
817,157153,348,62,376,86,362,74,157088
817,157154,29,244,43,262,36,253,157089
817,157155,49,230,69,251,59,240,157090
817,157156,31,274,48,300,39,287,157091
817,157157,409,61,442,84,425,72,157092
817,157158,416,18,435,46,425,32,157093
817,157159,218,0,228,8,223,4,157094
817,157160,603,313,631,334,617,323,157095
817,157161,582,10,608,22,595,16,157096
817,157162,397,11,417,33,407,22,157097
817,157163,384,8,398,28,391,18,157098
817,157164,66,20,82,41,74,30,157099
817,157165,437,46,460,70,448,58,157100
817,157166,428,292,451,309,439,300,157101
817,157167,186,216,205,233,195,224,157102
817,157168,186,233,215,257,200,245,157103
817,157169,322,1,339,14,330,7,157104
817,157170,164,0,178,4,171,2,157105
817,157171,181,252,200,269,190,260,157106
817,157172,436,308,468,329,452,318,157108
818,157173,444,0,533,73,488,36,157109
818,157174,539,247,571,274,555,260,157110
818,157175,596,234,621,263,608,248,157111
818,157176,468,183,490,228,479,205,157112
818,157177,596,127,623,165,609,146,157113
818,157178,267,0,346,52,306,26,157114
818,157179,381,121,403,156,392,138,157115
818,157180,529,70,557,95,543,82,157116
818,157181,416,114,441,145,428,129,157117
818,157182,60,164,83,186,71,175,157118
818,157183,543,207,578,231,560,219,157119
818,157184,99,165,116,200,107,182,157120
818,157185,363,21,384,66,373,43,157121
818,157186,208,317,231,347,219,332,157122
818,157187,300,53,321,85,310,69,157123
818,157188,246,52,267,81,256,66,157124
818,157189,609,0,638,21,623,10,157125
818,157190,272,288,300,309,286,298,157126
818,157191,271,75,291,105,281,90,157127
818,157192,501,27,524,59,512,43,157128
818,157193,574,68,610,96,592,82,157129
818,157194,261,177,281,210,271,193,157130
818,157195,611,47,637,75,624,61,157131
818,157196,292,228,313,255,302,241,157132
818,157197,119,89,138,114,128,101,157133
818,157198,233,84,256,107,244,95,157134
818,157199,36,120,54,141,45,130,157135
818,157200,72,128,88,155,80,141,157136
818,157201,56,101,74,121,65,111,157137
818,157202,228,50,250,74,239,62,157138
818,157203,200,12,220,34,210,23,157139
818,157204,230,6,259,27,244,16,157140
818,157205,37,158,55,178,46,168,157141
818,157206,40,88,56,114,48,101,157142
818,157207,486,253,514,277,500,265,157143
818,157208,291,23,318,41,304,32,157144
818,157209,124,0,188,23,156,11,157145
818,157210,53,20,67,53,60,36,157146
818,157211,181,68,201,94,191,81,157147
818,157212,195,56,212,80,203,68,157148
818,157213,313,128,336,153,324,140,157149
818,157214,307,98,334,121,320,109,157150
818,157215,511,0,541,14,526,7,157151
818,157216,542,155,572,182,557,168,157152
818,157217,348,62,376,86,362,74,157153
818,157218,29,244,43,262,36,253,157154
818,157219,49,230,69,251,59,240,157155
818,157220,31,274,48,300,39,287,157156
818,157221,408,60,440,82,424,71,157157
818,157222,416,18,435,46,425,32,157158
818,157223,218,0,228,8,223,4,157159
818,157224,606,313,632,334,619,323,157160
818,157225,582,10,608,22,595,16,157161
818,157226,397,11,417,33,407,22,157162
818,157227,384,8,398,28,391,18,157163
818,157228,66,20,82,41,74,30,157164
818,157229,437,46,460,70,448,58,157165
818,157230,428,292,451,309,439,300,157166
818,157231,186,216,205,233,195,224,157167
818,157232,186,233,215,257,200,245,157168
818,157233,322,1,339,14,330,7,157169
818,157234,164,0,178,4,171,2,157170
818,157235,181,252,199,269,190,260,157171
818,157236,436,308,466,329,451,318,157172
818,157237,341,264,359,288,350,276,
819,157238,444,0,533,73,488,36,157173
819,157239,539,247,571,274,555,260,157174
819,157240,596,234,621,263,608,248,157175
819,157241,468,183,490,228,479,205,157176
819,157242,596,127,623,165,609,146,157177
819,157243,267,0,346,52,306,26,157178
819,157244,381,121,403,156,392,138,157179
819,157245,529,70,557,95,543,82,157180
819,157246,416,113,441,146,428,129,157181
819,157247,60,164,83,186,71,175,157182
819,157248,543,207,578,231,560,219,157183
819,157249,99,165,116,200,107,182,157184
819,157250,363,21,384,66,373,43,157185
819,157251,208,317,231,347,219,332,157186
819,157252,300,53,321,85,310,69,157187
819,157253,246,52,267,81,256,66,157188
819,157254,609,0,638,21,623,10,157189
819,157255,271,288,300,309,285,298,157190
819,157256,271,75,291,105,281,90,157191
819,157257,501,27,524,59,512,43,157192
819,157258,574,68,610,96,592,82,157193
819,157259,261,177,281,210,271,193,157194
819,157260,611,47,637,75,624,61,157195
819,157261,292,230,313,255,302,242,157196
819,157262,119,89,138,114,128,101,157197
819,157263,233,84,256,107,244,95,157198
819,157264,36,120,54,141,45,130,157199
819,157265,72,128,88,155,80,141,157200
819,157266,56,101,74,121,65,111,157201
819,157267,228,50,250,74,239,62,157202
819,157268,200,12,220,34,210,23,157203
819,157269,230,6,259,27,244,16,157204
819,157270,37,158,55,178,46,168,157205
819,157271,40,88,56,114,48,101,157206
819,157272,486,253,514,277,500,265,157207
819,157273,291,23,318,41,304,32,157208
819,157274,124,0,188,23,156,11,157209
819,157275,53,20,67,53,60,36,157210
819,157276,181,68,201,94,191,81,157211
819,157277,195,56,212,80,203,68,157212
819,157278,313,128,336,153,324,140,157213
819,157279,307,98,334,121,320,109,157214
819,157280,511,0,541,14,526,7,157215
819,157281,542,155,572,182,557,168,157216
819,157282,348,62,376,86,362,74,157217
819,157283,29,244,43,262,36,253,157218
819,157284,49,230,69,251,59,240,157219
819,157285,31,274,48,299,39,286,157220
819,157286,407,59,438,81,422,70,157221
819,157287,417,18,435,46,426,32,157222
819,157288,218,0,228,8,223,4,157223
819,157289,608,313,633,334,620,323,157224
819,157290,582,10,608,22,595,16,157225
819,157291,397,11,417,33,407,22,157226
819,157292,384,9,398,28,391,18,157227
819,157293,66,20,82,41,74,30,157228
819,157294,437,46,460,70,448,58,157229
819,157295,428,291,452,309,440,300,157230
819,157296,186,216,205,233,195,224,157231
819,157297,186,233,215,257,200,245,157232
819,157298,322,1,339,14,330,7,157233
819,157299,164,0,178,4,171,2,157234
819,157300,181,252,199,269,190,260,157235
819,157301,341,265,359,288,350,276,157237
819,157302,231,252,256,266,243,259,
820,157303,444,0,533,73,488,36,157238
820,157304,539,247,571,274,555,260,157239
820,157305,596,234,621,263,608,248,157240
820,157306,468,183,490,228,479,205,157241
820,157307,596,127,623,165,609,146,157242
820,157308,267,0,346,52,306,26,157243
820,157309,381,121,403,156,392,138,157244
820,157310,529,70,557,95,543,82,157245
820,157311,416,113,441,146,428,129,157246
820,157312,60,164,83,186,71,175,157247
820,157313,543,207,578,231,560,219,157248
820,157314,99,165,116,200,107,182,157249
820,157315,363,21,384,66,373,43,157250
820,157316,208,317,231,347,219,332,157251
820,157317,300,53,321,85,310,69,157252
820,157318,246,52,267,81,256,66,157253
820,157319,609,0,638,21,623,10,157254
820,157320,271,288,300,309,285,298,157255
820,157321,271,75,291,105,281,90,157256
820,157322,501,27,524,59,512,43,157257
820,157323,574,68,610,96,592,82,157258
820,157324,261,177,281,210,271,193,157259
820,157325,611,47,637,75,624,61,157260
820,157326,292,230,313,255,302,242,157261
820,157327,119,89,138,114,128,101,157262
820,157328,233,84,256,107,244,95,157263
820,157329,36,120,54,141,45,130,157264
820,157330,72,128,88,155,80,141,157265
820,157331,56,101,74,121,65,111,157266
820,157332,228,50,250,74,239,62,157267
820,157333,200,12,220,34,210,23,157268
820,157334,230,6,259,27,244,16,157269
820,157335,37,158,55,178,46,168,157270
820,157336,40,88,56,114,48,101,157271
820,157337,486,253,514,277,500,265,157272
820,157338,291,23,318,41,304,32,157273
820,157339,124,0,188,23,156,11,157274
820,157340,53,20,67,53,60,36,157275
820,157341,181,68,201,94,191,81,157276
820,157342,195,56,212,80,203,68,157277
820,157343,313,128,336,153,324,140,157278
820,157344,307,98,334,121,320,109,157279
820,157345,511,0,541,14,526,7,157280
820,157346,542,155,572,182,557,168,157281
820,157347,348,62,376,86,362,74,157282
820,157348,29,244,43,262,36,253,157283
820,157349,49,230,69,251,59,240,157284
820,157350,31,274,48,299,39,286,157285
820,157351,407,58,438,81,422,69,157286
820,157352,417,18,435,46,426,32,157287
820,157353,218,0,228,8,223,4,157288
820,157354,608,313,633,334,620,323,157289
820,157355,582,10,608,22,595,16,157290
820,157356,397,11,417,33,407,22,157291
820,157357,384,9,398,28,391,18,157292
820,157358,66,20,82,41,74,30,157293
820,157359,437,46,460,70,448,58,157294
820,157360,428,291,452,309,440,300,157295
820,157361,186,216,205,233,195,224,157296
820,157362,186,233,215,257,200,245,157297
820,157363,322,1,338,14,330,7,157298
820,157364,164,0,178,4,171,2,157299
820,157365,181,252,199,269,190,260,157300
820,157366,341,265,359,288,350,276,157301
820,157367,231,252,256,266,243,259,157302
821,157368,444,0,533,73,488,36,157303
821,157369,539,247,571,274,555,260,157304
821,157370,596,234,621,263,608,248,157305
821,157371,468,183,490,229,479,206,157306
821,157372,596,127,623,165,609,146,157307
821,157373,267,0,346,52,306,26,157308
821,157374,381,121,403,156,392,138,157309
821,157375,529,70,557,95,543,82,157310
821,157376,416,114,441,146,428,130,157311
821,157377,60,164,83,186,71,175,157312
821,157378,543,207,578,231,560,219,157313
821,157379,99,165,116,200,107,182,157314
821,157380,363,21,384,66,373,43,157315
821,157381,208,317,231,347,219,332,157316
821,157382,300,53,321,85,310,69,157317
821,157383,246,52,267,81,256,66,157318
821,157384,609,0,638,21,623,10,157319
821,157385,270,289,300,309,285,299,157320
821,157386,271,75,291,105,281,90,157321
821,157387,501,27,524,59,512,43,157322
821,157388,574,68,610,96,592,82,157323
821,157389,261,177,281,210,271,193,157324
821,157390,611,47,637,75,624,61,157325
821,157391,291,231,313,255,302,243,157326
821,157392,119,89,138,114,128,101,157327
821,157393,233,84,256,107,244,95,157328
821,157394,36,120,54,141,45,130,157329
821,157395,72,129,88,155,80,142,157330
821,157396,56,101,74,121,65,111,157331
821,157397,228,50,250,74,239,62,157332
821,157398,200,12,220,34,210,23,157333
821,157399,230,6,259,27,244,16,157334
821,157400,37,158,55,178,46,168,157335
821,157401,40,88,56,114,48,101,157336
821,157402,486,253,514,277,500,265,157337
821,157403,291,23,318,41,304,32,157338
821,157404,124,0,188,23,156,11,157339
821,157405,53,20,67,53,60,36,157340
821,157406,181,68,201,94,191,81,157341
821,157407,195,56,212,80,203,68,157342
821,157408,313,128,336,153,324,140,157343
821,157409,307,98,334,121,320,109,157344
821,157410,511,0,541,14,526,7,157345
821,157411,542,155,572,182,557,168,157346
821,157412,348,62,376,86,362,74,157347
821,157413,29,244,43,263,36,253,157348
821,157414,49,230,69,252,59,241,157349
821,157415,31,274,48,299,39,286,157350
821,157416,407,58,437,80,422,69,157351
821,157417,417,18,435,46,426,32,157352
821,157418,218,0,228,8,223,4,157353
821,157419,610,314,635,334,622,324,157354
821,157420,582,10,608,22,595,16,157355
821,157421,397,11,417,33,407,22,157356
821,157422,384,9,398,29,391,19,157357
821,157423,66,20,82,41,74,30,157358
821,157424,437,46,460,70,448,58,157359
821,157425,428,291,453,309,440,300,157360
821,157426,186,216,205,233,195,224,157361
821,157427,186,233,215,257,200,245,157362
821,157428,322,1,338,14,330,7,157363
821,157429,164,0,178,4,171,2,157364
821,157430,181,252,199,269,190,260,157365
821,157431,341,265,359,288,350,276,157366
821,157432,231,252,256,266,243,259,157367
822,157433,444,0,533,73,488,36,157368
822,157434,539,247,571,274,555,260,157369
822,157435,596,234,621,263,608,248,157370
822,157436,468,183,490,229,479,206,157371
822,157437,596,127,623,165,609,146,157372
822,157438,267,0,346,52,306,26,157373
822,157439,381,121,403,156,392,138,157374
822,157440,529,70,557,95,543,82,157375
822,157441,416,114,441,145,428,129,157376
822,157442,60,164,83,186,71,175,157377
822,157443,543,207,578,231,560,219,157378
822,157444,99,165,116,200,107,182,157379
822,157445,363,21,384,66,373,43,157380
822,157446,208,317,231,347,219,332,157381
822,157447,300,53,321,85,310,69,157382
822,157448,246,52,267,81,256,66,157383
822,157449,609,0,638,21,623,10,157384
822,157450,269,289,299,310,284,299,157385
822,157451,271,75,291,105,281,90,157386
822,157452,501,28,524,59,512,43,157387
822,157453,574,69,610,96,592,82,157388
822,157454,261,177,281,210,271,193,157389
822,157455,611,47,637,75,624,61,157390
822,157456,291,231,313,255,302,243,157391
822,157457,119,89,138,114,128,101,157392
822,157458,233,84,256,107,244,95,157393
822,157459,36,120,54,141,45,130,157394
822,157460,71,129,88,155,79,142,157395
822,157461,56,101,74,121,65,111,157396
822,157462,228,50,250,74,239,62,157397
822,157463,200,12,220,34,210,23,157398
822,157464,230,6,259,27,244,16,157399
822,157465,37,158,55,178,46,168,157400
822,157466,40,88,56,114,48,101,157401
822,157467,486,253,514,277,500,265,157402
822,157468,291,23,318,41,304,32,157403
822,157469,124,0,188,23,156,11,157404
822,157470,53,20,67,53,60,36,157405
822,157471,181,68,201,94,191,81,157406
822,157472,195,56,212,80,203,68,157407
822,157473,313,128,336,153,324,140,157408
822,157474,306,98,334,121,320,109,157409
822,157475,512,0,541,14,526,7,157410
822,157476,542,155,572,182,557,168,157411
822,157477,348,62,376,86,362,74,157412
822,157478,29,244,43,263,36,253,157413
822,157479,49,230,69,252,59,241,157414
822,157480,31,274,48,299,39,286,157415
822,157481,406,58,435,79,420,68,157416
822,157482,417,18,435,46,426,32,157417
822,157483,218,0,228,8,223,4,157418
822,157484,611,315,637,335,624,325,157419
822,157485,582,10,608,22,595,16,157420
822,157486,397,11,417,33,407,22,157421
822,157487,384,9,398,29,391,19,157422
822,157488,66,20,82,41,74,30,157423
822,157489,437,46,460,70,448,58,157424
822,157490,428,291,454,308,441,299,157425
822,157491,186,216,205,234,195,225,157426
822,157492,186,233,215,257,200,245,157427
822,157493,322,1,338,14,330,7,157428
822,157494,164,0,178,4,171,2,157429
822,157495,180,252,199,269,189,260,157430
822,157496,231,252,255,266,243,259,157432
823,157497,444,0,533,73,488,36,157433
823,157498,539,247,571,274,555,260,157434
823,157499,596,234,621,263,608,248,157435
823,157500,468,183,490,229,479,206,157436
823,157501,596,127,623,165,609,146,157437
823,157502,267,0,346,52,306,26,157438
823,157503,381,121,403,156,392,138,157439
823,157504,529,70,557,95,543,82,157440
823,157505,416,114,441,145,428,129,157441
823,157506,60,164,83,186,71,175,157442
823,157507,543,207,578,231,560,219,157443
823,157508,99,165,116,200,107,182,157444
823,157509,363,21,384,66,373,43,157445
823,157510,208,317,231,347,219,332,157446
823,157511,300,53,321,85,310,69,157447
823,157512,246,52,267,81,256,66,157448
823,157513,609,0,638,21,623,10,157449
823,157514,269,289,299,310,284,299,157450
823,157515,271,75,291,105,281,90,157451
823,157516,501,27,524,58,512,42,157452
823,157517,574,68,610,96,592,82,157453
823,157518,261,177,281,210,271,193,157454
823,157519,611,47,637,75,624,61,157455
823,157520,291,232,313,255,302,243,157456
823,157521,119,89,138,114,128,101,157457
823,157522,233,84,256,107,244,95,157458
823,157523,36,120,54,141,45,130,157459
823,157524,72,129,88,155,80,142,157460
823,157525,56,101,74,121,65,111,157461
823,157526,228,50,250,74,239,62,157462
823,157527,200,12,220,34,210,23,157463
823,157528,230,6,259,27,244,16,157464
823,157529,37,158,55,178,46,168,157465
823,157530,40,88,56,114,48,101,157466
823,157531,486,253,514,277,500,265,157467
823,157532,291,23,318,41,304,32,157468
823,157533,124,0,188,23,156,11,157469
823,157534,53,20,67,53,60,36,157470
823,157535,181,68,201,94,191,81,157471
823,157536,195,56,212,80,203,68,157472
823,157537,313,128,336,153,324,140,157473
823,157538,306,98,334,121,320,109,157474
823,157539,512,0,541,14,526,7,157475
823,157540,542,155,572,182,557,168,157476
823,157541,348,62,376,86,362,74,157477
823,157542,29,244,43,263,36,253,157478
823,157543,49,230,69,252,59,241,157479
823,157544,31,274,48,299,39,286,157480
823,157545,402,57,434,78,418,67,157481
823,157546,417,18,435,46,426,32,157482
823,157547,218,0,229,8,223,4,157483
823,157548,614,317,639,338,626,327,157484
823,157549,582,10,608,22,595,16,157485
823,157550,397,11,417,33,407,22,157486
823,157551,384,9,398,29,391,19,157487
823,157552,66,20,82,41,74,30,157488
823,157553,437,45,460,70,448,57,157489
823,157554,428,291,454,308,441,299,157490
823,157555,186,216,205,234,195,225,157491
823,157556,185,233,216,256,200,244,157492
823,157557,322,1,338,14,330,7,157493
823,157558,164,0,178,4,171,2,157494
823,157559,180,253,199,268,189,260,157495
823,157560,231,252,255,266,243,259,157496
824,157561,444,0,533,73,488,36,157497
824,157562,539,247,571,274,555,260,157498
824,157563,596,234,621,263,608,248,157499
824,157564,468,183,490,229,479,206,157500
824,157565,596,127,623,165,609,146,157501
824,157566,267,0,346,52,306,26,157502
824,157567,381,121,403,156,392,138,157503
824,157568,529,70,557,95,543,82,157504
824,157569,416,114,441,145,428,129,157505
824,157570,60,164,83,186,71,175,157506
824,157571,543,207,578,231,560,219,157507
824,157572,99,165,116,200,107,182,157508
824,157573,363,21,384,66,373,43,157509
824,157574,208,317,231,347,219,332,157510
824,157575,300,53,321,85,310,69,157511
824,157576,246,52,267,81,256,66,157512
824,157577,609,0,638,21,623,10,157513
824,157578,269,290,299,310,284,300,157514
824,157579,271,75,291,105,281,90,157515
824,157580,501,27,524,56,512,41,157516
824,157581,574,68,610,96,592,82,157517
824,157582,261,177,281,210,271,193,157518
824,157583,611,47,637,75,624,61,157519
824,157584,291,232,313,255,302,243,157520
824,157585,119,89,138,114,128,101,157521
824,157586,233,84,256,107,244,95,157522
824,157587,36,120,54,141,45,130,157523
824,157588,72,129,88,155,80,142,157524
824,157589,56,100,74,121,65,110,157525
824,157590,228,50,250,74,239,62,157526
824,157591,200,12,220,34,210,23,157527
824,157592,231,6,259,27,245,16,157528
824,157593,37,158,55,178,46,168,157529
824,157594,40,88,56,114,48,101,157530
824,157595,486,253,514,277,500,265,157531
824,157596,291,23,318,41,304,32,157532
824,157597,124,0,188,23,156,11,157533
824,157598,53,20,67,53,60,36,157534
824,157599,181,68,201,94,191,81,157535
824,157600,195,56,212,80,203,68,157536
824,157601,313,128,336,153,324,140,157537
824,157602,306,98,334,121,320,109,157538
824,157603,512,0,541,14,526,7,157539
824,157604,542,155,572,182,557,168,157540
824,157605,348,62,376,86,362,74,157541
824,157606,29,244,43,263,36,253,157542
824,157607,49,230,69,252,59,241,157543
824,157608,31,274,48,299,39,286,157544
824,157609,399,57,431,78,415,67,157545
824,157610,416,18,435,46,425,32,157546
824,157611,218,0,229,8,223,4,157547
824,157612,615,318,640,339,627,328,157548
824,157613,582,10,608,22,595,16,157549
824,157614,397,11,417,33,407,22,157550
824,157615,384,9,398,29,391,19,157551
824,157616,66,20,82,41,74,30,157552
824,157617,438,44,460,70,449,57,157553
824,157618,427,291,455,308,441,299,157554
824,157619,186,216,205,234,195,225,157555
824,157620,184,233,216,255,200,244,157556
824,157621,322,1,338,14,330,7,157557
824,157622,164,0,178,4,171,2,157558
824,157623,180,253,199,268,189,260,157559
824,157624,231,251,255,266,243,258,157560
825,157625,443,0,533,73,488,36,157561
825,157626,539,247,571,274,555,260,157562
825,157627,596,234,621,263,608,248,157563
825,157628,468,183,490,229,479,206,157564
825,157629,596,127,623,165,609,146,157565
825,157630,267,0,346,52,306,26,157566
825,157631,381,121,403,156,392,138,157567
825,157632,529,70,557,95,543,82,157568
825,157633,416,114,441,145,428,129,157569
825,157634,60,164,83,186,71,175,157570
825,157635,543,207,578,231,560,219,157571
825,157636,99,165,116,200,107,182,157572
825,157637,363,21,384,66,373,43,157573
825,157638,208,317,231,347,219,332,157574
825,157639,300,53,321,85,310,69,157575
825,157640,246,52,267,81,256,66,157576
825,157641,609,0,638,21,623,10,157577
825,157642,268,290,299,310,283,300,157578
825,157643,271,75,291,105,281,90,157579
825,157644,500,27,524,56,512,41,157580
825,157645,574,68,610,96,592,82,157581
825,157646,261,178,281,210,271,194,157582
825,157647,611,47,637,75,624,61,157583
825,157648,291,232,313,255,302,243,157584
825,157649,119,89,138,114,128,101,157585
825,157650,233,84,256,107,244,95,157586
825,157651,36,120,54,141,45,130,157587
825,157652,72,129,88,155,80,142,157588
825,157653,56,100,75,121,65,110,157589
825,157654,228,50,250,74,239,62,157590
825,157655,200,12,220,34,210,23,157591
825,157656,231,6,259,27,245,16,157592
825,157657,37,158,55,178,46,168,157593
825,157658,40,88,56,114,48,101,157594
825,157659,486,253,514,277,500,265,157595
825,157660,291,23,318,41,304,32,157596
825,157661,124,0,188,23,156,11,157597
825,157662,53,20,67,53,60,36,157598
825,157663,181,68,201,94,191,81,157599
825,157664,195,56,212,80,203,68,157600
825,157665,313,128,336,153,324,140,157601
825,157666,307,98,334,121,320,109,157602
825,157667,512,0,541,14,526,7,157603
825,157668,542,155,572,182,557,168,157604
825,157669,348,62,376,86,362,74,157605
825,157670,29,244,43,263,36,253,157606
825,157671,49,230,69,252,59,241,157607
825,157672,31,274,48,299,39,286,157608
825,157673,395,56,429,78,412,67,157609
825,157674,416,18,435,46,425,32,157610
825,157675,218,0,229,8,223,4,157611
825,157676,616,320,640,340,628,330,157612
825,157677,582,10,608,22,595,16,157613
825,157678,397,11,417,33,407,22,157614
825,157679,384,9,398,28,391,18,157615
825,157680,66,20,82,41,74,30,157616
825,157681,437,44,460,70,448,57,157617
825,157682,427,291,455,308,441,299,157618
825,157683,186,216,205,234,195,225,157619
825,157684,184,233,216,255,200,244,157620
825,157685,322,1,338,14,330,7,157621
825,157686,164,0,178,4,171,2,157622
825,157687,180,253,200,268,190,260,157623
825,157688,231,251,255,266,243,258,157624
826,157689,443,0,533,73,488,36,157625
826,157690,539,247,571,274,555,260,157626
826,157691,596,233,621,263,608,248,157627
826,157692,468,183,490,229,479,206,157628
826,157693,596,127,623,165,609,146,157629
826,157694,267,0,346,52,306,26,157630
826,157695,381,121,403,156,392,138,157631
826,157696,529,70,557,95,543,82,157632
826,157697,416,114,441,145,428,129,157633
826,157698,60,164,83,186,71,175,157634
826,157699,543,207,578,231,560,219,157635
826,157700,99,165,116,200,107,182,157636
826,157701,363,21,384,66,373,43,157637
826,157702,208,317,231,347,219,332,157638
826,157703,300,53,321,85,310,69,157639
826,157704,246,52,267,81,256,66,157640
826,157705,609,0,638,21,623,10,157641
826,157706,268,290,299,310,283,300,157642
826,157707,271,75,291,105,281,90,157643
826,157708,500,27,524,55,512,41,157644
826,157709,574,68,610,96,592,82,157645
826,157710,261,178,281,210,271,194,157646
826,157711,611,47,637,75,624,61,157647
826,157712,291,232,313,255,302,243,157648
826,157713,119,89,138,114,128,101,157649
826,157714,233,84,256,107,244,95,157650
826,157715,36,120,54,141,45,130,157651
826,157716,72,129,88,155,80,142,157652
826,157717,56,100,75,121,65,110,157653
826,157718,228,50,250,74,239,62,157654
826,157719,200,12,220,34,210,23,157655
826,157720,231,6,259,27,245,16,157656
826,157721,37,158,55,178,46,168,157657
826,157722,40,88,56,114,48,101,157658
826,157723,486,253,514,277,500,265,157659
826,157724,291,23,318,41,304,32,157660
826,157725,124,0,188,23,156,11,157661
826,157726,53,20,67,53,60,36,157662
826,157727,181,68,201,94,191,81,157663
826,157728,195,56,212,80,203,68,157664
826,157729,313,128,336,153,324,140,157665
826,157730,307,98,334,121,320,109,157666
826,157731,512,0,540,14,526,7,157667
826,157732,542,155,572,182,557,168,157668
826,157733,348,62,376,86,362,74,157669
826,157734,29,244,43,263,36,253,157670
826,157735,49,230,69,252,59,241,157671
826,157736,31,274,48,299,39,286,157672
826,157737,393,56,428,77,410,66,157673
826,157738,416,18,435,46,425,32,157674
826,157739,218,0,229,8,223,4,157675
826,157740,617,320,640,340,628,330,157676
826,157741,582,10,608,22,595,16,157677
826,157742,397,11,417,33,407,22,157678
826,157743,384,9,398,28,391,18,157679
826,157744,66,20,82,41,74,30,157680
826,157745,437,44,460,70,448,57,157681
826,157746,427,291,455,308,441,299,157682
826,157747,186,216,205,233,195,224,157683
826,157748,184,233,216,255,200,244,157684
826,157749,322,1,338,14,330,7,157685
826,157750,164,0,178,4,171,2,157686
826,157751,180,253,200,268,190,260,157687
826,157752,231,251,255,266,243,258,157688
827,157753,443,0,533,73,488,36,157689
827,157754,539,247,571,274,555,260,157690
827,157755,596,234,621,263,608,248,157691
827,157756,468,183,490,229,479,206,157692
827,157757,596,127,623,165,609,146,157693
827,157758,267,0,346,52,306,26,157694
827,157759,381,121,403,156,392,138,157695
827,157760,529,70,557,95,543,82,157696
827,157761,416,114,441,145,428,129,157697
827,157762,60,164,83,186,71,175,157698
827,157763,543,207,578,231,560,219,157699
827,157764,99,165,116,200,107,182,157700
827,157765,363,21,384,66,373,43,157701
827,157766,208,317,231,347,219,332,157702
827,157767,300,53,321,85,310,69,157703
827,157768,246,52,267,81,256,66,157704
827,157769,609,0,638,21,623,10,157705
827,157770,268,291,298,311,283,301,157706
827,157771,271,75,291,105,281,90,157707
827,157772,500,27,524,55,512,41,157708
827,157773,574,68,610,96,592,82,157709
827,157774,261,178,281,210,271,194,157710
827,157775,611,47,637,75,624,61,157711
827,157776,291,232,313,255,302,243,157712
827,157777,119,89,138,114,128,101,157713
827,157778,233,84,256,107,244,95,157714
827,157779,36,120,54,141,45,130,157715
827,157780,72,129,88,155,80,142,157716
827,157781,56,100,75,121,65,110,157717
827,157782,228,50,250,74,239,62,157718
827,157783,200,12,220,34,210,23,157719
827,157784,231,6,259,27,245,16,157720
827,157785,37,158,55,178,46,168,157721
827,157786,40,88,56,114,48,101,157722
827,157787,486,253,514,277,500,265,157723
827,157788,291,23,318,41,304,32,157724
827,157789,124,0,188,23,156,11,157725
827,157790,53,20,67,53,60,36,157726
827,157791,181,68,201,94,191,81,157727
827,157792,195,56,212,80,203,68,157728
827,157793,313,128,336,153,324,140,157729
827,157794,307,98,334,121,320,109,157730
827,157795,512,0,540,14,526,7,157731
827,157796,542,155,572,182,557,168,157732
827,157797,348,62,376,86,362,74,157733
827,157798,29,244,43,263,36,253,157734
827,157799,49,230,69,252,59,241,157735
827,157800,31,274,48,300,39,287,157736
827,157801,392,56,426,77,409,66,157737
827,157802,416,18,435,46,425,32,157738
827,157803,218,0,229,8,223,4,157739
827,157804,618,322,640,340,629,331,157740
827,157805,582,10,608,22,595,16,157741
827,157806,396,11,417,33,406,22,157742
827,157807,384,9,398,28,391,18,157743
827,157808,66,20,82,41,74,30,157744
827,157809,437,46,460,71,448,58,157745
827,157810,427,291,455,308,441,299,157746
827,157811,186,216,205,234,195,225,157747
827,157812,183,233,215,254,199,243,157748
827,157813,323,1,338,14,330,7,157749
827,157814,164,0,178,4,171,2,157750
827,157815,230,251,255,266,242,258,157752
827,157816,341,264,360,287,350,275,
828,157817,443,0,534,73,488,36,157753
828,157818,539,247,571,274,555,260,157754
828,157819,596,234,621,263,608,248,157755
828,157820,468,183,490,229,479,206,157756
828,157821,596,127,623,165,609,146,157757
828,157822,267,0,346,52,306,26,157758
828,157823,381,121,403,156,392,138,157759
828,157824,529,70,557,95,543,82,157760
828,157825,416,114,441,145,428,129,157761
828,157826,60,164,83,186,71,175,157762
828,157827,543,207,578,231,560,219,157763
828,157828,99,165,116,200,107,182,157764
828,157829,363,21,384,66,373,43,157765
828,157830,208,317,231,347,219,332,157766
828,157831,300,53,321,85,310,69,157767
828,157832,246,52,267,81,256,66,157768
828,157833,609,0,638,21,623,10,157769
828,157834,268,291,298,311,283,301,157770
828,157835,271,75,291,105,281,90,157771
828,157836,500,27,525,55,512,41,157772
828,157837,574,68,610,96,592,82,157773
828,157838,261,178,281,210,271,194,157774
828,157839,611,47,637,75,624,61,157775
828,157840,292,231,313,255,302,243,157776
828,157841,119,89,138,114,128,101,157777
828,157842,233,84,256,107,244,95,157778
828,157843,36,120,54,141,45,130,157779
828,157844,72,129,88,155,80,142,157780
828,157845,56,100,75,121,65,110,157781
828,157846,228,50,250,74,239,62,157782
828,157847,200,12,220,34,210,23,157783
828,157848,231,6,259,27,245,16,157784
828,157849,37,158,55,178,46,168,157785
828,157850,40,88,56,114,48,101,157786
828,157851,486,253,514,277,500,265,157787
828,157852,291,23,318,41,304,32,157788
828,157853,124,0,188,23,156,11,157789
828,157854,53,20,67,53,60,36,157790
828,157855,181,68,201,94,191,81,157791
828,157856,195,56,212,80,203,68,157792
828,157857,313,128,336,153,324,140,157793
828,157858,307,98,334,121,320,109,157794
828,157859,512,0,540,14,526,7,157795
828,157860,542,155,572,182,557,168,157796
828,157861,348,62,376,86,362,74,157797
828,157862,29,244,43,263,36,253,157798
828,157863,49,230,69,252,59,241,157799
828,157864,31,274,48,300,39,287,157800
828,157865,391,56,424,77,407,66,157801
828,157866,416,18,436,46,426,32,157802
828,157867,218,0,229,8,223,4,157803
828,157868,619,323,640,340,629,331,157804
828,157869,582,10,608,22,595,16,157805
828,157870,396,11,417,33,406,22,157806
828,157871,384,9,398,28,391,18,157807
828,157872,66,20,82,41,74,30,157808
828,157873,437,47,460,73,448,60,157809
828,157874,427,291,455,308,441,299,157810
828,157875,186,216,205,234,195,225,157811
828,157876,323,1,338,14,330,7,157813
828,157877,164,0,178,4,171,2,157814
828,157878,230,250,254,266,242,258,157815
828,157879,341,264,360,287,350,275,157816
829,157880,444,0,534,73,489,36,157817
829,157881,539,247,571,274,555,260,157818
829,157882,596,234,621,263,608,248,157819
829,157883,468,183,490,229,479,206,157820
829,157884,596,127,623,165,609,146,157821
829,157885,267,0,346,52,306,26,157822
829,157886,381,121,403,156,392,138,157823
829,157887,529,70,557,95,543,82,157824
829,157888,416,114,441,145,428,129,157825
829,157889,60,164,83,186,71,175,157826
829,157890,543,207,578,231,560,219,157827
829,157891,99,165,116,200,107,182,157828
829,157892,363,21,384,65,373,43,157829
829,157893,208,317,231,347,219,332,157830
829,157894,300,53,321,85,310,69,157831
829,157895,246,52,267,81,256,66,157832
829,157896,609,0,638,21,623,10,157833
829,157897,268,292,298,312,283,302,157834
829,157898,271,75,291,105,281,90,157835
829,157899,500,27,525,55,512,41,157836
829,157900,574,68,610,96,592,82,157837
829,157901,261,178,281,210,271,194,157838
829,157902,611,47,637,75,624,61,157839
829,157903,292,230,313,255,302,242,157840
829,157904,119,89,138,114,128,101,157841
829,157905,233,84,256,107,244,95,157842
829,157906,36,120,54,141,45,130,157843
829,157907,72,129,88,155,80,142,157844
829,157908,56,100,74,121,65,110,157845
829,157909,228,50,250,74,239,62,157846
829,157910,200,12,220,35,210,23,157847
829,157911,231,6,259,27,245,16,157848
829,157912,37,158,55,178,46,168,157849
829,157913,40,88,56,114,48,101,157850
829,157914,486,253,514,277,500,265,157851
829,157915,291,23,318,41,304,32,157852
829,157916,124,0,188,23,156,11,157853
829,157917,53,20,67,53,60,36,157854
829,157918,181,68,201,94,191,81,157855
829,157919,195,56,212,80,203,68,157856
829,157920,313,128,336,153,324,140,157857
829,157921,307,98,334,121,320,109,157858
829,157922,512,0,540,14,526,7,157859
829,157923,542,155,573,182,557,168,157860
829,157924,348,62,376,86,362,74,157861
829,157925,29,244,43,263,36,253,157862
829,157926,49,230,69,252,59,241,157863
829,157927,31,274,48,300,39,287,157864
829,157928,391,56,422,77,406,66,157865
829,157929,416,18,436,46,426,32,157866
829,157930,218,0,229,8,223,4,157867
829,157931,621,325,640,341,630,333,157868
829,157932,582,10,608,22,595,16,157869
829,157933,396,11,417,33,406,22,157870
829,157934,384,9,398,28,391,18,157871
829,157935,66,20,82,41,74,30,157872
829,157936,437,48,459,74,448,61,157873
829,157937,427,291,455,308,441,299,157874
829,157938,186,216,205,234,195,225,157875
829,157939,323,1,338,14,330,7,157876
829,157940,164,0,178,4,171,2,157877
829,157941,229,250,254,266,241,258,157878
829,157942,341,264,360,288,350,276,157879
830,157943,444,0,533,73,488,36,157880
830,157944,539,247,571,274,555,260,157881
830,157945,596,234,621,263,608,248,157882
830,157946,468,183,490,229,479,206,157883
830,157947,596,127,623,165,609,146,157884
830,157948,267,0,346,51,306,25,157885
830,157949,381,121,403,156,392,138,157886
830,157950,529,70,557,95,543,82,157887
830,157951,416,114,441,145,428,129,157888
830,157952,60,164,83,186,71,175,157889
830,157953,543,207,578,231,560,219,157890
830,157954,99,165,116,200,107,182,157891
830,157955,363,21,384,65,373,43,157892
830,157956,208,317,231,347,219,332,157893
830,157957,300,53,321,85,310,69,157894
830,157958,246,52,267,81,256,66,157895
830,157959,609,0,638,21,623,10,157896
830,157960,268,292,298,312,283,302,157897
830,157961,271,75,291,105,281,90,157898
830,157962,500,28,525,56,512,42,157899
830,157963,574,68,610,96,592,82,157900
830,157964,261,178,281,210,271,194,157901
830,157965,611,47,637,75,624,61,157902
830,157966,292,230,313,255,302,242,157903
830,157967,119,89,138,114,128,101,157904
830,157968,233,84,256,107,244,95,157905
830,157969,36,120,54,141,45,130,157906
830,157970,72,129,88,155,80,142,157907
830,157971,56,100,74,121,65,110,157908
830,157972,228,50,250,74,239,62,157909
830,157973,200,12,220,35,210,23,157910
830,157974,231,6,259,27,245,16,157911
830,157975,37,158,55,178,46,168,157912
830,157976,40,88,56,114,48,101,157913
830,157977,486,253,514,277,500,265,157914
830,157978,291,23,317,41,304,32,157915
830,157979,124,0,188,23,156,11,157916
830,157980,53,20,67,53,60,36,157917
830,157981,181,68,201,94,191,81,157918
830,157982,195,56,212,80,203,68,157919
830,157983,313,128,336,153,324,140,157920
830,157984,307,98,334,121,320,109,157921
830,157985,512,0,540,14,526,7,157922
830,157986,542,155,573,182,557,168,157923
830,157987,348,62,376,86,362,74,157924
830,157988,29,244,43,263,36,253,157925
830,157989,49,230,69,252,59,241,157926
830,157990,31,274,48,300,39,287,157927
830,157991,389,55,420,76,404,65,157928
830,157992,416,18,436,46,426,32,157929
830,157993,218,0,228,8,223,4,157930
830,157994,582,10,608,22,595,16,157932
830,157995,396,11,417,33,406,22,157933
830,157996,384,8,398,28,391,18,157934
830,157997,66,20,82,41,74,30,157935
830,157998,437,48,459,76,448,62,157936
830,157999,427,291,455,308,441,299,157937
830,158000,186,216,205,234,195,225,157938
830,158001,323,1,338,14,330,7,157939
830,158002,164,0,178,4,171,2,157940
830,158003,229,249,254,266,241,257,157941
830,158004,342,264,360,288,351,276,157942
831,158005,444,0,533,73,488,36,157943
831,158006,539,247,571,274,555,260,157944
831,158007,596,234,621,263,608,248,157945
831,158008,468,183,490,229,479,206,157946
831,158009,596,127,623,165,609,146,157947
831,158010,267,0,346,51,306,25,157948
831,158011,381,121,403,156,392,138,157949
831,158012,529,70,557,95,543,82,157950
831,158013,416,114,441,145,428,129,157951
831,158014,60,164,83,186,71,175,157952
831,158015,543,207,578,231,560,219,157953
831,158016,99,165,116,200,107,182,157954
831,158017,363,21,384,65,373,43,157955
831,158018,208,317,231,347,219,332,157956
831,158019,300,53,321,85,310,69,157957
831,158020,246,52,267,81,256,66,157958
831,158021,609,0,638,21,623,10,157959
831,158022,268,292,299,312,283,302,157960
831,158023,271,75,291,105,281,90,157961
831,158024,500,28,525,56,512,42,157962
831,158025,574,68,610,96,592,82,157963
831,158026,261,178,281,210,271,194,157964
831,158027,612,47,637,75,624,61,157965
831,158028,291,230,313,255,302,242,157966
831,158029,119,89,138,114,128,101,157967
831,158030,233,84,256,107,244,95,157968
831,158031,36,120,54,141,45,130,157969
831,158032,72,129,88,155,80,142,157970
831,158033,56,100,74,121,65,110,157971
831,158034,228,50,250,74,239,62,157972
831,158035,200,12,220,35,210,23,157973
831,158036,231,6,259,27,245,16,157974
831,158037,37,158,55,178,46,168,157975
831,158038,40,88,56,114,48,101,157976
831,158039,486,253,514,277,500,265,157977
831,158040,291,23,317,41,304,32,157978
831,158041,124,0,188,23,156,11,157979
831,158042,53,20,67,53,60,36,157980
831,158043,181,68,201,94,191,81,157981
831,158044,195,56,212,80,203,68,157982
831,158045,313,128,336,153,324,140,157983
831,158046,307,98,334,121,320,109,157984
831,158047,512,0,540,14,526,7,157985
831,158048,542,155,573,182,557,168,157986
831,158049,348,62,376,86,362,74,157987
831,158050,29,244,43,263,36,253,157988
831,158051,49,230,69,252,59,241,157989
831,158052,31,274,48,300,39,287,157990
831,158053,386,55,419,75,402,65,157991
831,158054,416,18,436,46,426,32,157992
831,158055,218,0,228,8,223,4,157993
831,158056,582,10,608,22,595,16,157994
831,158057,396,11,417,33,406,22,157995
831,158058,384,8,398,29,391,18,157996
831,158059,66,20,82,41,74,30,157997
831,158060,437,49,458,77,447,63,157998
831,158061,427,291,455,308,441,299,157999
831,158062,186,216,205,234,195,225,158000
831,158063,323,1,338,14,330,7,158001
831,158064,164,0,178,4,171,2,158002
831,158065,229,249,254,266,241,257,158003
831,158066,342,264,360,288,351,276,158004
831,158067,629,326,640,348,634,337,
832,158068,444,0,533,73,488,36,158005
832,158069,539,247,571,274,555,260,158006
832,158070,596,234,621,263,608,248,158007
832,158071,468,183,490,229,479,206,158008
832,158072,596,127,623,165,609,146,158009
832,158073,267,0,346,52,306,26,158010
832,158074,381,121,403,156,392,138,158011
832,158075,529,70,557,95,543,82,158012
832,158076,416,114,441,145,428,129,158013
832,158077,60,164,83,186,71,175,158014
832,158078,543,207,578,231,560,219,158015
832,158079,99,165,116,200,107,182,158016
832,158080,363,21,384,65,373,43,158017
832,158081,208,317,231,347,219,332,158018
832,158082,300,53,321,85,310,69,158019
832,158083,246,52,267,81,256,66,158020
832,158084,609,0,638,21,623,10,158021
832,158085,268,292,299,312,283,302,158022
832,158086,271,75,291,105,281,90,158023
832,158087,500,28,525,56,512,42,158024
832,158088,574,68,610,96,592,82,158025
832,158089,261,178,281,210,271,194,158026
832,158090,612,47,637,75,624,61,158027
832,158091,291,230,313,255,302,242,158028
832,158092,119,89,138,114,128,101,158029
832,158093,233,84,256,107,244,95,158030
832,158094,36,120,54,141,45,130,158031
832,158095,72,129,88,155,80,142,158032
832,158096,56,100,74,121,65,110,158033
832,158097,228,50,250,74,239,62,158034
832,158098,200,12,220,35,210,23,158035
832,158099,231,6,259,27,245,16,158036
832,158100,37,158,55,178,46,168,158037
832,158101,40,88,56,114,48,101,158038
832,158102,486,253,514,277,500,265,158039
832,158103,291,23,317,41,304,32,158040
832,158104,124,0,188,23,156,11,158041
832,158105,53,20,67,53,60,36,158042
832,158106,181,68,201,94,191,81,158043
832,158107,195,56,212,80,203,68,158044
832,158108,313,128,336,153,324,140,158045
832,158109,307,98,334,121,320,109,158046
832,158110,512,0,540,14,526,7,158047
832,158111,542,155,573,182,557,168,158048
832,158112,348,62,376,86,362,74,158049
832,158113,29,244,43,263,36,253,158050
832,158114,49,230,69,252,59,241,158051
832,158115,31,274,48,300,39,287,158052
832,158116,385,55,419,75,402,65,158053
832,158117,417,18,436,46,426,32,158054
832,158118,218,0,228,8,223,4,158055
832,158119,582,10,608,22,595,16,158056
832,158120,396,11,417,33,406,22,158057
832,158121,384,8,398,29,391,18,158058
832,158122,66,20,82,41,74,30,158059
832,158123,437,49,457,78,447,63,158060
832,158124,427,291,455,308,441,299,158061
832,158125,186,216,205,234,195,225,158062
832,158126,323,1,338,14,330,7,158063
832,158127,164,0,178,4,171,2,158064
832,158128,228,249,254,266,241,257,158065
832,158129,342,264,360,288,351,276,158066
832,158130,412,310,442,325,427,317,
832,158131,630,327,640,349,635,338,158067
833,158132,444,0,533,73,488,36,158068
833,158133,539,247,571,274,555,260,158069
833,158134,596,234,621,263,608,248,158070
833,158135,468,183,490,229,479,206,158071
833,158136,596,127,623,165,609,146,158072
833,158137,267,0,346,51,306,25,158073
833,158138,381,121,403,156,392,138,158074
833,158139,529,70,557,95,543,82,158075
833,158140,417,113,441,145,429,129,158076
833,158141,60,164,83,186,71,175,158077
833,158142,543,207,578,231,560,219,158078
833,158143,99,165,116,200,107,182,158079
833,158144,363,21,385,65,374,43,158080
833,158145,208,317,231,347,219,332,158081
833,158146,300,53,321,85,310,69,158082
833,158147,246,52,267,81,256,66,158083
833,158148,609,0,638,21,623,10,158084
833,158149,269,292,299,312,284,302,158085
833,158150,271,75,291,105,281,90,158086
833,158151,499,28,525,55,512,41,158087
833,158152,574,68,610,96,592,82,158088
833,158153,261,178,281,210,271,194,158089
833,158154,612,47,637,75,624,61,158090
833,158155,291,230,313,255,302,242,158091
833,158156,119,89,138,114,128,101,158092
833,158157,233,84,256,107,244,95,158093
833,158158,36,120,54,141,45,130,158094
833,158159,72,129,88,155,80,142,158095
833,158160,56,100,74,121,65,110,158096
833,158161,228,50,250,74,239,62,158097
833,158162,200,12,220,35,210,23,158098
833,158163,231,6,259,27,245,16,158099
833,158164,37,158,55,178,46,168,158100
833,158165,40,88,56,114,48,101,158101
833,158166,486,253,514,277,500,265,158102
833,158167,291,23,317,41,304,32,158103
833,158168,124,0,188,23,156,11,158104
833,158169,53,20,67,53,60,36,158105
833,158170,181,68,201,94,191,81,158106
833,158171,195,56,212,80,203,68,158107
833,158172,313,128,336,153,324,140,158108
833,158173,307,98,334,121,320,109,158109
833,158174,512,0,540,14,526,7,158110
833,158175,542,155,573,182,557,168,158111
833,158176,348,62,376,86,362,74,158112
833,158177,29,244,43,263,36,253,158113
833,158178,49,230,69,252,59,241,158114
833,158179,31,274,48,300,39,287,158115
833,158180,384,54,417,74,400,64,158116
833,158181,417,18,436,46,426,32,158117
833,158182,218,0,228,8,223,4,158118
833,158183,582,10,608,22,595,16,158119
833,158184,396,11,417,33,406,22,158120
833,158185,384,8,398,29,391,18,158121
833,158186,66,20,82,41,74,30,158122
833,158187,436,50,456,78,446,64,158123
833,158188,427,291,455,308,441,299,158124
833,158189,186,216,205,234,195,225,158125
833,158190,323,1,338,14,330,7,158126
833,158191,164,0,178,4,171,2,158127
833,158192,228,249,254,265,241,257,158128
833,158193,342,264,360,288,351,276,158129
833,158194,412,310,441,325,426,317,158130
833,158195,631,327,639,351,635,339,158131
834,158196,444,0,534,73,489,36,158132
834,158197,539,247,571,274,555,260,158133
834,158198,596,234,621,263,608,248,158134
834,158199,468,183,490,229,479,206,158135
834,158200,596,127,623,165,609,146,158136
834,158201,267,0,346,52,306,26,158137
834,158202,381,121,403,156,392,138,158138
834,158203,529,70,557,95,543,82,158139
834,158204,417,113,441,145,429,129,158140
834,158205,60,164,83,186,71,175,158141
834,158206,543,207,578,231,560,219,158142
834,158207,99,165,116,200,107,182,158143
834,158208,363,20,384,65,373,42,158144
834,158209,208,317,231,347,219,332,158145
834,158210,300,53,321,85,310,69,158146
834,158211,246,52,267,81,256,66,158147
834,158212,609,0,638,21,623,10,158148
834,158213,269,290,299,312,284,301,158149
834,158214,271,75,291,105,281,90,158150
834,158215,499,28,525,55,512,41,158151
834,158216,574,68,610,96,592,82,158152
834,158217,261,178,281,210,271,194,158153
834,158218,611,47,637,75,624,61,158154
834,158219,291,230,313,255,302,242,158155
834,158220,119,89,138,114,128,101,158156
834,158221,233,84,256,107,244,95,158157
834,158222,36,120,54,141,45,130,158158
834,158223,72,129,88,155,80,142,158159
834,158224,56,100,74,121,65,110,158160
834,158225,228,50,250,74,239,62,158161
834,158226,200,12,220,36,210,24,158162
834,158227,231,5,259,27,245,16,158163
834,158228,37,158,55,178,46,168,158164
834,158229,40,88,56,114,48,101,158165
834,158230,486,253,514,277,500,265,158166
834,158231,291,23,317,41,304,32,158167
834,158232,124,0,188,23,156,11,158168
834,158233,53,20,67,53,60,36,158169
834,158234,181,68,201,94,191,81,158170
834,158235,195,56,212,80,203,68,158171
834,158236,313,128,336,153,324,140,158172
834,158237,307,98,334,121,320,109,158173
834,158238,512,0,540,14,526,7,158174
834,158239,542,155,573,182,557,168,158175
834,158240,348,62,376,86,362,74,158176
834,158241,29,244,43,263,36,253,158177
834,158242,49,230,69,252,59,241,158178
834,158243,31,274,48,300,39,287,158179
834,158244,382,52,416,73,399,62,158180
834,158245,417,18,436,46,426,32,158181
834,158246,218,0,228,8,223,4,158182
834,158247,582,10,608,22,595,16,158183
834,158248,396,11,417,33,406,22,158184
834,158249,384,9,398,29,391,19,158185
834,158250,66,20,82,41,74,30,158186
834,158251,436,50,456,79,446,64,158187
834,158252,427,291,455,309,441,300,158188
834,158253,187,217,206,234,196,225,158189
834,158254,323,1,338,14,330,7,158190
834,158255,164,0,178,4,171,2,158191
834,158256,228,249,254,265,241,257,158192
834,158257,342,264,360,288,351,276,158193
834,158258,411,310,440,325,425,317,158194
835,158259,444,0,534,73,489,36,158196
835,158260,539,247,571,274,555,260,158197
835,158261,596,234,621,263,608,248,158198
835,158262,468,183,490,229,479,206,158199
835,158263,596,127,623,165,609,146,158200
835,158264,267,0,346,52,306,26,158201
835,158265,381,121,403,156,392,138,158202
835,158266,529,70,557,95,543,82,158203
835,158267,417,113,441,145,429,129,158204
835,158268,60,164,83,186,71,175,158205
835,158269,543,207,578,231,560,219,158206
835,158270,99,165,116,200,107,182,158207
835,158271,363,20,384,64,373,42,158208
835,158272,208,317,231,347,219,332,158209
835,158273,300,53,321,85,310,69,158210
835,158274,246,52,267,81,256,66,158211
835,158275,609,0,638,21,623,10,158212
835,158276,270,289,299,312,284,300,158213
835,158277,271,75,291,105,281,90,158214
835,158278,498,28,526,55,512,41,158215
835,158279,574,68,610,96,592,82,158216
835,158280,261,178,281,210,271,194,158217
835,158281,611,48,637,75,624,61,158218
835,158282,292,231,313,255,302,243,158219
835,158283,119,89,138,114,128,101,158220
835,158284,233,84,256,107,244,95,158221
835,158285,36,120,54,141,45,130,158222
835,158286,72,129,88,155,80,142,158223
835,158287,56,100,74,121,65,110,158224
835,158288,228,50,250,74,239,62,158225
835,158289,200,12,220,36,210,24,158226
835,158290,231,5,259,27,245,16,158227
835,158291,37,158,55,178,46,168,158228
835,158292,40,88,56,114,48,101,158229
835,158293,486,253,514,277,500,265,158230
835,158294,291,23,317,41,304,32,158231
835,158295,124,0,188,23,156,11,158232
835,158296,53,20,67,53,60,36,158233
835,158297,181,68,201,94,191,81,158234
835,158298,195,56,212,80,203,68,158235
835,158299,313,128,336,153,324,140,158236
835,158300,307,98,334,121,320,109,158237
835,158301,512,0,541,14,526,7,158238
835,158302,542,155,573,182,557,168,158239
835,158303,348,62,376,86,362,74,158240
835,158304,29,244,43,263,36,253,158241
835,158305,49,230,69,252,59,241,158242
835,158306,31,274,48,300,39,287,158243
835,158307,381,51,414,72,397,61,158244
835,158308,417,18,436,46,426,32,158245
835,158309,218,0,228,8,223,4,158246
835,158310,582,10,608,22,595,16,158247
835,158311,396,11,417,33,406,22,158248
835,158312,384,9,398,29,391,19,158249
835,158313,66,20,82,41,74,30,158250
835,158314,436,51,456,79,446,65,158251
835,158315,427,291,455,309,441,300,158252
835,158316,187,217,206,233,196,225,158253
835,158317,323,1,338,14,330,7,158254
835,158318,164,0,178,4,171,2,158255
835,158319,228,249,254,265,241,257,158256
835,158320,342,264,360,287,351,275,158257
835,158321,411,310,439,325,425,317,158258
836,158322,444,0,534,73,489,36,158259
836,158323,539,247,571,274,555,260,158260
836,158324,596,234,621,263,608,248,158261
836,158325,468,183,490,229,479,206,158262
836,158326,596,127,623,165,609,146,158263
836,158327,267,0,346,51,306,25,158264
836,158328,381,121,403,156,392,138,158265
836,158329,529,70,557,95,543,82,158266
836,158330,417,113,441,146,429,129,158267
836,158331,60,164,83,186,71,175,158268
836,158332,543,207,578,231,560,219,158269
836,158333,99,165,116,200,107,182,158270
836,158334,363,20,384,65,373,42,158271
836,158335,208,317,231,347,219,332,158272
836,158336,300,53,321,85,310,69,158273
836,158337,246,52,267,81,256,66,158274
836,158338,609,0,638,21,623,10,158275
836,158339,271,289,299,311,285,300,158276
836,158340,271,75,291,105,281,90,158277
836,158341,498,28,526,54,512,41,158278
836,158342,574,68,610,96,592,82,158279
836,158343,261,178,281,210,271,194,158280
836,158344,611,48,637,75,624,61,158281
836,158345,292,231,313,255,302,243,158282
836,158346,119,89,138,114,128,101,158283
836,158347,233,84,256,107,244,95,158284
836,158348,36,120,54,141,45,130,158285
836,158349,72,129,88,155,80,142,158286
836,158350,56,100,74,121,65,110,158287
836,158351,228,50,250,74,239,62,158288
836,158352,200,12,220,36,210,24,158289
836,158353,231,5,259,27,245,16,158290
836,158354,37,158,55,178,46,168,158291
836,158355,40,88,56,114,48,101,158292
836,158356,486,253,514,277,500,265,158293
836,158357,291,23,317,41,304,32,158294
836,158358,124,0,188,23,156,11,158295
836,158359,53,20,67,53,60,36,158296
836,158360,181,68,201,94,191,81,158297
836,158361,195,56,212,80,203,68,158298
836,158362,313,128,336,153,324,140,158299
836,158363,307,98,334,121,320,109,158300
836,158364,512,0,541,14,526,7,158301
836,158365,542,155,573,182,557,168,158302
836,158366,348,62,376,86,362,74,158303
836,158367,29,244,43,263,36,253,158304
836,158368,49,230,69,252,59,241,158305
836,158369,31,274,48,300,39,287,158306
836,158370,380,50,412,72,396,61,158307
836,158371,417,18,436,46,426,32,158308
836,158372,218,0,228,8,223,4,158309
836,158373,582,10,608,22,595,16,158310
836,158374,396,11,417,33,406,22,158311
836,158375,384,9,398,29,391,19,158312
836,158376,66,20,82,41,74,30,158313
836,158377,436,52,456,79,446,65,158314
836,158378,428,291,455,309,441,300,158315
836,158379,188,217,207,233,197,225,158316
836,158380,323,1,338,14,330,7,158317
836,158381,164,0,178,4,171,2,158318
836,158382,228,249,254,265,241,257,158319
836,158383,342,264,360,286,351,275,158320
836,158384,411,310,437,323,424,316,158321
837,158385,444,0,534,73,489,36,158322
837,158386,539,247,571,274,555,260,158323
837,158387,596,234,621,263,608,248,158324
837,158388,468,183,490,229,479,206,158325
837,158389,596,127,623,165,609,146,158326
837,158390,267,0,346,52,306,26,158327
837,158391,381,121,403,156,392,138,158328
837,158392,529,70,557,95,543,82,158329
837,158393,417,113,441,146,429,129,158330
837,158394,60,164,83,186,71,175,158331
837,158395,543,207,578,231,560,219,158332
837,158396,99,165,116,200,107,182,158333
837,158397,363,20,384,65,373,42,158334
837,158398,208,317,231,347,219,332,158335
837,158399,300,53,321,85,310,69,158336
837,158400,246,52,267,81,256,66,158337
837,158401,609,0,638,21,623,10,158338
837,158402,272,288,299,310,285,299,158339
837,158403,271,75,291,105,281,90,158340
837,158404,498,27,525,54,511,40,158341
837,158405,574,68,610,96,592,82,158342
837,158406,261,178,281,210,271,194,158343
837,158407,611,48,637,75,624,61,158344
837,158408,292,231,313,255,302,243,158345
837,158409,119,89,138,114,128,101,158346
837,158410,233,84,256,107,244,95,158347
837,158411,36,120,54,141,45,130,158348
837,158412,72,129,88,155,80,142,158349
837,158413,56,100,74,121,65,110,158350
837,158414,228,50,250,74,239,62,158351
837,158415,201,12,220,36,210,24,158352
837,158416,231,5,259,27,245,16,158353
837,158417,37,158,55,178,46,168,158354
837,158418,40,88,56,114,48,101,158355
837,158419,486,253,514,277,500,265,158356
837,158420,291,23,318,41,304,32,158357
837,158421,124,0,188,23,156,11,158358
837,158422,53,20,67,53,60,36,158359
837,158423,181,68,201,94,191,81,158360
837,158424,195,56,212,80,203,68,158361
837,158425,313,128,336,153,324,140,158362
837,158426,307,98,334,121,320,109,158363
837,158427,512,0,541,14,526,7,158364
837,158428,542,155,573,182,557,168,158365
837,158429,348,62,376,86,362,74,158366
837,158430,29,244,43,263,36,253,158367
837,158431,49,230,69,252,59,241,158368
837,158432,31,274,48,300,39,287,158369
837,158433,380,50,411,71,395,60,158370
837,158434,417,18,436,46,426,32,158371
837,158435,218,0,228,8,223,4,158372
837,158436,582,10,608,22,595,16,158373
837,158437,396,11,417,33,406,22,158374
837,158438,384,9,398,29,391,19,158375
837,158439,66,20,82,41,74,30,158376
837,158440,437,52,457,79,447,65,158377
837,158441,428,291,455,308,441,299,158378
837,158442,189,217,208,233,198,225,158379
837,158443,323,1,338,14,330,7,158380
837,158444,164,0,178,4,171,2,158381
837,158445,228,249,254,265,241,257,158382
837,158446,342,264,360,286,351,275,158383
838,158447,444,0,534,73,489,36,158385
838,158448,539,247,571,274,555,260,158386
838,158449,596,234,621,263,608,248,158387
838,158450,468,183,490,229,479,206,158388
838,158451,596,127,623,165,609,146,158389
838,158452,267,0,346,52,306,26,158390
838,158453,381,121,403,156,392,138,158391
838,158454,529,70,557,95,543,82,158392
838,158455,417,113,441,146,429,129,158393
838,158456,60,164,83,186,71,175,158394
838,158457,543,207,578,231,560,219,158395
838,158458,99,165,116,200,107,182,158396
838,158459,363,20,384,65,373,42,158397
838,158460,208,317,231,347,219,332,158398
838,158461,300,53,321,85,310,69,158399
838,158462,246,52,267,81,256,66,158400
838,158463,609,0,638,21,623,10,158401
838,158464,272,288,299,310,285,299,158402
838,158465,271,75,291,105,281,90,158403
838,158466,498,27,525,54,511,40,158404
838,158467,574,68,610,96,592,82,158405
838,158468,261,178,281,210,271,194,158406
838,158469,611,49,637,75,624,62,158407
838,158470,292,231,313,255,302,243,158408
838,158471,119,89,138,114,128,101,158409
838,158472,233,84,256,107,244,95,158410
838,158473,36,120,54,141,45,130,158411
838,158474,72,129,88,155,80,142,158412
838,158475,56,100,74,121,65,110,158413
838,158476,228,50,250,74,239,62,158414
838,158477,201,12,220,36,210,24,158415
838,158478,231,5,259,27,245,16,158416
838,158479,37,158,55,178,46,168,158417
838,158480,40,88,56,114,48,101,158418
838,158481,486,253,514,277,500,265,158419
838,158482,291,23,318,41,304,32,158420
838,158483,124,0,188,23,156,11,158421
838,158484,53,20,67,53,60,36,158422
838,158485,181,68,201,94,191,81,158423
838,158486,195,56,212,80,203,68,158424
838,158487,313,128,336,153,324,140,158425
838,158488,307,98,334,121,320,109,158426
838,158489,512,0,540,14,526,7,158427
838,158490,542,155,573,182,557,168,158428
838,158491,348,62,376,86,362,74,158429
838,158492,29,244,43,263,36,253,158430
838,158493,49,230,69,252,59,241,158431
838,158494,31,274,48,300,39,287,158432
838,158495,380,50,411,71,395,60,158433
838,158496,417,18,436,46,426,32,158434
838,158497,218,0,228,8,223,4,158435
838,158498,582,10,608,22,595,16,158436
838,158499,396,11,417,33,406,22,158437
838,158500,384,9,398,29,391,19,158438
838,158501,66,20,82,41,74,30,158439
838,158502,438,52,457,79,447,65,158440
838,158503,428,291,456,308,442,299,158441
838,158504,189,217,208,233,198,225,158442
838,158505,323,1,338,14,330,7,158443
838,158506,164,0,178,4,171,2,158444
838,158507,228,249,254,265,241,257,158445
838,158508,342,264,360,286,351,275,158446
839,158509,444,0,534,73,489,36,158447
839,158510,539,247,571,274,555,260,158448
839,158511,596,234,621,263,608,248,158449
839,158512,468,183,490,229,479,206,158450
839,158513,596,127,623,165,609,146,158451
839,158514,267,0,346,52,306,26,158452
839,158515,381,121,403,156,392,138,158453
839,158516,529,70,557,95,543,82,158454
839,158517,417,113,441,146,429,129,158455
839,158518,60,164,83,186,71,175,158456
839,158519,543,207,578,231,560,219,158457
839,158520,99,165,116,200,107,182,158458
839,158521,363,21,384,64,373,42,158459
839,158522,208,317,231,347,219,332,158460
839,158523,300,53,321,85,310,69,158461
839,158524,246,52,267,81,256,66,158462
839,158525,609,0,638,21,623,10,158463
839,158526,272,287,299,310,285,298,158464
839,158527,271,75,291,105,281,90,158465
839,158528,498,27,525,54,511,40,158466
839,158529,574,68,610,96,592,82,158467
839,158530,261,178,281,210,271,194,158468
839,158531,611,49,637,75,624,62,158469
839,158532,292,231,313,255,302,243,158470
839,158533,119,89,138,114,128,101,158471
839,158534,233,84,256,107,244,95,158472
839,158535,36,120,54,141,45,130,158473
839,158536,72,129,88,155,80,142,158474
839,158537,56,100,74,121,65,110,158475
839,158538,228,50,250,74,239,62,158476
839,158539,201,12,220,36,210,24,158477
839,158540,231,5,259,27,245,16,158478
839,158541,37,158,55,178,46,168,158479
839,158542,40,88,56,114,48,101,158480
839,158543,486,253,514,277,500,265,158481
839,158544,291,23,318,41,304,32,158482
839,158545,124,0,188,23,156,11,158483
839,158546,53,20,67,53,60,36,158484
839,158547,181,68,201,94,191,81,158485
839,158548,195,56,212,80,203,68,158486
839,158549,313,128,336,153,324,140,158487
839,158550,307,98,334,121,320,109,158488
839,158551,512,0,541,14,526,7,158489
839,158552,542,155,573,182,557,168,158490
839,158553,348,62,376,86,362,74,158491
839,158554,29,244,43,263,36,253,158492
839,158555,49,230,69,252,59,241,158493
839,158556,31,274,48,300,39,287,158494
839,158557,380,50,411,71,395,60,158495
839,158558,417,18,436,46,426,32,158496
839,158559,218,0,228,8,223,4,158497
839,158560,582,10,608,22,595,16,158498
839,158561,389,10,417,32,403,21,158499
839,158562,384,9,399,30,391,19,158500
839,158563,66,20,82,41,74,30,158501
839,158564,439,52,458,79,448,65,158502
839,158565,428,291,456,308,442,299,158503
839,158566,190,217,209,233,199,225,158504
839,158567,323,1,338,14,330,7,158505
839,158568,164,0,178,4,171,2,158506
839,158569,229,249,254,265,241,257,158507
839,158570,342,264,360,285,351,274,158508
840,158571,444,0,534,73,489,36,158509
840,158572,539,247,571,274,555,260,158510
840,158573,596,234,621,263,608,248,158511
840,158574,468,183,490,229,479,206,158512
840,158575,596,127,623,165,609,146,158513
840,158576,267,0,346,52,306,26,158514
840,158577,381,121,403,156,392,138,158515
840,158578,529,70,557,95,543,82,158516
840,158579,417,113,441,146,429,129,158517
840,158580,60,164,83,186,71,175,158518
840,158581,543,207,578,231,560,219,158519
840,158582,99,165,116,200,107,182,158520
840,158583,363,21,385,64,374,42,158521
840,158584,208,317,231,347,219,332,158522
840,158585,300,53,321,85,310,69,158523
840,158586,246,52,267,81,256,66,158524
840,158587,609,0,638,21,623,10,158525
840,158588,272,287,299,310,285,298,158526
840,158589,271,75,291,105,281,90,158527
840,158590,498,27,525,54,511,40,158528
840,158591,574,68,610,96,592,82,158529
840,158592,261,178,281,210,271,194,158530
840,158593,612,49,637,75,624,62,158531
840,158594,293,231,313,255,303,243,158532
840,158595,119,89,138,114,128,101,158533
840,158596,233,84,256,107,244,95,158534
840,158597,36,120,54,141,45,130,158535
840,158598,72,129,88,155,80,142,158536
840,158599,56,100,74,121,65,110,158537
840,158600,228,50,250,74,239,62,158538
840,158601,202,12,220,36,211,24,158539
840,158602,231,5,259,27,245,16,158540
840,158603,37,158,55,178,46,168,158541
840,158604,40,88,56,114,48,101,158542
840,158605,486,253,514,277,500,265,158543
840,158606,291,23,318,41,304,32,158544
840,158607,124,0,188,23,156,11,158545
840,158608,53,20,67,53,60,36,158546
840,158609,181,68,201,94,191,81,158547
840,158610,195,56,212,80,203,68,158548
840,158611,313,128,336,153,324,140,158549
840,158612,307,98,334,121,320,109,158550
840,158613,512,0,541,14,526,7,158551
840,158614,542,155,573,182,557,168,158552
840,158615,348,62,376,86,362,74,158553
840,158616,29,244,43,263,36,253,158554
840,158617,49,230,69,252,59,241,158555
840,158618,31,274,48,300,39,287,158556
840,158619,380,50,411,70,395,60,158557
840,158620,417,18,436,46,426,32,158558
840,158621,218,0,228,8,223,4,158559
840,158622,582,10,608,22,595,16,158560
840,158623,385,9,416,33,400,21,158561
840,158624,66,20,82,41,74,30,158563
840,158625,440,53,460,80,450,66,158564
840,158626,428,291,456,308,442,299,158565
840,158627,191,216,211,233,201,224,158566
840,158628,323,1,338,14,330,7,158567
840,158629,164,0,178,4,171,2,158568
840,158630,228,249,254,265,241,257,158569
840,158631,342,264,360,285,351,274,158570
841,158632,444,0,534,73,489,36,158571
841,158633,539,247,571,274,555,260,158572
841,158634,596,234,621,263,608,248,158573
841,158635,468,183,490,229,479,206,158574
841,158636,596,127,623,165,609,146,158575
841,158637,267,0,346,52,306,26,158576
841,158638,381,121,403,156,392,138,158577
841,158639,529,70,557,95,543,82,158578
841,158640,417,113,441,146,429,129,158579
841,158641,60,164,83,186,71,175,158580
841,158642,543,207,578,231,560,219,158581
841,158643,99,165,116,200,107,182,158582
841,158644,363,21,384,64,373,42,158583
841,158645,208,317,231,347,219,332,158584
841,158646,300,52,321,85,310,68,158585
841,158647,246,52,267,81,256,66,158586
841,158648,609,0,638,21,623,10,158587
841,158649,272,287,299,309,285,298,158588
841,158650,271,75,291,105,281,90,158589
841,158651,498,28,525,54,511,41,158590
841,158652,574,68,610,96,592,82,158591
841,158653,261,178,281,210,271,194,158592
841,158654,611,48,637,75,624,61,158593
841,158655,293,231,313,255,303,243,158594
841,158656,119,89,138,114,128,101,158595
841,158657,233,84,256,107,244,95,158596
841,158658,36,120,54,141,45,130,158597
841,158659,72,129,88,155,80,142,158598
841,158660,56,100,74,121,65,110,158599
841,158661,228,50,250,74,239,62,158600
841,158662,202,12,220,36,211,24,158601
841,158663,231,5,259,27,245,16,158602
841,158664,37,158,55,178,46,168,158603
841,158665,40,88,56,114,48,101,158604
841,158666,486,253,514,277,500,265,158605
841,158667,291,24,318,41,304,32,158606
841,158668,124,0,188,23,156,11,158607
841,158669,53,20,67,53,60,36,158608
841,158670,181,68,201,94,191,81,158609
841,158671,195,56,212,80,203,68,158610
841,158672,313,128,336,153,324,140,158611
841,158673,306,98,334,121,320,109,158612
841,158674,512,0,541,14,526,7,158613
841,158675,542,155,573,182,557,168,158614
841,158676,348,62,376,86,362,74,158615
841,158677,29,244,43,263,36,253,158616
841,158678,49,230,69,252,59,241,158617
841,158679,31,274,48,300,39,287,158618
841,158680,380,50,411,70,395,60,158619
841,158681,417,18,436,46,426,32,158620
841,158682,218,0,228,8,223,4,158621
841,158683,582,10,607,22,594,16,158622
841,158684,384,9,416,32,400,20,158623
841,158685,66,20,82,41,74,30,158624
841,158686,442,52,462,80,452,66,158625
841,158687,428,291,456,308,442,299,158626
841,158688,193,216,213,233,203,224,158627
841,158689,323,1,338,14,330,7,158628
841,158690,164,0,178,4,171,2,158629
841,158691,228,249,254,265,241,257,158630
841,158692,342,263,361,285,351,274,158631
842,158693,444,0,534,73,489,36,158632
842,158694,539,247,571,274,555,260,158633
842,158695,596,234,621,263,608,248,158634
842,158696,468,183,490,229,479,206,158635
842,158697,596,127,623,165,609,146,158636
842,158698,267,0,346,52,306,26,158637
842,158699,381,121,403,156,392,138,158638
842,158700,529,70,557,95,543,82,158639
842,158701,417,113,441,146,429,129,158640
842,158702,60,164,83,186,71,175,158641
842,158703,543,207,578,231,560,219,158642
842,158704,99,165,116,200,107,182,158643
842,158705,363,21,384,64,373,42,158644
842,158706,208,317,231,347,219,332,158645
842,158707,300,52,321,85,310,68,158646
842,158708,246,52,267,81,256,66,158647
842,158709,609,0,638,21,623,10,158648
842,158710,272,286,299,309,285,297,158649
842,158711,271,75,291,105,281,90,158650
842,158712,498,28,525,55,511,41,158651
842,158713,574,68,610,96,592,82,158652
842,158714,261,178,281,210,271,194,158653
842,158715,611,48,637,75,624,61,158654
842,158716,293,231,313,255,303,243,158655
842,158717,119,89,138,114,128,101,158656
842,158718,233,84,256,107,244,95,158657
842,158719,36,120,54,141,45,130,158658
842,158720,72,128,88,155,80,141,158659
842,158721,56,100,74,121,65,110,158660
842,158722,228,50,250,74,239,62,158661
842,158723,201,12,220,35,210,23,158662
842,158724,231,5,259,27,245,16,158663
842,158725,37,158,55,178,46,168,158664
842,158726,40,88,56,114,48,101,158665
842,158727,486,253,514,277,500,265,158666
842,158728,291,24,318,41,304,32,158667
842,158729,124,0,188,23,156,11,158668
842,158730,53,20,67,53,60,36,158669
842,158731,181,68,201,94,191,81,158670
842,158732,195,56,212,80,203,68,158671
842,158733,313,128,336,153,324,140,158672
842,158734,306,98,334,121,320,109,158673
842,158735,512,0,541,14,526,7,158674
842,158736,542,155,573,182,557,168,158675
842,158737,348,62,376,86,362,74,158676
842,158738,29,244,43,263,36,253,158677
842,158739,49,230,69,252,59,241,158678
842,158740,31,274,48,300,39,287,158679
842,158741,380,50,410,70,395,60,158680
842,158742,417,18,436,46,426,32,158681
842,158743,218,0,228,8,223,4,158682
842,158744,582,9,607,22,594,15,158683
842,158745,383,9,417,32,400,20,158684
842,158746,66,20,82,41,74,30,158685
842,158747,443,52,462,80,452,66,158686
842,158748,428,291,456,308,442,299,158687
842,158749,195,215,215,233,205,224,158688
842,158750,323,1,338,14,330,7,158689
842,158751,164,0,178,4,171,2,158690
842,158752,229,249,254,265,241,257,158691
842,158753,342,263,361,285,351,274,158692
843,158754,444,0,534,73,489,36,158693
843,158755,539,247,571,274,555,260,158694
843,158756,596,234,621,263,608,248,158695
843,158757,468,183,490,229,479,206,158696
843,158758,596,127,623,165,609,146,158697
843,158759,267,0,346,52,306,26,158698
843,158760,381,121,403,156,392,138,158699
843,158761,529,70,557,95,543,82,158700
843,158762,417,113,441,146,429,129,158701
843,158763,60,164,83,186,71,175,158702
843,158764,543,207,578,231,560,219,158703
843,158765,99,165,116,200,107,182,158704
843,158766,363,21,384,64,373,42,158705
843,158767,208,317,231,347,219,332,158706
843,158768,300,52,321,85,310,68,158707
843,158769,246,52,267,81,256,66,158708
843,158770,609,0,638,21,623,10,158709
843,158771,272,286,299,309,285,297,158710
843,158772,271,75,291,105,281,90,158711
843,158773,498,29,525,55,511,42,158712
843,158774,574,68,610,96,592,82,158713
843,158775,261,178,281,210,271,194,158714
843,158776,611,48,637,75,624,61,158715
843,158777,293,231,313,255,303,243,158716
843,158778,119,89,138,114,128,101,158717
843,158779,232,84,256,107,244,95,158718
843,158780,36,120,54,141,45,130,158719
843,158781,72,128,88,155,80,141,158720
843,158782,56,100,74,121,65,110,158721
843,158783,228,50,250,74,239,62,158722
843,158784,201,12,220,35,210,23,158723
843,158785,231,5,259,27,245,16,158724
843,158786,37,158,55,178,46,168,158725
843,158787,40,88,56,114,48,101,158726
843,158788,486,253,514,277,500,265,158727
843,158789,291,24,318,41,304,32,158728
843,158790,124,0,188,23,156,11,158729
843,158791,53,20,67,53,60,36,158730
843,158792,181,68,201,94,191,81,158731
843,158793,195,56,212,80,203,68,158732
843,158794,313,128,336,153,324,140,158733
843,158795,306,98,334,121,320,109,158734
843,158796,512,0,541,14,526,7,158735
843,158797,542,155,573,182,557,168,158736
843,158798,348,62,376,86,362,74,158737
843,158799,29,244,43,263,36,253,158738
843,158800,49,230,69,252,59,241,158739
843,158801,31,274,48,300,39,287,158740
843,158802,380,50,410,70,395,60,158741
843,158803,417,18,436,46,426,32,158742
843,158804,218,0,228,8,223,4,158743
843,158805,582,9,607,22,594,15,158744
843,158806,383,9,417,32,400,20,158745
843,158807,66,20,82,41,74,30,158746
843,158808,443,52,462,80,452,66,158747
843,158809,428,291,456,308,442,299,158748
843,158810,196,214,216,233,206,223,158749
843,158811,323,1,338,14,330,7,158750
843,158812,164,0,178,4,171,2,158751
843,158813,229,249,254,265,241,257,158752
843,158814,342,263,361,285,351,274,158753
844,158815,444,0,534,73,489,36,158754
844,158816,539,247,571,274,555,260,158755
844,158817,596,234,621,263,608,248,158756
844,158818,468,183,490,229,479,206,158757
844,158819,596,127,623,165,609,146,158758
844,158820,267,0,346,52,306,26,158759
844,158821,381,121,403,156,392,138,158760
844,158822,529,70,557,95,543,82,158761
844,158823,417,113,441,146,429,129,158762
844,158824,60,164,83,186,71,175,158763
844,158825,543,207,578,231,560,219,158764
844,158826,99,165,116,200,107,182,158765
844,158827,363,21,384,64,373,42,158766
844,158828,208,316,231,347,219,331,158767
844,158829,300,52,321,85,310,68,158768
844,158830,246,52,267,81,256,66,158769
844,158831,609,0,638,21,623,10,158770
844,158832,272,286,300,309,286,297,158771
844,158833,271,75,291,105,281,90,158772
844,158834,498,29,525,55,511,42,158773
844,158835,574,68,610,96,592,82,158774
844,158836,261,178,281,210,271,194,158775
844,158837,611,48,637,75,624,61,158776
844,158838,293,231,313,255,303,243,158777
844,158839,119,89,138,114,128,101,158778
844,158840,232,84,256,107,244,95,158779
844,158841,36,120,54,141,45,130,158780
844,158842,72,128,88,155,80,141,158781
844,158843,56,100,74,121,65,110,158782
844,158844,228,50,250,74,239,62,158783
844,158845,201,12,220,35,210,23,158784
844,158846,231,5,259,27,245,16,158785
844,158847,37,158,55,178,46,168,158786
844,158848,40,88,56,114,48,101,158787
844,158849,486,253,514,277,500,265,158788
844,158850,291,24,319,41,305,32,158789
844,158851,124,0,188,23,156,11,158790
844,158852,53,20,67,53,60,36,158791
844,158853,181,68,201,94,191,81,158792
844,158854,195,56,212,80,203,68,158793
844,158855,313,128,336,153,324,140,158794
844,158856,306,98,334,121,320,109,158795
844,158857,512,0,541,14,526,7,158796
844,158858,542,155,573,182,557,168,158797
844,158859,348,62,376,86,362,74,158798
844,158860,29,244,43,263,36,253,158799
844,158861,49,230,69,252,59,241,158800
844,158862,31,274,48,300,39,287,158801
844,158863,380,50,409,69,394,59,158802
844,158864,417,18,436,46,426,32,158803
844,158865,218,0,228,8,223,4,158804
844,158866,582,9,607,22,594,15,158805
844,158867,383,9,417,32,400,20,158806
844,158868,66,20,82,41,74,30,158807
844,158869,444,52,463,81,453,66,158808
844,158870,428,291,456,308,442,299,158809
844,158871,197,214,217,233,207,223,158810
844,158872,323,1,338,14,330,7,158811
844,158873,164,0,178,4,171,2,158812
844,158874,229,249,254,265,241,257,158813
844,158875,342,263,361,284,351,273,158814
845,158876,444,0,534,73,489,36,158815
845,158877,539,247,571,274,555,260,158816
845,158878,596,234,621,263,608,248,158817
845,158879,468,183,490,229,479,206,158818
845,158880,596,127,623,165,609,146,158819
845,158881,267,0,346,52,306,26,158820
845,158882,381,121,403,156,392,138,158821
845,158883,529,70,557,95,543,82,158822
845,158884,417,113,441,146,429,129,158823
845,158885,60,164,83,186,71,175,158824
845,158886,543,207,578,231,560,219,158825
845,158887,99,165,116,200,107,182,158826
845,158888,363,21,384,63,373,42,158827
845,158889,208,316,231,347,219,331,158828
845,158890,300,52,321,85,310,68,158829
845,158891,246,52,267,81,256,66,158830
845,158892,609,0,639,21,624,10,158831
845,158893,273,285,299,308,286,296,158832
845,158894,271,75,291,105,281,90,158833
845,158895,499,28,525,54,512,41,158834
845,158896,574,68,610,96,592,82,158835
845,158897,261,178,281,210,271,194,158836
845,158898,611,48,637,75,624,61,158837
845,158899,293,231,313,255,303,243,158838
845,158900,119,89,138,114,128,101,158839
845,158901,232,84,256,107,244,95,158840
845,158902,36,120,54,141,45,130,158841
845,158903,72,128,88,155,80,141,158842
845,158904,56,100,74,121,65,110,158843
845,158905,228,50,250,74,239,62,158844
845,158906,201,12,220,35,210,23,158845
845,158907,231,5,259,27,245,16,158846
845,158908,37,158,55,178,46,168,158847
845,158909,40,88,56,114,48,101,158848
845,158910,486,253,514,277,500,265,158849
845,158911,291,23,319,41,305,32,158850
845,158912,124,0,188,23,156,11,158851
845,158913,53,20,67,53,60,36,158852
845,158914,181,68,201,94,191,81,158853
845,158915,195,56,212,80,203,68,158854
845,158916,313,128,336,153,324,140,158855
845,158917,306,98,334,121,320,109,158856
845,158918,514,0,541,14,527,7,158857
845,158919,542,155,573,182,557,168,158858
845,158920,348,62,376,86,362,74,158859
845,158921,29,244,43,263,36,253,158860
845,158922,49,230,69,252,59,241,158861
845,158923,31,274,48,300,39,287,158862
845,158924,379,49,408,69,393,59,158863
845,158925,417,19,436,46,426,32,158864
845,158926,218,0,228,8,223,4,158865
845,158927,582,9,607,22,594,15,158866
845,158928,383,9,417,32,400,20,158867
845,158929,66,20,82,41,74,30,158868
845,158930,444,52,463,81,453,66,158869
845,158931,428,291,456,308,442,299,158870
845,158932,198,214,217,234,207,224,158871
845,158933,323,1,338,14,330,7,158872
845,158934,164,0,178,4,171,2,158873
845,158935,229,249,254,265,241,257,158874
845,158936,342,263,360,284,351,273,158875
846,158937,444,0,534,73,489,36,158876
846,158938,539,247,571,274,555,260,158877
846,158939,596,234,621,263,608,248,158878
846,158940,468,183,490,229,479,206,158879
846,158941,596,127,623,165,609,146,158880
846,158942,267,0,346,52,306,26,158881
846,158943,381,121,403,156,392,138,158882
846,158944,529,70,557,95,543,82,158883
846,158945,417,113,441,146,429,129,158884
846,158946,60,164,83,186,71,175,158885
846,158947,543,207,578,231,560,219,158886
846,158948,99,165,116,200,107,182,158887
846,158949,363,21,384,63,373,42,158888
846,158950,208,316,231,347,219,331,158889
846,158951,300,52,321,85,310,68,158890
846,158952,246,52,267,81,256,66,158891
846,158953,609,0,639,21,624,10,158892
846,158954,273,284,299,308,286,296,158893
846,158955,271,75,291,105,281,90,158894
846,158956,499,28,525,55,512,41,158895
846,158957,574,68,610,96,592,82,158896
846,158958,261,178,281,210,271,194,158897
846,158959,611,48,637,75,624,61,158898
846,158960,293,230,313,255,303,242,158899
846,158961,119,89,138,114,128,101,158900
846,158962,232,84,256,107,244,95,158901
846,158963,36,120,54,141,45,130,158902
846,158964,72,128,88,155,80,141,158903
846,158965,56,100,74,121,65,110,158904
846,158966,228,50,250,74,239,62,158905
846,158967,201,12,220,35,210,23,158906
846,158968,231,5,259,27,245,16,158907
846,158969,37,158,55,178,46,168,158908
846,158970,40,88,56,114,48,101,158909
846,158971,486,253,514,277,500,265,158910
846,158972,291,24,319,41,305,32,158911
846,158973,124,0,188,23,156,11,158912
846,158974,53,20,67,53,60,36,158913
846,158975,181,68,201,94,191,81,158914
846,158976,195,56,212,80,203,68,158915
846,158977,313,128,336,153,324,140,158916
846,158978,306,98,334,121,320,109,158917
846,158979,514,0,541,14,527,7,158918
846,158980,542,155,573,182,557,168,158919
846,158981,348,62,376,86,362,74,158920
846,158982,29,244,43,263,36,253,158921
846,158983,49,230,69,252,59,241,158922
846,158984,31,274,48,300,39,287,158923
846,158985,379,47,407,70,393,58,158924
846,158986,417,19,437,45,427,32,158925
846,158987,218,0,228,8,223,4,158926
846,158988,582,9,607,22,594,15,158927
846,158989,383,9,417,31,400,20,158928
846,158990,66,20,82,41,74,30,158929
846,158991,444,52,463,81,453,66,158930
846,158992,428,291,456,308,442,299,158931
846,158993,199,214,218,235,208,224,158932
846,158994,323,1,338,14,330,7,158933
846,158995,164,0,178,4,171,2,158934
846,158996,229,249,254,265,241,257,158935
846,158997,342,263,360,284,351,273,158936
846,158998,185,232,215,255,200,243,
847,158999,444,0,534,73,489,36,158937
847,159000,539,247,571,274,555,260,158938
847,159001,596,234,621,263,608,248,158939
847,159002,468,183,490,229,479,206,158940
847,159003,596,127,623,165,609,146,158941
847,159004,267,0,346,52,306,26,158942
847,159005,381,121,403,156,392,138,158943
847,159006,529,70,558,95,543,82,158944
847,159007,417,113,441,146,429,129,158945
847,159008,60,164,83,186,71,175,158946
847,159009,543,207,578,231,560,219,158947
847,159010,99,165,116,200,107,182,158948
847,159011,363,21,385,63,374,42,158949
847,159012,208,316,231,347,219,331,158950
847,159013,300,52,321,85,310,68,158951
847,159014,246,52,267,81,256,66,158952
847,159015,609,0,639,21,624,10,158953
847,159016,273,283,299,308,286,295,158954
847,159017,271,75,291,105,281,90,158955
847,159018,499,28,525,55,512,41,158956
847,159019,574,68,610,96,592,82,158957
847,159020,261,178,281,210,271,194,158958
847,159021,611,48,637,75,624,61,158959
847,159022,293,230,313,255,303,242,158960
847,159023,119,89,138,114,128,101,158961
847,159024,232,84,256,107,244,95,158962
847,159025,36,120,54,141,45,130,158963
847,159026,72,128,88,155,80,141,158964
847,159027,56,100,74,122,65,111,158965
847,159028,228,50,250,74,239,62,158966
847,159029,202,12,220,35,211,23,158967
847,159030,231,5,259,27,245,16,158968
847,159031,37,158,55,177,46,167,158969
847,159032,40,88,56,114,48,101,158970
847,159033,486,253,514,277,500,265,158971
847,159034,291,24,319,41,305,32,158972
847,159035,124,0,188,23,156,11,158973
847,159036,53,20,67,53,60,36,158974
847,159037,181,68,201,94,191,81,158975
847,159038,195,56,212,80,203,68,158976
847,159039,313,128,336,153,324,140,158977
847,159040,306,98,334,121,320,109,158978
847,159041,514,0,541,14,527,7,158979
847,159042,542,155,573,182,557,168,158980
847,159043,348,63,376,86,362,74,158981
847,159044,28,244,43,262,35,253,158982
847,159045,49,230,68,252,58,241,158983
847,159046,31,274,48,300,39,287,158984
847,159047,378,47,407,70,392,58,158985
847,159048,417,19,437,45,427,32,158986
847,159049,218,0,228,8,223,4,158987
847,159050,582,9,607,22,594,15,158988
847,159051,383,9,417,31,400,20,158989
847,159052,66,20,82,41,74,30,158990
847,159053,444,52,464,81,454,66,158991
847,159054,428,291,456,308,442,299,158992
847,159055,201,216,219,236,210,226,158993
847,159056,323,1,338,14,330,7,158994
847,159057,164,0,178,4,171,2,158995
847,159058,229,249,253,265,241,257,158996
847,159059,342,263,360,284,351,273,158997
847,159060,186,232,215,255,200,243,158998
848,159061,444,0,534,73,489,36,158999
848,159062,539,247,571,274,555,260,159000
848,159063,596,234,621,263,608,248,159001
848,159064,468,183,490,229,479,206,159002
848,159065,596,127,623,165,609,146,159003
848,159066,267,0,346,52,306,26,159004
848,159067,381,121,403,156,392,138,159005
848,159068,529,70,558,95,543,82,159006
848,159069,417,113,441,146,429,129,159007
848,159070,60,164,83,186,71,175,159008
848,159071,543,207,578,231,560,219,159009
848,159072,99,165,116,200,107,182,159010
848,159073,363,21,385,64,374,42,159011
848,159074,208,316,231,347,219,331,159012
848,159075,300,52,321,85,310,68,159013
848,159076,246,52,267,81,256,66,159014
848,159077,609,0,639,21,624,10,159015
848,159078,273,283,299,308,286,295,159016
848,159079,271,75,291,105,281,90,159017
848,159080,499,28,525,55,512,41,159018
848,159081,574,68,610,96,592,82,159019
848,159082,261,178,281,210,271,194,159020
848,159083,611,48,637,75,624,61,159021
848,159084,293,230,313,255,303,242,159022
848,159085,119,89,138,114,128,101,159023
848,159086,232,84,256,107,244,95,159024
848,159087,36,120,54,141,45,130,159025
848,159088,72,128,88,155,80,141,159026
848,159089,56,100,74,122,65,111,159027
848,159090,228,50,250,74,239,62,159028
848,159091,202,12,220,35,211,23,159029
848,159092,231,5,259,27,245,16,159030
848,159093,37,158,55,177,46,167,159031
848,159094,40,88,56,114,48,101,159032
848,159095,486,253,514,277,500,265,159033
848,159096,291,23,318,41,304,32,159034
848,159097,124,0,188,23,156,11,159035
848,159098,53,20,67,53,60,36,159036
848,159099,181,68,201,94,191,81,159037
848,159100,195,56,212,80,203,68,159038
848,159101,313,128,336,153,324,140,159039
848,159102,306,98,334,121,320,109,159040
848,159103,513,0,541,14,527,7,159041
848,159104,542,155,573,182,557,168,159042
848,159105,348,63,376,86,362,74,159043
848,159106,28,244,43,262,35,253,159044
848,159107,49,230,68,252,58,241,159045
848,159108,31,274,48,300,39,287,159046
848,159109,377,47,406,70,391,58,159047
848,159110,417,19,437,45,427,32,159048
848,159111,218,0,228,8,223,4,159049
848,159112,582,9,607,22,594,15,159050
848,159113,383,9,417,31,400,20,159051
848,159114,66,20,82,41,74,30,159052
848,159115,444,54,463,81,453,67,159053
848,159116,428,291,456,308,442,299,159054
848,159117,203,218,221,238,212,228,159055
848,159118,323,1,338,14,330,7,159056
848,159119,164,0,178,4,171,2,159057
848,159120,228,249,253,265,240,257,159058
848,159121,342,263,361,284,351,273,159059
848,159122,186,231,215,255,200,243,159060
849,159123,444,0,534,73,489,36,159061
849,159124,539,247,571,274,555,260,159062
849,159125,596,234,621,263,608,248,159063
849,159126,468,183,490,229,479,206,159064
849,159127,596,127,623,165,609,146,159065
849,159128,267,0,346,52,306,26,159066
849,159129,381,121,403,156,392,138,159067
849,159130,529,70,558,95,543,82,159068
849,159131,417,113,441,146,429,129,159069
849,159132,60,164,83,186,71,175,159070
849,159133,543,207,578,231,560,219,159071
849,159134,99,165,116,200,107,182,159072
849,159135,363,21,385,63,374,42,159073
849,159136,208,316,231,347,219,331,159074
849,159137,300,52,321,85,310,68,159075
849,159138,246,52,267,81,256,66,159076
849,159139,609,0,639,21,624,10,159077
849,159140,273,283,299,307,286,295,159078
849,159141,271,75,291,105,281,90,159079
849,159142,499,28,525,55,512,41,159080
849,159143,574,68,610,96,592,82,159081
849,159144,261,178,281,210,271,194,159082
849,159145,611,48,637,75,624,61,159083
849,159146,293,231,313,255,303,243,159084
849,159147,119,89,138,114,128,101,159085
849,159148,232,84,256,107,244,95,159086
849,159149,36,120,54,141,45,130,159087
849,159150,72,128,88,155,80,141,159088
849,159151,56,100,74,122,65,111,159089
849,159152,228,50,250,74,239,62,159090
849,159153,203,12,220,35,211,23,159091
849,159154,231,5,259,27,245,16,159092
849,159155,37,158,55,177,46,167,159093
849,159156,40,88,56,114,48,101,159094
849,159157,486,253,514,277,500,265,159095
849,159158,291,23,318,41,304,32,159096
849,159159,124,0,188,23,156,11,159097
849,159160,53,20,67,53,60,36,159098
849,159161,181,68,201,94,191,81,159099
849,159162,195,56,212,80,203,68,159100
849,159163,313,128,336,153,324,140,159101
849,159164,306,98,334,121,320,109,159102
849,159165,513,0,541,14,527,7,159103
849,159166,542,155,573,182,557,168,159104
849,159167,348,63,377,86,362,74,159105
849,159168,28,244,43,262,35,253,159106
849,159169,49,230,68,252,58,241,159107
849,159170,31,274,48,300,39,287,159108
849,159171,375,47,405,70,390,58,159109
849,159172,418,19,438,46,428,32,159110
849,159173,218,0,228,8,223,4,159111
849,159174,582,9,607,22,594,15,159112
849,159175,383,9,417,31,400,20,159113
849,159176,66,20,82,41,74,30,159114
849,159177,442,55,462,82,452,68,159115
849,159178,428,291,456,308,442,299,159116
849,159179,204,219,222,241,213,230,159117
849,159180,323,1,338,14,330,7,159118
849,159181,164,0,178,4,171,2,159119
849,159182,228,249,253,265,240,257,159120
849,159183,341,263,360,284,350,273,159121
849,159184,186,231,215,255,200,243,159122
850,159185,443,0,534,73,488,36,159123
850,159186,539,247,571,274,555,260,159124
850,159187,596,234,621,263,608,248,159125
850,159188,468,183,490,229,479,206,159126
850,159189,596,127,623,165,609,146,159127
850,159190,267,0,346,52,306,26,159128
850,159191,381,121,403,156,392,138,159129
850,159192,529,70,558,95,543,82,159130
850,159193,417,113,441,146,429,129,159131
850,159194,60,164,83,186,71,175,159132
850,159195,543,207,578,231,560,219,159133
850,159196,99,165,116,200,107,182,159134
850,159197,363,21,385,63,374,42,159135
850,159198,208,316,231,347,219,331,159136
850,159199,300,52,321,85,310,68,159137
850,159200,246,52,267,81,256,66,159138
850,159201,609,0,639,21,624,10,159139
850,159202,273,283,299,307,286,295,159140
850,159203,271,75,291,105,281,90,159141
850,159204,499,28,525,55,512,41,159142
850,159205,574,68,610,96,592,82,159143
850,159206,261,178,281,210,271,194,159144
850,159207,611,48,637,75,624,61,159145
850,159208,293,231,313,255,303,243,159146
850,159209,119,89,138,114,128,101,159147
850,159210,232,84,256,107,244,95,159148
850,159211,36,120,54,141,45,130,159149
850,159212,72,128,88,155,80,141,159150
850,159213,56,100,74,121,65,110,159151
850,159214,228,50,250,74,239,62,159152
850,159215,203,12,220,35,211,23,159153
850,159216,231,5,259,27,245,16,159154
850,159217,37,158,55,177,46,167,159155
850,159218,40,88,56,114,48,101,159156
850,159219,486,253,514,277,500,265,159157
850,159220,291,23,317,41,304,32,159158
850,159221,124,0,188,23,156,11,159159
850,159222,53,20,67,53,60,36,159160
850,159223,181,68,201,94,191,81,159161
850,159224,195,56,212,80,203,68,159162
850,159225,313,128,336,153,324,140,159163
850,159226,306,98,334,121,320,109,159164
850,159227,513,0,541,14,527,7,159165
850,159228,542,155,573,182,557,168,159166
850,159229,348,63,377,86,362,74,159167
850,159230,28,244,43,262,35,253,159168
850,159231,49,230,68,252,58,241,159169
850,159232,31,274,48,300,39,287,159170
850,159233,375,48,405,70,390,59,159171
850,159234,418,19,438,46,428,32,159172
850,159235,218,0,228,8,223,4,159173
850,159236,582,9,607,22,594,15,159174
850,159237,383,9,417,31,400,20,159175
850,159238,66,20,82,41,74,30,159176
850,159239,442,56,462,82,452,69,159177
850,159240,428,291,456,308,442,299,159178
850,159241,205,220,222,242,213,231,159179
850,159242,323,1,338,14,330,7,159180
850,159243,164,0,178,4,171,2,159181
850,159244,228,249,253,265,240,257,159182
850,159245,341,263,360,284,350,273,159183
850,159246,186,231,214,255,200,243,159184
851,159247,443,0,534,73,488,36,159185
851,159248,539,247,571,274,555,260,159186
851,159249,596,234,621,263,608,248,159187
851,159250,468,183,490,229,479,206,159188
851,159251,596,127,623,165,609,146,159189
851,159252,267,0,346,52,306,26,159190
851,159253,381,121,403,156,392,138,159191
851,159254,529,70,558,95,543,82,159192
851,159255,417,113,441,146,429,129,159193
851,159256,60,164,83,186,71,175,159194
851,159257,543,207,578,231,560,219,159195
851,159258,99,165,116,200,107,182,159196
851,159259,363,21,385,61,374,41,159197
851,159260,208,316,231,347,219,331,159198
851,159261,300,52,321,85,310,68,159199
851,159262,246,52,267,81,256,66,159200
851,159263,609,0,639,21,624,10,159201
851,159264,273,283,299,307,286,295,159202
851,159265,271,75,291,105,281,90,159203
851,159266,499,29,525,55,512,42,159204
851,159267,574,68,610,96,592,82,159205
851,159268,261,178,281,210,271,194,159206
851,159269,611,48,637,75,624,61,159207
851,159270,293,231,313,255,303,243,159208
851,159271,119,89,138,114,128,101,159209
851,159272,232,84,256,107,244,95,159210
851,159273,36,120,54,141,45,130,159211
851,159274,72,128,88,155,80,141,159212
851,159275,56,100,74,121,65,110,159213
851,159276,228,50,250,74,239,62,159214
851,159277,203,12,220,35,211,23,159215
851,159278,231,5,259,27,245,16,159216
851,159279,37,158,55,177,46,167,159217
851,159280,40,88,56,114,48,101,159218
851,159281,486,253,514,277,500,265,159219
851,159282,291,23,317,41,304,32,159220
851,159283,124,0,188,23,156,11,159221
851,159284,53,20,67,53,60,36,159222
851,159285,181,68,201,94,191,81,159223
851,159286,195,56,212,80,203,68,159224
851,159287,313,128,336,153,324,140,159225
851,159288,306,98,334,121,320,109,159226
851,159289,513,0,541,14,527,7,159227
851,159290,542,155,573,182,557,168,159228
851,159291,348,63,377,86,362,74,159229
851,159292,28,244,43,262,35,253,159230
851,159293,49,230,68,252,58,241,159231
851,159294,31,274,48,300,39,287,159232
851,159295,374,48,402,70,388,59,159233
851,159296,418,19,438,47,428,33,159234
851,159297,218,0,228,8,223,4,159235
851,159298,582,9,607,22,594,15,159236
851,159299,383,9,417,32,400,20,159237
851,159300,66,20,82,41,74,30,159238
851,159301,441,57,461,83,451,70,159239
851,159302,428,291,456,308,442,299,159240
851,159303,206,221,222,243,214,232,159241
851,159304,323,1,338,14,330,7,159242
851,159305,164,0,178,4,171,2,159243
851,159306,228,249,253,265,240,257,159244
851,159307,341,263,360,284,350,273,159245
851,159308,186,231,215,256,200,243,159246
852,159309,443,0,534,73,488,36,159247
852,159310,539,247,571,274,555,260,159248
852,159311,596,234,621,263,608,248,159249
852,159312,468,183,490,229,479,206,159250
852,159313,596,127,623,165,609,146,159251
852,159314,267,0,346,52,306,26,159252
852,159315,381,121,403,156,392,138,159253
852,159316,529,70,558,95,543,82,159254
852,159317,417,113,441,146,429,129,159255
852,159318,60,164,83,186,71,175,159256
852,159319,543,207,578,231,560,219,159257
852,159320,99,165,116,200,107,182,159258
852,159321,363,21,385,60,374,40,159259
852,159322,208,316,231,347,219,331,159260
852,159323,300,52,321,85,310,68,159261
852,159324,246,52,267,81,256,66,159262
852,159325,609,0,639,21,624,10,159263
852,159326,273,284,299,307,286,295,159264
852,159327,271,75,291,105,281,90,159265
852,159328,499,29,525,56,512,42,159266
852,159329,574,68,610,96,592,82,159267
852,159330,261,178,281,210,271,194,159268
852,159331,611,48,637,75,624,61,159269
852,159332,293,231,313,255,303,243,159270
852,159333,119,89,138,114,128,101,159271
852,159334,232,84,256,107,244,95,159272
852,159335,36,120,54,141,45,130,159273
852,159336,72,128,88,155,80,141,159274
852,159337,56,100,74,121,65,110,159275
852,159338,228,50,250,74,239,62,159276
852,159339,203,12,220,35,211,23,159277
852,159340,231,5,259,27,245,16,159278
852,159341,37,158,55,177,46,167,159279
852,159342,40,88,56,114,48,101,159280
852,159343,486,253,514,277,500,265,159281
852,159344,291,23,317,41,304,32,159282
852,159345,124,0,188,23,156,11,159283
852,159346,53,20,67,53,60,36,159284
852,159347,181,68,201,94,191,81,159285
852,159348,195,56,212,80,203,68,159286
852,159349,313,128,336,153,324,140,159287
852,159350,306,98,334,121,320,109,159288
852,159351,513,0,541,14,527,7,159289
852,159352,542,155,573,182,557,168,159290
852,159353,348,63,377,86,362,74,159291
852,159354,28,244,43,262,35,253,159292
852,159355,49,230,68,252,58,241,159293
852,159356,31,274,48,300,39,287,159294
852,159357,373,49,400,69,386,59,159295
852,159358,418,19,439,47,428,33,159296
852,159359,218,0,228,8,223,4,159297
852,159360,582,9,607,22,594,15,159298
852,159361,383,9,417,31,400,20,159299
852,159362,66,20,82,41,74,30,159300
852,159363,440,57,460,84,450,70,159301
852,159364,428,291,456,308,442,299,159302
852,159365,207,222,223,246,215,234,159303
852,159366,323,1,338,14,330,7,159304
852,159367,164,0,178,4,171,2,159305
852,159368,229,249,253,265,241,257,159306
852,159369,341,263,361,283,351,273,159307
852,159370,186,231,215,256,200,243,159308
853,159371,443,0,534,73,488,36,159309
853,159372,539,247,571,274,555,260,159310
853,159373,596,234,621,263,608,248,159311
853,159374,468,183,490,229,479,206,159312
853,159375,596,127,623,165,609,146,159313
853,159376,267,0,346,52,306,26,159314
853,159377,381,121,403,156,392,138,159315
853,159378,529,70,558,95,543,82,159316
853,159379,417,113,441,146,429,129,159317
853,159380,60,164,83,186,71,175,159318
853,159381,543,207,578,231,560,219,159319
853,159382,99,165,116,200,107,182,159320
853,159383,363,21,385,60,374,40,159321
853,159384,208,316,231,347,219,331,159322
853,159385,300,52,321,85,310,68,159323
853,159386,246,52,267,81,256,66,159324
853,159387,609,0,639,21,624,10,159325
853,159388,273,284,298,308,285,296,159326
853,159389,271,75,291,105,281,90,159327
853,159390,499,29,525,56,512,42,159328
853,159391,574,68,610,96,592,82,159329
853,159392,261,178,281,210,271,194,159330
853,159393,612,48,638,75,625,61,159331
853,159394,293,231,313,255,303,243,159332
853,159395,119,89,138,114,128,101,159333
853,159396,232,84,256,107,244,95,159334
853,159397,36,120,54,141,45,130,159335
853,159398,72,128,88,155,80,141,159336
853,159399,56,100,74,121,65,110,159337
853,159400,228,50,250,74,239,62,159338
853,159401,203,12,220,35,211,23,159339
853,159402,231,5,259,27,245,16,159340
853,159403,37,158,55,177,46,167,159341
853,159404,40,88,56,114,48,101,159342
853,159405,486,253,514,277,500,265,159343
853,159406,291,23,317,41,304,32,159344
853,159407,124,0,188,23,156,11,159345
853,159408,53,20,67,53,60,36,159346
853,159409,181,68,201,94,191,81,159347
853,159410,195,56,212,80,203,68,159348
853,159411,313,128,336,153,324,140,159349
853,159412,306,98,334,121,320,109,159350
853,159413,513,0,541,14,527,7,159351
853,159414,542,155,573,182,557,168,159352
853,159415,348,63,377,86,362,74,159353
853,159416,28,244,43,262,35,253,159354
853,159417,49,230,68,252,58,241,159355
853,159418,31,274,48,300,39,287,159356
853,159419,372,49,399,69,385,59,159357
853,159420,419,20,440,47,429,33,159358
853,159421,218,0,228,8,223,4,159359
853,159422,582,9,607,22,594,15,159360
853,159423,383,9,417,32,400,20,159361
853,159424,66,20,82,41,74,30,159362
853,159425,439,57,460,85,449,71,159363
853,159426,428,291,456,308,442,299,159364
853,159427,208,224,225,247,216,235,159365
853,159428,323,1,338,14,330,7,159366
853,159429,164,0,178,4,171,2,159367
853,159430,229,249,254,264,241,256,159368
853,159431,341,263,361,283,351,273,159369
853,159432,186,231,214,256,200,243,159370
854,159433,443,0,534,73,488,36,159371
854,159434,539,247,571,274,555,260,159372
854,159435,596,234,621,263,608,248,159373
854,159436,468,183,490,229,479,206,159374
854,159437,596,127,623,165,609,146,159375
854,159438,267,0,346,52,306,26,159376
854,159439,381,121,403,156,392,138,159377
854,159440,529,70,558,95,543,82,159378
854,159441,417,113,441,146,429,129,159379
854,159442,60,164,83,186,71,175,159380
854,159443,543,207,578,231,560,219,159381
854,159444,99,165,116,200,107,182,159382
854,159445,363,21,385,60,374,40,159383
854,159446,208,316,231,347,219,331,159384
854,159447,300,52,321,85,310,68,159385
854,159448,246,52,267,81,256,66,159386
854,159449,609,0,639,21,624,10,159387
854,159450,273,284,298,308,285,296,159388
854,159451,271,75,291,105,281,90,159389
854,159452,500,29,525,57,512,43,159390
854,159453,574,68,610,96,592,82,159391
854,159454,261,178,281,210,271,194,159392
854,159455,612,48,637,75,624,61,159393
854,159456,293,231,313,255,303,243,159394
854,159457,119,89,138,114,128,101,159395
854,159458,232,84,256,107,244,95,159396
854,159459,36,120,54,141,45,130,159397
854,159460,72,128,88,155,80,141,159398
854,159461,56,100,74,121,65,110,159399
854,159462,228,50,250,74,239,62,159400
854,159463,203,12,220,35,211,23,159401
854,159464,231,5,259,27,245,16,159402
854,159465,37,158,55,177,46,167,159403
854,159466,40,88,56,114,48,101,159404
854,159467,486,253,514,277,500,265,159405
854,159468,291,23,317,41,304,32,159406
854,159469,124,0,188,23,156,11,159407
854,159470,53,20,67,53,60,36,159408
854,159471,181,68,201,94,191,81,159409
854,159472,195,56,212,80,203,68,159410
854,159473,313,128,336,153,324,140,159411
854,159474,306,98,334,121,320,109,159412
854,159475,513,0,541,14,527,7,159413
854,159476,542,155,573,182,557,168,159414
854,159477,348,63,378,86,363,74,159415
854,159478,28,244,43,262,35,253,159416
854,159479,49,230,68,252,58,241,159417
854,159480,31,274,48,300,39,287,159418
854,159481,371,49,398,69,384,59,159419
854,159482,419,20,440,47,429,33,159420
854,159483,218,0,228,8,223,4,159421
854,159484,582,10,608,22,595,16,159422
854,159485,383,9,417,32,400,20,159423
854,159486,66,20,82,41,74,30,159424
854,159487,438,58,459,85,448,71,159425
854,159488,428,291,456,308,442,299,159426
854,159489,210,226,226,249,218,237,159427
854,159490,323,1,338,14,330,7,159428
854,159491,164,0,178,4,171,2,159429
854,159492,229,249,254,264,241,256,159430
854,159493,341,263,361,283,351,273,159431
854,159494,187,231,214,256,200,243,159432
855,159495,443,0,534,73,488,36,159433
855,159496,539,247,571,274,555,260,159434
855,159497,596,234,621,263,608,248,159435
855,159498,468,183,490,229,479,206,159436
855,159499,596,127,623,165,609,146,159437
855,159500,267,0,346,52,306,26,159438
855,159501,381,121,403,156,392,138,159439
855,159502,529,70,558,95,543,82,159440
855,159503,417,113,441,146,429,129,159441
855,159504,60,164,83,186,71,175,159442
855,159505,543,207,578,231,560,219,159443
855,159506,99,165,116,200,107,182,159444
855,159507,363,21,385,57,374,39,159445
855,159508,208,316,231,347,219,331,159446
855,159509,300,52,321,85,310,68,159447
855,159510,246,52,267,81,256,66,159448
855,159511,609,0,639,21,624,10,159449
855,159512,273,284,298,308,285,296,159450
855,159513,271,75,291,105,281,90,159451
855,159514,500,29,525,57,512,43,159452
855,159515,574,68,610,96,592,82,159453
855,159516,261,178,281,210,271,194,159454
855,159517,612,48,638,75,625,61,159455
855,159518,293,231,313,255,303,243,159456
855,159519,119,89,138,114,128,101,159457
855,159520,232,84,256,107,244,95,159458
855,159521,36,120,54,141,45,130,159459
855,159522,72,128,88,155,80,141,159460
855,159523,56,100,74,121,65,110,159461
855,159524,228,50,250,74,239,62,159462
855,159525,203,12,220,35,211,23,159463
855,159526,231,5,259,27,245,16,159464
855,159527,37,158,55,177,46,167,159465
855,159528,40,88,56,114,48,101,159466
855,159529,486,253,514,277,500,265,159467
855,159530,291,23,318,41,304,32,159468
855,159531,124,0,188,23,156,11,159469
855,159532,53,20,67,53,60,36,159470
855,159533,181,68,201,94,191,81,159471
855,159534,195,56,212,80,203,68,159472
855,159535,313,128,336,153,324,140,159473
855,159536,306,98,334,121,320,109,159474
855,159537,513,0,541,14,527,7,159475
855,159538,542,155,573,182,557,168,159476
855,159539,348,63,378,86,363,74,159477
855,159540,28,244,43,262,35,253,159478
855,159541,49,230,68,252,58,241,159479
855,159542,31,274,48,300,39,287,159480
855,159543,370,49,397,68,383,58,159481
855,159544,420,20,440,47,430,33,159482
855,159545,218,0,228,8,223,4,159483
855,159546,582,10,608,22,595,16,159484
855,159547,383,9,417,32,400,20,159485
855,159548,66,20,82,41,74,30,159486
855,159549,437,58,459,85,448,71,159487
855,159550,428,291,456,308,442,299,159488
855,159551,212,227,227,251,219,239,159489
855,159552,323,1,338,14,330,7,159490
855,159553,164,0,178,4,171,2,159491
855,159554,229,249,254,264,241,256,159492
855,159555,341,263,360,283,350,273,159493
855,159556,187,231,214,256,200,243,159494
856,159557,442,0,534,73,488,36,159495
856,159558,539,247,571,274,555,260,159496
856,159559,596,234,621,263,608,248,159497
856,159560,468,183,490,229,479,206,159498
856,159561,596,127,623,165,609,146,159499
856,159562,267,0,346,52,306,26,159500
856,159563,381,121,403,156,392,138,159501
856,159564,529,70,558,95,543,82,159502
856,159565,417,113,441,146,429,129,159503
856,159566,60,164,83,186,71,175,159504
856,159567,543,207,578,231,560,219,159505
856,159568,99,165,116,200,107,182,159506
856,159569,363,21,385,56,374,38,159507
856,159570,208,316,231,347,219,331,159508
856,159571,300,52,321,85,310,68,159509
856,159572,246,52,267,81,256,66,159510
856,159573,609,0,639,21,624,10,159511
856,159574,273,284,298,308,285,296,159512
856,159575,271,75,291,105,281,90,159513
856,159576,500,29,525,57,512,43,159514
856,159577,574,68,610,96,592,82,159515
856,159578,261,178,281,210,271,194,159516
856,159579,612,48,638,75,625,61,159517
856,159580,293,231,313,254,303,242,159518
856,159581,119,89,138,114,128,101,159519
856,159582,232,84,256,107,244,95,159520
856,159583,36,120,54,141,45,130,159521
856,159584,72,128,88,155,80,141,159522
856,159585,56,100,74,121,65,110,159523
856,159586,228,50,250,74,239,62,159524
856,159587,203,12,220,35,211,23,159525
856,159588,231,5,259,27,245,16,159526
856,159589,37,158,55,177,46,167,159527
856,159590,40,88,56,114,48,101,159528
856,159591,486,253,514,277,500,265,159529
856,159592,291,23,318,41,304,32,159530
856,159593,124,0,188,23,156,11,159531
856,159594,53,20,67,53,60,36,159532
856,159595,181,68,201,94,191,81,159533
856,159596,195,56,212,80,203,68,159534
856,159597,313,128,336,153,324,140,159535
856,159598,306,98,334,121,320,109,159536
856,159599,513,0,541,14,527,7,159537
856,159600,542,155,573,182,557,168,159538
856,159601,348,63,378,86,363,74,159539
856,159602,28,244,43,262,35,253,159540
856,159603,49,230,68,252,58,241,159541
856,159604,31,274,48,300,39,287,159542
856,159605,370,49,397,68,383,58,159543
856,159606,420,20,440,47,430,33,159544
856,159607,218,0,228,8,223,4,159545
856,159608,582,10,608,22,595,16,159546
856,159609,383,9,417,32,400,20,159547
856,159610,66,20,82,41,74,30,159548
856,159611,437,58,459,85,448,71,159549
856,159612,428,291,456,308,442,299,159550
856,159613,213,228,228,252,220,240,159551
856,159614,323,1,338,14,330,7,159552
856,159615,164,0,178,4,171,2,159553
856,159616,229,249,254,264,241,256,159554
856,159617,341,263,360,283,350,273,159555
856,159618,187,231,214,256,200,243,159556
857,159619,442,0,534,73,488,36,159557
857,159620,539,247,571,274,555,260,159558
857,159621,596,234,621,263,608,248,159559
857,159622,468,183,490,229,479,206,159560
857,159623,596,127,623,165,609,146,159561
857,159624,267,0,346,52,306,26,159562
857,159625,381,121,403,156,392,138,159563
857,159626,529,70,557,95,543,82,159564
857,159627,417,113,441,146,429,129,159565
857,159628,60,164,83,186,71,175,159566
857,159629,543,207,578,231,560,219,159567
857,159630,99,165,116,200,107,182,159568
857,159631,363,21,385,56,374,38,159569
857,159632,208,316,231,347,219,331,159570
857,159633,300,52,321,85,310,68,159571
857,159634,246,52,267,81,256,66,159572
857,159635,609,0,639,21,624,10,159573
857,159636,273,284,298,308,285,296,159574
857,159637,271,75,291,105,281,90,159575
857,159638,501,29,525,57,513,43,159576
857,159639,574,68,610,96,592,82,159577
857,159640,261,178,281,210,271,194,159578
857,159641,612,48,638,75,625,61,159579
857,159642,293,231,313,254,303,242,159580
857,159643,119,89,138,114,128,101,159581
857,159644,232,84,256,107,244,95,159582
857,159645,36,120,54,141,45,130,159583
857,159646,72,128,88,155,80,141,159584
857,159647,56,100,74,121,65,110,159585
857,159648,228,50,250,74,239,62,159586
857,159649,203,12,220,35,211,23,159587
857,159650,231,5,259,27,245,16,159588
857,159651,37,158,55,177,46,167,159589
857,159652,40,88,56,114,48,101,159590
857,159653,486,253,514,277,500,265,159591
857,159654,291,23,318,41,304,32,159592
857,159655,124,0,188,23,156,11,159593
857,159656,53,20,67,53,60,36,159594
857,159657,181,68,201,94,191,81,159595
857,159658,195,56,212,80,203,68,159596
857,159659,313,128,336,153,324,140,159597
857,159660,306,98,334,121,320,109,159598
857,159661,513,0,541,14,527,7,159599
857,159662,542,155,573,182,557,168,159600
857,159663,348,63,378,86,363,74,159601
857,159664,28,244,43,262,35,253,159602
857,159665,49,230,68,252,58,241,159603
857,159666,31,274,48,300,39,287,159604
857,159667,368,48,397,68,382,58,159605
857,159668,420,20,440,47,430,33,159606
857,159669,218,0,228,8,223,4,159607
857,159670,582,10,608,22,595,16,159608
857,159671,383,9,417,32,400,20,159609
857,159672,66,20,82,41,74,30,159610
857,159673,437,58,460,85,448,71,159611
857,159674,428,291,458,308,443,299,159612
857,159675,213,229,228,254,220,241,159613
857,159676,323,1,338,14,330,7,159614
857,159677,164,0,178,4,171,2,159615
857,159678,229,249,254,264,241,256,159616
857,159679,341,263,360,283,350,273,159617
857,159680,187,231,214,257,200,244,159618
858,159681,443,0,533,73,488,36,159619
858,159682,539,247,571,274,555,260,159620
858,159683,596,234,621,263,608,248,159621
858,159684,468,183,490,229,479,206,159622
858,159685,596,127,623,165,609,146,159623
858,159686,267,0,346,52,306,26,159624
858,159687,381,121,403,156,392,138,159625
858,159688,529,70,557,95,543,82,159626
858,159689,417,113,441,146,429,129,159627
858,159690,60,164,83,186,71,175,159628
858,159691,543,207,578,231,560,219,159629
858,159692,99,165,116,200,107,182,159630
858,159693,363,20,384,62,373,41,159631
858,159694,208,316,231,347,219,331,159632
858,159695,300,52,321,85,310,68,159633
858,159696,246,52,267,81,256,66,159634
858,159697,609,0,638,21,623,10,159635
858,159698,272,284,298,308,285,296,159636
858,159699,271,75,291,105,281,90,159637
858,159700,501,29,525,57,513,43,159638
858,159701,574,68,610,96,592,82,159639
858,159702,261,178,281,210,271,194,159640
858,159703,612,48,638,75,625,61,159641
858,159704,293,231,313,254,303,242,159642
858,159705,119,89,138,114,128,101,159643
858,159706,232,84,256,107,244,95,159644
858,159707,36,120,54,141,45,130,159645
858,159708,72,128,88,155,80,141,159646
858,159709,56,100,74,121,65,110,159647
858,159710,228,50,250,74,239,62,159648
858,159711,202,12,220,35,211,23,159649
858,159712,231,5,259,27,245,16,159650
858,159713,37,158,55,177,46,167,159651
858,159714,40,88,56,114,48,101,159652
858,159715,486,253,514,277,500,265,159653
858,159716,291,23,318,41,304,32,159654
858,159717,124,0,188,23,156,11,159655
858,159718,53,20,67,53,60,36,159656
858,159719,181,68,201,94,191,81,159657
858,159720,195,56,212,80,203,68,159658
858,159721,313,128,336,153,324,140,159659
858,159722,306,98,334,121,320,109,159660
858,159723,513,0,541,14,527,7,159661
858,159724,542,155,573,182,557,168,159662
858,159725,348,63,377,86,362,74,159663
858,159726,28,244,43,262,35,253,159664
858,159727,49,230,69,252,59,241,159665
858,159728,31,274,48,300,39,287,159666
858,159729,365,47,396,67,380,57,159667
858,159730,420,21,440,47,430,34,159668
858,159731,218,0,228,8,223,4,159669
858,159732,582,10,608,22,595,16,159670
858,159733,383,9,417,32,400,20,159671
858,159734,66,20,82,41,74,30,159672
858,159735,437,58,460,85,448,71,159673
858,159736,428,290,459,308,443,299,159674
858,159737,214,230,229,254,221,242,159675
858,159738,323,1,338,14,330,7,159676
858,159739,164,0,178,4,171,2,159677
858,159740,228,249,254,264,241,256,159678
858,159741,341,263,360,283,350,273,159679
858,159742,186,231,214,259,200,245,159680
859,159743,443,0,533,73,488,36,159681
859,159744,539,247,571,274,555,260,159682
859,159745,596,234,621,263,608,248,159683
859,159746,468,183,490,229,479,206,159684
859,159747,596,127,623,165,609,146,159685
859,159748,267,0,346,52,306,26,159686
859,159749,381,121,403,156,392,138,159687
859,159750,529,70,557,95,543,82,159688
859,159751,417,113,441,146,429,129,159689
859,159752,60,164,83,186,71,175,159690
859,159753,543,207,578,231,560,219,159691
859,159754,99,165,116,200,107,182,159692
859,159755,362,20,385,61,373,40,159693
859,159756,208,316,231,347,219,331,159694
859,159757,300,52,321,85,310,68,159695
859,159758,246,52,267,81,256,66,159696
859,159759,609,0,638,21,623,10,159697
859,159760,272,284,298,308,285,296,159698
859,159761,271,75,291,105,281,90,159699
859,159762,501,29,525,57,513,43,159700
859,159763,574,68,610,96,592,82,159701
859,159764,261,178,281,210,271,194,159702
859,159765,612,48,638,75,625,61,159703
859,159766,293,231,313,254,303,242,159704
859,159767,119,89,138,114,128,101,159705
859,159768,232,84,256,107,244,95,159706
859,159769,36,120,54,141,45,130,159707
859,159770,72,128,88,155,80,141,159708
859,159771,56,100,74,121,65,110,159709
859,159772,228,50,250,74,239,62,159710
859,159773,202,12,220,35,211,23,159711
859,159774,231,5,259,27,245,16,159712
859,159775,37,158,55,177,46,167,159713
859,159776,40,88,56,114,48,101,159714
859,159777,486,253,514,277,500,265,159715
859,159778,291,23,318,41,304,32,159716
859,159779,124,0,188,23,156,11,159717
859,159780,53,20,67,53,60,36,159718
859,159781,181,68,201,94,191,81,159719
859,159782,195,56,212,80,203,68,159720
859,159783,313,128,336,153,324,140,159721
859,159784,306,98,334,121,320,109,159722
859,159785,513,0,541,14,527,7,159723
859,159786,542,155,573,182,557,168,159724
859,159787,348,63,377,86,362,74,159725
859,159788,28,244,43,262,35,253,159726
859,159789,49,230,69,252,59,241,159727
859,159790,31,274,48,300,39,287,159728
859,159791,364,46,395,66,379,56,159729
859,159792,420,23,441,48,430,35,159730
859,159793,218,0,228,8,223,4,159731
859,159794,582,10,608,22,595,16,159732
859,159795,383,9,418,32,400,20,159733
859,159796,66,20,82,41,74,30,159734
859,159797,438,58,460,86,449,72,159735
859,159798,428,290,460,308,444,299,159736
859,159799,214,230,229,255,221,242,159737
859,159800,323,1,338,14,330,7,159738
859,159801,164,0,178,4,171,2,159739
859,159802,228,249,254,264,241,256,159740
859,159803,341,263,360,283,350,273,159741
859,159804,187,231,214,260,200,245,159742
860,159805,442,0,533,73,487,36,159743
860,159806,539,247,571,274,555,260,159744
860,159807,596,234,621,263,608,248,159745
860,159808,468,183,490,229,479,206,159746
860,159809,596,127,623,165,609,146,159747
860,159810,266,0,346,52,306,26,159748
860,159811,381,121,402,156,391,138,159749
860,159812,529,70,557,95,543,82,159750
860,159813,417,113,441,145,429,129,159751
860,159814,60,164,82,186,71,175,159752
860,159815,543,207,579,231,561,219,159753
860,159816,99,165,116,200,107,182,159754
860,159817,359,24,390,64,374,44,159755
860,159818,208,316,231,347,219,331,159756
860,159819,300,52,321,84,310,68,159757
860,159820,246,52,267,81,256,66,159758
860,159821,609,0,639,21,624,10,159759
860,159822,272,284,298,308,285,296,159760
860,159823,271,75,291,105,281,90,159761
860,159824,500,29,525,57,512,43,159762
860,159825,573,68,610,96,591,82,159763
860,159826,261,178,281,210,271,194,159764
860,159827,612,48,638,75,625,61,159765
860,159828,293,231,314,254,303,242,159766
860,159829,119,89,137,114,128,101,159767
860,159830,233,84,256,107,244,95,159768
860,159831,36,120,54,141,45,130,159769
860,159832,72,129,88,155,80,142,159770
860,159833,56,100,74,122,65,111,159771
860,159834,228,50,250,74,239,62,159772
860,159835,202,12,220,35,211,23,159773
860,159836,231,5,259,27,245,16,159774
860,159837,37,159,55,177,46,168,159775
860,159838,40,88,56,114,48,101,159776
860,159839,486,253,514,277,500,265,159777
860,159840,291,24,319,41,305,32,159778
860,159841,124,0,188,23,156,11,159779
860,159842,52,20,67,53,59,36,159780
860,159843,181,68,201,94,191,81,159781
860,159844,196,56,212,80,204,68,159782
860,159845,313,128,336,153,324,140,159783
860,159846,307,98,334,121,320,109,159784
860,159847,513,0,541,14,527,7,159785
860,159848,542,155,573,182,557,168,159786
860,159849,348,63,377,86,362,74,159787
860,159850,28,244,43,262,35,253,159788
860,159851,49,230,69,252,59,241,159789
860,159852,31,275,48,300,39,287,159790
860,159853,420,24,442,50,431,37,159792
860,159854,217,0,228,8,222,4,159793
860,159855,582,10,608,22,595,16,159794
860,159856,383,9,418,31,400,20,159795
860,159857,67,20,81,41,74,30,159796
860,159858,438,58,459,87,448,72,159797
860,159859,428,290,461,307,444,298,159798
860,159860,214,231,230,255,222,243,159799
860,159861,324,1,338,15,331,8,159800
860,159862,164,0,178,4,171,2,159801
860,159863,228,250,253,264,240,257,159802
860,159864,341,264,360,283,350,273,159803
861,159865,442,0,533,73,487,36,159805
861,159866,539,247,571,274,555,260,159806
861,159867,596,234,621,263,608,248,159807
861,159868,468,184,490,229,479,206,159808
861,159869,596,127,623,165,609,146,159809
861,159870,266,0,346,52,306,26,159810
861,159871,381,121,402,156,391,138,159811
861,159872,529,70,558,95,543,82,159812
861,159873,417,113,441,145,429,129,159813
861,159874,60,164,82,185,71,174,159814
861,159875,543,207,579,231,561,219,159815
861,159876,99,165,116,200,107,182,159816
861,159877,359,25,392,65,375,45,159817
861,159878,208,316,231,347,219,331,159818
861,159879,300,52,321,84,310,68,159819
861,159880,246,52,267,81,256,66,159820
861,159881,609,0,639,21,624,10,159821
861,159882,272,284,297,308,284,296,159822
861,159883,271,74,291,105,281,89,159823
861,159884,500,29,525,57,512,43,159824
861,159885,573,68,610,96,591,82,159825
861,159886,261,177,281,210,271,193,159826
861,159887,612,48,638,75,625,61,159827
861,159888,293,230,314,254,303,242,159828
861,159889,119,89,137,114,128,101,159829
861,159890,233,84,256,107,244,95,159830
861,159891,36,120,55,141,45,130,159831
861,159892,72,129,88,155,80,142,159832
861,159893,56,100,74,122,65,111,159833
861,159894,228,50,250,74,239,62,159834
861,159895,202,12,220,35,211,23,159835
861,159896,231,5,259,27,245,16,159836
861,159897,37,159,55,177,46,168,159837
861,159898,40,88,56,114,48,101,159838
861,159899,486,253,514,277,500,265,159839
861,159900,291,24,319,41,305,32,159840
861,159901,123,0,188,23,155,11,159841
861,159902,52,20,67,52,59,36,159842
861,159903,181,68,201,94,191,81,159843
861,159904,196,56,212,80,204,68,159844
861,159905,313,128,336,153,324,140,159845
861,159906,307,98,334,121,320,109,159846
861,159907,513,0,541,14,527,7,159847
861,159908,542,155,573,182,557,168,159848
861,159909,348,63,377,85,362,74,159849
861,159910,28,244,43,262,35,253,159850
861,159911,49,230,69,252,59,241,159851
861,159912,31,275,48,300,39,287,159852
861,159913,420,25,442,50,431,37,159853
861,159914,217,0,228,8,222,4,159854
861,159915,582,10,607,22,594,16,159855
861,159916,383,10,417,31,400,20,159856
861,159917,67,20,81,41,74,30,159857
861,159918,438,58,459,88,448,73,159858
861,159919,428,289,462,307,445,298,159859
861,159920,214,231,231,254,222,242,159860
861,159921,324,0,338,15,331,7,159861
861,159922,164,0,177,4,170,2,159862
861,159923,228,250,253,264,240,257,159863
861,159924,341,264,360,283,350,273,159864
862,159925,442,0,533,73,487,36,159865
862,159926,539,247,571,274,555,260,159866
862,159927,596,234,621,262,608,248,159867
862,159928,468,184,490,229,479,206,159868
862,159929,596,127,623,165,609,146,159869
862,159930,266,0,346,52,306,26,159870
862,159931,381,121,402,156,391,138,159871
862,159932,529,70,558,95,543,82,159872
862,159933,417,113,441,145,429,129,159873
862,159934,60,164,82,185,71,174,159874
862,159935,543,207,579,231,561,219,159875
862,159936,99,165,116,200,107,182,159876
862,159937,358,25,393,65,375,45,159877
862,159938,208,316,231,347,219,331,159878
862,159939,300,52,321,84,310,68,159879
862,159940,246,52,267,81,256,66,159880
862,159941,609,0,639,21,624,10,159881
862,159942,273,284,297,308,285,296,159882
862,159943,271,74,291,105,281,89,159883
862,159944,500,29,525,57,512,43,159884
862,159945,573,68,610,96,591,82,159885
862,159946,261,177,281,210,271,193,159886
862,159947,612,48,638,75,625,61,159887
862,159948,293,230,314,254,303,242,159888
862,159949,119,89,137,114,128,101,159889
862,159950,233,84,256,107,244,95,159890
862,159951,36,120,55,141,45,130,159891
862,159952,72,129,88,155,80,142,159892
862,159953,56,100,74,122,65,111,159893
862,159954,228,50,250,74,239,62,159894
862,159955,202,12,220,35,211,23,159895
862,159956,231,5,259,27,245,16,159896
862,159957,37,159,55,177,46,168,159897
862,159958,40,88,56,114,48,101,159898
862,159959,486,253,514,277,500,265,159899
862,159960,291,24,319,41,305,32,159900
862,159961,123,0,188,23,155,11,159901
862,159962,52,20,67,52,59,36,159902
862,159963,181,68,201,94,191,81,159903
862,159964,196,56,212,80,204,68,159904
862,159965,313,128,336,153,324,140,159905
862,159966,306,98,334,121,320,109,159906
862,159967,513,0,541,14,527,7,159907
862,159968,542,155,573,182,557,168,159908
862,159969,348,63,377,85,362,74,159909
862,159970,28,244,43,262,35,253,159910
862,159971,49,230,69,252,59,241,159911
862,159972,31,275,48,300,39,287,159912
862,159973,420,25,442,51,431,38,159913
862,159974,217,0,228,8,222,4,159914
862,159975,582,10,607,22,594,16,159915
862,159976,383,10,417,31,400,20,159916
862,159977,67,20,81,41,74,30,159917
862,159978,438,58,459,88,448,73,159918
862,159979,428,289,462,307,445,298,159919
862,159980,214,231,231,254,222,242,159920
862,159981,165,0,177,4,171,2,159922
862,159982,228,250,253,264,240,257,159923
862,159983,341,264,360,283,350,273,159924
863,159984,442,0,533,73,487,36,159925
863,159985,539,247,571,274,555,260,159926
863,159986,596,234,621,262,608,248,159927
863,159987,468,184,490,229,479,206,159928
863,159988,597,127,623,165,610,146,159929
863,159989,266,0,346,52,306,26,159930
863,159990,381,121,402,156,391,138,159931
863,159991,529,70,558,95,543,82,159932
863,159992,417,113,441,145,429,129,159933
863,159993,60,164,82,185,71,174,159934
863,159994,543,207,579,231,561,219,159935
863,159995,99,165,116,200,107,182,159936
863,159996,358,22,392,65,375,43,159937
863,159997,208,316,231,347,219,331,159938
863,159998,300,52,321,84,310,68,159939
863,159999,246,52,267,81,256,66,159940
863,160000,609,0,639,21,624,10,159941
863,160001,273,284,297,308,285,296,159942
863,160002,271,74,291,105,281,89,159943
863,160003,500,29,525,57,512,43,159944
863,160004,573,68,610,96,591,82,159945
863,160005,261,178,281,210,271,194,159946
863,160006,612,49,638,75,625,62,159947
863,160007,293,230,314,254,303,242,159948
863,160008,119,89,137,114,128,101,159949
863,160009,233,84,256,107,244,95,159950
863,160010,36,120,55,141,45,130,159951
863,160011,72,129,88,155,80,142,159952
863,160012,56,100,74,122,65,111,159953
863,160013,228,50,250,74,239,62,159954
863,160014,202,12,220,36,211,24,159955
863,160015,231,5,258,27,244,16,159956
863,160016,37,159,55,177,46,168,159957
863,160017,40,88,56,114,48,101,159958
863,160018,486,253,514,277,500,265,159959
863,160019,291,24,319,41,305,32,159960
863,160020,123,0,188,23,155,11,159961
863,160021,52,20,67,52,59,36,159962
863,160022,181,68,201,94,191,81,159963
863,160023,196,56,212,80,204,68,159964
863,160024,313,128,336,153,324,140,159965
863,160025,306,98,334,121,320,109,159966
863,160026,513,0,541,14,527,7,159967
863,160027,542,155,573,182,557,168,159968
863,160028,348,63,377,85,362,74,159969
863,160029,28,244,43,262,35,253,159970
863,160030,49,230,69,252,59,241,159971
863,160031,31,275,48,300,39,287,159972
863,160032,420,25,442,51,431,38,159973
863,160033,217,0,228,8,222,4,159974
863,160034,582,10,607,22,594,16,159975
863,160035,384,10,417,31,400,20,159976
863,160036,67,20,81,41,74,30,159977
863,160037,438,58,459,88,448,73,159978
863,160038,428,289,462,307,445,298,159979
863,160039,215,231,231,254,223,242,159980
863,160040,165,0,177,4,171,2,159981
863,160041,228,250,253,264,240,257,159982
863,160042,341,264,360,283,350,273,159983
864,160043,442,0,533,73,487,36,159984
864,160044,539,247,571,274,555,260,159985
864,160045,596,234,621,262,608,248,159986
864,160046,468,184,490,229,479,206,159987
864,160047,596,127,623,165,609,146,159988
864,160048,266,0,346,52,306,26,159989
864,160049,381,121,402,156,391,138,159990
864,160050,529,70,557,95,543,82,159991
864,160051,417,113,441,145,429,129,159992
864,160052,60,164,82,185,71,174,159993
864,160053,543,207,579,230,561,218,159994
864,160054,99,165,116,200,107,182,159995
864,160055,357,21,390,65,373,43,159996
864,160056,208,316,231,347,219,331,159997
864,160057,300,52,321,84,310,68,159998
864,160058,246,52,267,81,256,66,159999
864,160059,609,0,639,21,624,10,160000
864,160060,273,284,297,308,285,296,160001
864,160061,271,74,291,105,281,89,160002
864,160062,500,29,525,57,512,43,160003
864,160063,573,68,610,96,591,82,160004
864,160064,261,178,281,210,271,194,160005
864,160065,612,49,638,75,625,62,160006
864,160066,293,230,314,254,303,242,160007
864,160067,119,89,137,114,128,101,160008
864,160068,233,84,256,107,244,95,160009
864,160069,36,120,55,142,45,131,160010
864,160070,72,129,88,155,80,142,160011
864,160071,56,100,74,122,65,111,160012
864,160072,228,50,250,74,239,62,160013
864,160073,202,12,220,36,211,24,160014
864,160074,231,5,258,27,244,16,160015
864,160075,37,159,55,177,46,168,160016
864,160076,40,88,56,114,48,101,160017
864,160077,486,253,514,277,500,265,160018
864,160078,291,24,319,41,305,32,160019
864,160079,124,0,188,23,156,11,160020
864,160080,52,19,67,52,59,35,160021
864,160081,181,68,201,94,191,81,160022
864,160082,196,56,212,80,204,68,160023
864,160083,313,128,336,153,324,140,160024
864,160084,306,98,334,121,320,109,160025
864,160085,513,0,541,14,527,7,160026
864,160086,542,155,573,182,557,168,160027
864,160087,348,63,377,85,362,74,160028
864,160088,28,244,43,262,35,253,160029
864,160089,49,230,69,252,59,241,160030
864,160090,31,275,48,300,39,287,160031
864,160091,420,25,442,51,431,38,160032
864,160092,217,0,228,8,222,4,160033
864,160093,582,10,607,22,594,16,160034
864,160094,384,10,418,31,401,20,160035
864,160095,67,20,81,41,74,30,160036
864,160096,438,57,459,88,448,72,160037
864,160097,428,288,463,307,445,297,160038
864,160098,215,233,231,255,223,244,160039
864,160099,165,0,177,4,171,2,160040
864,160100,228,250,253,264,240,257,160041
864,160101,341,264,360,283,350,273,160042
864,160102,357,45,389,65,373,55,
864,160103,185,231,213,246,199,238,
865,160104,442,0,533,73,487,36,160043
865,160105,539,247,571,274,555,260,160044
865,160106,596,234,621,262,608,248,160045
865,160107,468,184,490,229,479,206,160046
865,160108,597,127,623,165,610,146,160047
865,160109,266,0,346,52,306,26,160048
865,160110,381,121,402,156,391,138,160049
865,160111,529,70,557,95,543,82,160050
865,160112,417,113,441,145,429,129,160051
865,160113,60,164,82,185,71,174,160052
865,160114,543,207,579,230,561,218,160053
865,160115,99,165,116,200,107,182,160054
865,160116,208,316,231,347,219,331,160056
865,160117,300,52,321,84,310,68,160057
865,160118,246,52,267,81,256,66,160058
865,160119,609,0,639,21,624,10,160059
865,160120,273,284,297,308,285,296,160060
865,160121,271,74,292,105,281,89,160061
865,160122,500,29,525,57,512,43,160062
865,160123,573,68,610,96,591,82,160063
865,160124,261,178,281,210,271,194,160064
865,160125,612,49,638,75,625,62,160065
865,160126,293,230,314,254,303,242,160066
865,160127,119,90,137,114,128,102,160067
865,160128,233,84,256,107,244,95,160068
865,160129,36,120,54,142,45,131,160069
865,160130,72,129,88,155,80,142,160070
865,160131,56,100,74,122,65,111,160071
865,160132,229,50,250,74,239,62,160072
865,160133,202,12,220,36,211,24,160073
865,160134,231,5,258,27,244,16,160074
865,160135,37,159,56,177,46,168,160075
865,160136,40,88,56,114,48,101,160076
865,160137,486,253,514,277,500,265,160077
865,160138,291,24,319,41,305,32,160078
865,160139,124,0,188,23,156,11,160079
865,160140,52,20,67,52,59,36,160080
865,160141,181,68,201,94,191,81,160081
865,160142,196,56,212,80,204,68,160082
865,160143,313,128,336,153,324,140,160083
865,160144,306,98,334,121,320,109,160084
865,160145,515,0,541,14,528,7,160085
865,160146,542,155,573,182,557,168,160086
865,160147,348,63,377,85,362,74,160087
865,160148,29,244,43,262,36,253,160088
865,160149,49,230,69,252,59,241,160089
865,160150,31,275,48,300,39,287,160090
865,160151,420,25,442,52,431,38,160091
865,160152,217,0,228,8,222,4,160092
865,160153,582,10,607,22,594,16,160093
865,160154,384,10,418,31,401,20,160094
865,160155,67,20,81,41,74,30,160095
865,160156,438,57,459,88,448,72,160096
865,160157,429,288,463,307,446,297,160097
865,160158,215,234,231,255,223,244,160098
865,160159,165,0,177,4,171,2,160099
865,160160,228,250,253,264,240,257,160100
865,160161,341,264,360,284,350,274,160101
865,160162,357,45,388,65,372,55,160102
865,160163,185,231,213,245,199,238,160103
866,160164,442,0,532,73,487,36,160104
866,160165,539,247,571,274,555,260,160105
866,160166,596,234,621,262,608,248,160106
866,160167,468,184,490,229,479,206,160107
866,160168,596,127,623,165,609,146,160108
866,160169,266,0,346,52,306,26,160109
866,160170,381,121,402,156,391,138,160110
866,160171,529,70,557,95,543,82,160111
866,160172,417,113,441,145,429,129,160112
866,160173,60,164,82,185,71,174,160113
866,160174,543,207,579,230,561,218,160114
866,160175,99,165,116,200,107,182,160115
866,160176,208,316,231,347,219,331,160116
866,160177,300,52,321,84,310,68,160117
866,160178,246,52,267,81,256,66,160118
866,160179,609,0,639,21,624,10,160119
866,160180,273,284,297,308,285,296,160120
866,160181,271,74,292,105,281,89,160121
866,160182,500,29,525,58,512,43,160122
866,160183,573,68,610,96,591,82,160123
866,160184,261,178,281,210,271,194,160124
866,160185,612,49,638,75,625,62,160125
866,160186,293,230,314,254,303,242,160126
866,160187,119,90,137,114,128,102,160127
866,160188,233,84,256,107,244,95,160128
866,160189,36,120,54,142,45,131,160129
866,160190,72,129,88,155,80,142,160130
866,160191,56,100,74,122,65,111,160131
866,160192,229,50,250,74,239,62,160132
866,160193,202,12,220,36,211,24,160133
866,160194,231,5,258,27,244,16,160134
866,160195,37,159,56,177,46,168,160135
866,160196,40,88,56,114,48,101,160136
866,160197,486,253,514,277,500,265,160137
866,160198,291,24,319,41,305,32,160138
866,160199,124,0,188,23,156,11,160139
866,160200,52,20,67,52,59,36,160140
866,160201,182,68,201,94,191,81,160141
866,160202,196,56,212,80,204,68,160142
866,160203,313,128,336,153,324,140,160143
866,160204,306,98,334,121,320,109,160144
866,160205,515,0,541,14,528,7,160145
866,160206,542,155,573,182,557,168,160146
866,160207,348,63,377,85,362,74,160147
866,160208,29,244,43,262,36,253,160148
866,160209,49,230,69,252,59,241,160149
866,160210,31,275,48,300,39,287,160150
866,160211,420,25,442,52,431,38,160151
866,160212,217,0,228,8,222,4,160152
866,160213,582,10,607,22,594,16,160153
866,160214,384,10,418,31,401,20,160154
866,160215,67,20,81,41,74,30,160155
866,160216,438,57,459,87,448,72,160156
866,160217,429,288,463,306,446,297,160157
866,160218,215,235,232,255,223,245,160158
866,160219,165,0,177,4,171,2,160159
866,160220,228,250,253,264,240,257,160160
866,160221,341,264,360,284,350,274,160161
866,160222,355,44,387,65,371,54,160162
866,160223,185,231,213,245,199,238,160163
867,160224,442,0,532,73,487,36,160164
867,160225,539,247,571,274,555,260,160165
867,160226,596,234,621,262,608,248,160166
867,160227,468,184,490,229,479,206,160167
867,160228,596,127,623,165,609,146,160168
867,160229,266,0,346,52,306,26,160169
867,160230,381,121,402,156,391,138,160170
867,160231,529,70,557,95,543,82,160171
867,160232,417,113,441,145,429,129,160172
867,160233,60,164,82,185,71,174,160173
867,160234,543,207,579,230,561,218,160174
867,160235,99,165,116,200,107,182,160175
867,160236,208,316,231,347,219,331,160176
867,160237,300,52,321,84,310,68,160177
867,160238,246,52,267,81,256,66,160178
867,160239,609,0,639,21,624,10,160179
867,160240,273,284,297,308,285,296,160180
867,160241,271,74,292,105,281,89,160181
867,160242,501,29,525,59,513,44,160182
867,160243,573,68,610,96,591,82,160183
867,160244,261,178,281,210,271,194,160184
867,160245,612,49,638,75,625,62,160185
867,160246,293,230,314,254,303,242,160186
867,160247,119,90,137,114,128,102,160187
867,160248,232,84,256,107,244,95,160188
867,160249,36,120,55,142,45,131,160189
867,160250,72,129,88,155,80,142,160190
867,160251,56,100,74,122,65,111,160191
867,160252,229,50,250,74,239,62,160192
867,160253,202,12,220,36,211,24,160193
867,160254,231,5,258,27,244,16,160194
867,160255,37,159,56,177,46,168,160195
867,160256,40,88,56,114,48,101,160196
867,160257,486,253,514,277,500,265,160197
867,160258,291,24,319,41,305,32,160198
867,160259,124,0,188,23,156,11,160199
867,160260,52,20,67,52,59,36,160200
867,160261,181,68,201,94,191,81,160201
867,160262,196,56,212,80,204,68,160202
867,160263,313,128,336,153,324,140,160203
867,160264,306,98,334,121,320,109,160204
867,160265,514,0,541,14,527,7,160205
867,160266,542,155,573,182,557,168,160206
867,160267,348,63,377,85,362,74,160207
867,160268,29,244,43,262,36,253,160208
867,160269,49,230,69,252,59,241,160209
867,160270,31,275,48,300,39,287,160210
867,160271,420,25,442,52,431,38,160211
867,160272,217,0,229,8,223,4,160212
867,160273,582,10,607,22,594,16,160213
867,160274,384,10,417,31,400,20,160214
867,160275,67,20,81,41,74,30,160215
867,160276,438,57,459,87,448,72,160216
867,160277,430,288,463,306,446,297,160217
867,160278,215,236,232,255,223,245,160218
867,160279,165,0,177,4,171,2,160219
867,160280,228,250,253,264,240,257,160220
867,160281,341,264,360,284,350,274,160221
867,160282,353,44,386,65,369,54,160222
867,160283,185,231,213,245,199,238,160223
868,160284,442,0,532,73,487,36,160224
868,160285,539,247,571,274,555,260,160225
868,160286,596,234,621,262,608,248,160226
868,160287,468,184,490,229,479,206,160227
868,160288,596,127,623,165,609,146,160228
868,160289,266,0,346,52,306,26,160229
868,160290,381,121,402,156,391,138,160230
868,160291,529,70,557,95,543,82,160231
868,160292,417,113,441,145,429,129,160232
868,160293,60,164,82,185,71,174,160233
868,160294,543,207,579,230,561,218,160234
868,160295,99,165,116,200,107,182,160235
868,160296,208,316,231,347,219,331,160236
868,160297,300,52,321,84,310,68,160237
868,160298,246,52,267,81,256,66,160238
868,160299,609,0,639,21,624,10,160239
868,160300,273,284,297,308,285,296,160240
868,160301,271,74,292,105,281,89,160241
868,160302,501,29,524,59,512,44,160242
868,160303,573,68,610,96,591,82,160243
868,160304,261,178,281,210,271,194,160244
868,160305,612,49,638,75,625,62,160245
868,160306,293,230,314,254,303,242,160246
868,160307,119,90,137,114,128,102,160247
868,160308,232,84,256,107,244,95,160248
868,160309,36,120,55,142,45,131,160249
868,160310,72,129,88,155,80,142,160250
868,160311,56,100,74,122,65,111,160251
868,160312,229,50,250,74,239,62,160252
868,160313,202,12,220,36,211,24,160253
868,160314,231,5,258,27,244,16,160254
868,160315,37,159,56,177,46,168,160255
868,160316,40,88,56,114,48,101,160256
868,160317,486,253,514,277,500,265,160257
868,160318,291,24,319,41,305,32,160258
868,160319,124,0,188,23,156,11,160259
868,160320,52,20,67,52,59,36,160260
868,160321,181,68,201,94,191,81,160261
868,160322,196,56,212,80,204,68,160262
868,160323,313,128,336,153,324,140,160263
868,160324,306,98,334,121,320,109,160264
868,160325,514,0,541,14,527,7,160265
868,160326,542,155,573,182,557,168,160266
868,160327,348,63,377,85,362,74,160267
868,160328,29,244,43,262,36,253,160268
868,160329,49,230,69,252,59,241,160269
868,160330,31,275,48,300,39,287,160270
868,160331,420,25,442,52,431,38,160271
868,160332,217,0,229,8,223,4,160272
868,160333,582,10,607,22,594,16,160273
868,160334,384,10,417,31,400,20,160274
868,160335,67,20,81,41,74,30,160275
868,160336,438,57,459,87,448,72,160276
868,160337,430,288,463,306,446,297,160277
868,160338,215,236,232,255,223,245,160278
868,160339,165,0,177,4,171,2,160279
868,160340,228,250,253,264,240,257,160280
868,160341,341,264,360,284,350,274,160281
868,160342,352,43,386,65,369,54,160282
868,160343,185,231,213,245,199,238,160283
868,160344,528,319,551,339,539,329,
868,160345,566,351,592,358,579,354,
869,160346,442,0,532,73,487,36,160284
869,160347,539,247,571,274,555,260,160285
869,160348,596,234,621,262,608,248,160286
869,160349,468,184,490,229,479,206,160287
869,160350,596,127,623,165,609,146,160288
869,160351,266,0,346,52,306,26,160289
869,160352,381,121,402,156,391,138,160290
869,160353,529,70,557,95,543,82,160291
869,160354,417,113,441,145,429,129,160292
869,160355,60,164,82,185,71,174,160293
869,160356,543,207,579,230,561,218,160294
869,160357,99,165,116,200,107,182,160295
869,160358,208,316,231,347,219,331,160296
869,160359,300,52,321,84,310,68,160297
869,160360,246,52,267,81,256,66,160298
869,160361,609,0,639,21,624,10,160299
869,160362,273,284,297,308,285,296,160300
869,160363,271,74,291,105,281,89,160301
869,160364,501,29,524,59,512,44,160302
869,160365,573,68,610,96,591,82,160303
869,160366,261,178,281,210,271,194,160304
869,160367,612,48,638,75,625,61,160305
869,160368,293,230,314,254,303,242,160306
869,160369,119,90,137,114,128,102,160307
869,160370,232,84,256,107,244,95,160308
869,160371,36,120,55,142,45,131,160309
869,160372,72,129,88,155,80,142,160310
869,160373,56,100,74,122,65,111,160311
869,160374,229,50,250,74,239,62,160312
869,160375,202,12,220,36,211,24,160313
869,160376,231,5,258,27,244,16,160314
869,160377,37,159,55,177,46,168,160315
869,160378,40,88,56,114,48,101,160316
869,160379,486,253,514,277,500,265,160317
869,160380,291,24,319,41,305,32,160318
869,160381,124,0,188,23,156,11,160319
869,160382,52,20,67,52,59,36,160320
869,160383,181,68,201,94,191,81,160321
869,160384,196,56,212,80,204,68,160322
869,160385,313,128,336,153,324,140,160323
869,160386,306,98,334,121,320,109,160324
869,160387,514,0,541,14,527,7,160325
869,160388,542,155,573,182,557,168,160326
869,160389,348,63,377,85,362,74,160327
869,160390,29,244,43,262,36,253,160328
869,160391,49,230,69,252,59,241,160329
869,160392,31,275,48,300,39,287,160330
869,160393,420,25,442,52,431,38,160331
869,160394,217,0,229,8,223,4,160332
869,160395,582,10,608,22,595,16,160333
869,160396,384,10,417,31,400,20,160334
869,160397,67,20,81,41,74,30,160335
869,160398,439,57,459,87,449,72,160336
869,160399,431,288,463,306,447,297,160337
869,160400,215,236,232,255,223,245,160338
869,160401,165,0,177,4,171,2,160339
869,160402,228,250,253,264,240,257,160340
869,160403,341,264,360,284,350,274,160341
869,160404,350,43,384,65,367,54,160342
869,160405,184,231,213,245,198,238,160343
869,160406,324,0,338,15,331,7,
870,160407,442,0,532,73,487,36,160346
870,160408,539,247,571,274,555,260,160347
870,160409,596,234,621,262,608,248,160348
870,160410,468,184,490,229,479,206,160349
870,160411,596,127,623,165,609,146,160350
870,160412,266,0,346,52,306,26,160351
870,160413,381,121,402,156,391,138,160352
870,160414,529,70,557,95,543,82,160353
870,160415,417,113,441,145,429,129,160354
870,160416,60,164,82,185,71,174,160355
870,160417,543,207,579,230,561,218,160356
870,160418,99,165,116,200,107,182,160357
870,160419,208,316,231,347,219,331,160358
870,160420,300,52,321,84,310,68,160359
870,160421,246,52,267,81,256,66,160360
870,160422,609,0,639,21,624,10,160361
870,160423,272,284,297,308,284,296,160362
870,160424,271,74,291,105,281,89,160363
870,160425,501,29,524,59,512,44,160364
870,160426,573,68,610,96,591,82,160365
870,160427,261,178,281,210,271,194,160366
870,160428,612,48,638,75,625,61,160367
870,160429,293,230,314,254,303,242,160368
870,160430,119,90,137,114,128,102,160369
870,160431,232,84,256,107,244,95,160370
870,160432,36,120,55,142,45,131,160371
870,160433,72,129,88,155,80,142,160372
870,160434,56,100,74,122,65,111,160373
870,160435,229,50,250,74,239,62,160374
870,160436,202,12,220,36,211,24,160375
870,160437,231,5,259,27,245,16,160376
870,160438,37,159,55,177,46,168,160377
870,160439,40,88,56,114,48,101,160378
870,160440,486,253,514,277,500,265,160379
870,160441,291,24,319,41,305,32,160380
870,160442,124,0,188,23,156,11,160381
870,160443,52,20,67,52,59,36,160382
870,160444,181,68,201,94,191,81,160383
870,160445,196,56,212,80,204,68,160384
870,160446,313,128,336,153,324,140,160385
870,160447,306,98,334,121,320,109,160386
870,160448,514,0,541,14,527,7,160387
870,160449,542,155,573,182,557,168,160388
870,160450,348,63,377,85,362,74,160389
870,160451,29,244,43,262,36,253,160390
870,160452,49,230,69,252,59,241,160391
870,160453,31,275,48,300,39,287,160392
870,160454,420,25,442,51,431,38,160393
870,160455,217,0,229,8,223,4,160394
870,160456,582,10,608,22,595,16,160395
870,160457,384,10,417,31,400,20,160396
870,160458,67,20,81,41,74,30,160397
870,160459,439,56,459,87,449,71,160398
870,160460,432,288,463,306,447,297,160399
870,160461,215,237,232,256,223,246,160400
870,160462,165,0,177,4,171,2,160401
870,160463,228,250,253,264,240,257,160402
870,160464,341,264,360,284,350,274,160403
870,160465,348,43,382,66,365,54,160404
870,160466,184,231,214,245,199,238,160405
870,160467,324,0,338,15,331,7,160406
871,160468,442,0,532,73,487,36,160407
871,160469,539,247,571,274,555,260,160408
871,160470,596,234,621,262,608,248,160409
871,160471,468,184,490,229,479,206,160410
871,160472,596,127,623,165,609,146,160411
871,160473,267,0,346,52,306,26,160412
871,160474,381,121,402,156,391,138,160413
871,160475,529,70,557,95,543,82,160414
871,160476,417,113,441,145,429,129,160415
871,160477,60,164,82,185,71,174,160416
871,160478,543,207,579,231,561,219,160417
871,160479,99,165,116,200,107,182,160418
871,160480,208,316,231,347,219,331,160419
871,160481,300,52,321,84,310,68,160420
871,160482,246,52,267,81,256,66,160421
871,160483,609,0,638,21,623,10,160422
871,160484,272,284,297,308,284,296,160423
871,160485,271,74,291,105,281,89,160424
871,160486,501,29,524,59,512,44,160425
871,160487,573,68,610,97,591,82,160426
871,160488,261,178,281,210,271,194,160427
871,160489,612,49,638,75,625,62,160428
871,160490,293,230,314,254,303,242,160429
871,160491,119,90,137,114,128,102,160430
871,160492,233,84,256,107,244,95,160431
871,160493,36,120,55,142,45,131,160432
871,160494,72,129,88,155,80,142,160433
871,160495,56,100,74,122,65,111,160434
871,160496,229,50,250,74,239,62,160435
871,160497,202,12,220,36,211,24,160436
871,160498,231,5,259,27,245,16,160437
871,160499,37,159,55,177,46,168,160438
871,160500,40,88,56,114,48,101,160439
871,160501,486,253,514,277,500,265,160440
871,160502,291,24,319,41,305,32,160441
871,160503,124,0,188,23,156,11,160442
871,160504,52,20,67,52,59,36,160443
871,160505,181,68,201,94,191,81,160444
871,160506,196,56,212,80,204,68,160445
871,160507,314,128,336,153,325,140,160446
871,160508,306,98,334,121,320,109,160447
871,160509,514,0,542,14,528,7,160448
871,160510,542,155,573,182,557,168,160449
871,160511,348,63,378,85,363,74,160450
871,160512,29,244,43,262,36,253,160451
871,160513,49,230,69,252,59,241,160452
871,160514,31,275,48,300,39,287,160453
871,160515,420,25,442,51,431,38,160454
871,160516,217,0,228,8,222,4,160455
871,160517,582,10,608,22,595,16,160456
871,160518,384,10,417,31,400,20,160457
871,160519,67,20,81,41,74,30,160458
871,160520,439,56,459,87,449,71,160459
871,160521,433,288,464,306,448,297,160460
871,160522,215,237,232,256,223,246,160461
871,160523,165,0,178,4,171,2,160462
871,160524,228,250,253,264,240,257,160463
871,160525,341,264,360,283,350,273,160464
871,160526,348,43,381,66,364,54,160465
871,160527,184,231,214,245,199,238,160466
871,160528,324,0,338,16,331,8,160467
871,160529,365,21,384,52,374,36,
871,160530,566,351,591,358,578,354,
872,160531,442,0,532,73,487,36,160468
872,160532,539,247,571,274,555,260,160469
872,160533,596,234,621,262,608,248,160470
872,160534,468,184,490,229,479,206,160471
872,160535,596,127,623,165,609,146,160472
872,160536,267,0,346,52,306,26,160473
872,160537,381,121,402,156,391,138,160474
872,160538,529,70,558,95,543,82,160475
872,160539,417,113,441,145,429,129,160476
872,160540,60,164,82,185,71,174,160477
872,160541,544,207,579,231,561,219,160478
872,160542,99,165,116,200,107,182,160479
872,160543,208,316,231,347,219,331,160480
872,160544,300,52,321,84,310,68,160481
872,160545,246,52,267,81,256,66,160482
872,160546,609,0,638,21,623,10,160483
872,160547,273,284,297,308,285,296,160484
872,160548,271,74,291,105,281,89,160485
872,160549,501,29,524,59,512,44,160486
872,160550,573,68,610,97,591,82,160487
872,160551,262,178,281,210,271,194,160488
872,160552,612,49,638,75,625,62,160489
872,160553,293,230,314,254,303,242,160490
872,160554,119,90,137,114,128,102,160491
872,160555,233,84,256,107,244,95,160492
872,160556,36,120,55,142,45,131,160493
872,160557,72,129,88,155,80,142,160494
872,160558,56,100,74,122,65,111,160495
872,160559,229,50,250,74,239,62,160496
872,160560,201,12,220,36,210,24,160497
872,160561,231,5,259,26,245,15,160498
872,160562,37,159,55,177,46,168,160499
872,160563,40,88,56,114,48,101,160500
872,160564,486,253,514,277,500,265,160501
872,160565,291,24,319,41,305,32,160502
872,160566,124,0,188,23,156,11,160503
872,160567,52,20,67,52,59,36,160504
872,160568,181,68,201,94,191,81,160505
872,160569,196,56,212,80,204,68,160506
872,160570,314,128,336,153,325,140,160507
872,160571,307,98,334,121,320,109,160508
872,160572,514,0,542,14,528,7,160509
872,160573,542,155,573,182,557,168,160510
872,160574,348,63,378,85,363,74,160511
872,160575,29,244,43,262,36,253,160512
872,160576,49,230,69,252,59,241,160513
872,160577,31,276,48,300,39,288,160514
872,160578,420,25,442,51,431,38,160515
872,160579,217,0,228,8,222,4,160516
872,160580,582,10,608,22,595,16,160517
872,160581,384,10,417,31,400,20,160518
872,160582,67,20,81,41,74,30,160519
872,160583,439,56,459,87,449,71,160520
872,160584,434,288,464,307,449,297,160521
872,160585,215,238,232,256,223,247,160522
872,160586,165,0,178,4,171,2,160523
872,160587,227,250,253,264,240,257,160524
872,160588,341,264,360,283,350,273,160525
872,160589,347,43,379,66,363,54,160526
872,160590,185,231,214,245,199,238,160527
872,160591,324,0,338,16,331,8,160528
872,160592,201,274,222,294,211,284,
872,160593,365,21,384,52,374,36,160529
872,160594,566,351,591,358,578,354,160530
873,160595,442,0,532,73,487,36,160531
873,160596,539,247,571,274,555,260,160532
873,160597,596,234,621,262,608,248,160533
873,160598,468,184,490,229,479,206,160534
873,160599,596,127,623,165,609,146,160535
873,160600,267,0,346,51,306,25,160536
873,160601,381,121,402,156,391,138,160537
873,160602,529,70,558,95,543,82,160538
873,160603,417,113,441,145,429,129,160539
873,160604,60,164,82,185,71,174,160540
873,160605,544,207,579,231,561,219,160541
873,160606,99,165,116,200,107,182,160542
873,160607,208,316,231,347,219,331,160543
873,160608,300,52,321,84,310,68,160544
873,160609,246,52,267,81,256,66,160545
873,160610,609,0,638,21,623,10,160546
873,160611,273,284,297,308,285,296,160547
873,160612,271,74,291,105,281,89,160548
873,160613,501,29,524,60,512,44,160549
873,160614,573,68,610,97,591,82,160550
873,160615,262,178,281,210,271,194,160551
873,160616,612,49,638,75,625,62,160552
873,160617,293,230,314,254,303,242,160553
873,160618,119,90,137,114,128,102,160554
873,160619,233,84,256,107,244,95,160555
873,160620,36,120,55,142,45,131,160556
873,160621,72,129,88,155,80,142,160557
873,160622,56,100,74,122,65,111,160558
873,160623,229,50,250,74,239,62,160559
873,160624,201,12,220,36,210,24,160560
873,160625,231,5,260,26,245,15,160561
873,160626,37,159,55,177,46,168,160562
873,160627,40,88,56,114,48,101,160563
873,160628,486,253,514,277,500,265,160564
873,160629,291,24,320,41,305,32,160565
873,160630,124,0,188,23,156,11,160566
873,160631,52,20,67,52,59,36,160567
873,160632,181,68,201,94,191,81,160568
873,160633,196,56,212,80,204,68,160569
873,160634,314,128,336,153,325,140,160570
873,160635,307,98,334,121,320,109,160571
873,160636,514,0,542,14,528,7,160572
873,160637,542,155,573,182,557,168,160573
873,160638,348,63,378,85,363,74,160574
873,160639,29,244,43,262,36,253,160575
873,160640,49,230,69,252,59,241,160576
873,160641,31,276,48,300,39,288,160577
873,160642,420,25,443,51,431,38,160578
873,160643,217,0,228,8,222,4,160579
873,160644,582,10,608,22,595,16,160580
873,160645,384,10,417,31,400,20,160581
873,160646,67,20,81,41,74,30,160582
873,160647,439,56,459,87,449,71,160583
873,160648,434,288,464,307,449,297,160584
873,160649,215,238,232,256,223,247,160585
873,160650,165,0,178,4,171,2,160586
873,160651,227,250,253,265,240,257,160587
873,160652,341,264,360,283,350,273,160588
873,160653,347,43,378,66,362,54,160589
873,160654,185,231,214,245,199,238,160590
873,160655,324,0,338,16,331,8,160591
873,160656,201,274,222,294,211,284,160592
873,160657,366,21,384,52,375,36,160593
873,160658,566,351,591,358,578,354,160594
874,160659,442,0,532,73,487,36,160595
874,160660,539,247,571,274,555,260,160596
874,160661,596,234,621,262,608,248,160597
874,160662,468,184,490,229,479,206,160598
874,160663,596,127,623,165,609,146,160599
874,160664,267,0,346,51,306,25,160600
874,160665,381,121,402,156,391,138,160601
874,160666,529,70,558,95,543,82,160602
874,160667,417,113,441,145,429,129,160603
874,160668,60,164,82,185,71,174,160604
874,160669,544,207,579,231,561,219,160605
874,160670,99,165,116,200,107,182,160606
874,160671,208,316,231,347,219,331,160607
874,160672,300,52,321,84,310,68,160608
874,160673,246,52,267,81,256,66,160609
874,160674,609,0,638,21,623,10,160610
874,160675,273,284,297,308,285,296,160611
874,160676,271,74,291,105,281,89,160612
874,160677,501,29,524,60,512,44,160613
874,160678,573,68,610,97,591,82,160614
874,160679,262,178,281,210,271,194,160615
874,160680,612,49,638,75,625,62,160616
874,160681,293,230,314,254,303,242,160617
874,160682,119,90,137,114,128,102,160618
874,160683,233,84,256,107,244,95,160619
874,160684,36,120,55,142,45,131,160620
874,160685,72,129,88,155,80,142,160621
874,160686,56,100,74,122,65,111,160622
874,160687,229,50,250,74,239,62,160623
874,160688,201,12,220,36,210,24,160624
874,160689,231,5,260,26,245,15,160625
874,160690,37,159,55,177,46,168,160626
874,160691,40,88,56,114,48,101,160627
874,160692,486,253,514,277,500,265,160628
874,160693,291,24,320,41,305,32,160629
874,160694,124,0,188,23,156,11,160630
874,160695,52,20,67,52,59,36,160631
874,160696,181,68,201,94,191,81,160632
874,160697,196,56,212,80,204,68,160633
874,160698,314,128,336,153,325,140,160634
874,160699,307,98,334,121,320,109,160635
874,160700,514,0,542,14,528,7,160636
874,160701,542,155,573,182,557,168,160637
874,160702,348,63,378,85,363,74,160638
874,160703,29,244,43,262,36,253,160639
874,160704,49,230,69,252,59,241,160640
874,160705,31,276,48,300,39,288,160641
874,160706,420,25,443,51,431,38,160642
874,160707,217,0,228,8,222,4,160643
874,160708,582,10,608,22,595,16,160644
874,160709,384,10,417,31,400,20,160645
874,160710,67,20,81,41,74,30,160646
874,160711,439,56,459,87,449,71,160647
874,160712,435,288,464,307,449,297,160648
874,160713,215,238,232,257,223,247,160649
874,160714,165,0,178,4,171,2,160650
874,160715,227,250,252,265,239,257,160651
874,160716,341,264,360,283,350,273,160652
874,160717,347,42,378,65,362,53,160653
874,160718,186,231,214,245,200,238,160654
874,160719,324,0,338,16,331,8,160655
874,160720,201,274,222,294,211,284,160656
874,160721,367,21,384,52,375,36,160657
874,160722,566,351,591,358,578,354,160658
875,160723,443,0,532,73,487,36,160659
875,160724,539,247,571,274,555,260,160660
875,160725,596,234,621,262,608,248,160661
875,160726,468,183,490,229,479,206,160662
875,160727,596,127,623,165,609,146,160663
875,160728,267,0,346,51,306,25,160664
875,160729,381,121,402,156,391,138,160665
875,160730,529,70,558,95,543,82,160666
875,160731,417,113,441,145,429,129,160667
875,160732,60,164,82,186,71,175,160668
875,160733,544,207,579,231,561,219,160669
875,160734,99,165,116,200,107,182,160670
875,160735,208,316,231,347,219,331,160671
875,160736,300,52,321,84,310,68,160672
875,160737,246,52,267,81,256,66,160673
875,160738,609,0,638,21,623,10,160674
875,160739,273,284,297,308,285,296,160675
875,160740,271,74,291,105,281,89,160676
875,160741,501,29,524,60,512,44,160677
875,160742,573,68,610,97,591,82,160678
875,160743,262,178,281,210,271,194,160679
875,160744,612,49,638,75,625,62,160680
875,160745,293,230,314,254,303,242,160681
875,160746,119,90,137,114,128,102,160682
875,160747,233,84,256,107,244,95,160683
875,160748,36,120,55,142,45,131,160684
875,160749,72,129,88,155,80,142,160685
875,160750,56,100,74,122,65,111,160686
875,160751,228,50,250,74,239,62,160687
875,160752,201,12,220,36,210,24,160688
875,160753,231,5,260,26,245,15,160689
875,160754,37,159,55,177,46,168,160690
875,160755,40,88,56,114,48,101,160691
875,160756,486,253,514,277,500,265,160692
875,160757,291,24,320,41,305,32,160693
875,160758,124,0,188,23,156,11,160694
875,160759,52,20,67,52,59,36,160695
875,160760,181,68,201,94,191,81,160696
875,160761,196,56,212,80,204,68,160697
875,160762,314,128,336,153,325,140,160698
875,160763,306,98,334,121,320,109,160699
875,160764,514,0,542,14,528,7,160700
875,160765,542,155,573,182,557,168,160701
875,160766,348,63,378,85,363,74,160702
875,160767,29,244,43,262,36,253,160703
875,160768,49,230,69,252,59,241,160704
875,160769,31,276,48,300,39,288,160705
875,160770,420,25,443,51,431,38,160706
875,160771,217,0,228,8,222,4,160707
875,160772,582,10,608,22,595,16,160708
875,160773,384,10,417,31,400,20,160709
875,160774,67,20,81,41,74,30,160710
875,160775,439,56,459,87,449,71,160711
875,160776,435,288,464,307,449,297,160712
875,160777,215,238,232,257,223,247,160713
875,160778,165,0,178,4,171,2,160714
875,160779,227,250,252,265,239,257,160715
875,160780,347,42,377,65,362,53,160717
875,160781,186,231,214,246,200,238,160718
875,160782,324,0,338,16,331,8,160719
875,160783,201,274,222,294,211,284,160720
875,160784,366,21,384,53,375,37,160721
875,160785,566,351,591,358,578,354,160722
876,160786,443,0,532,73,487,36,160723
876,160787,539,247,571,274,555,260,160724
876,160788,596,234,621,262,608,248,160725
876,160789,468,183,490,229,479,206,160726
876,160790,596,127,623,165,609,146,160727
876,160791,267,0,346,51,306,25,160728
876,160792,381,121,402,156,391,138,160729
876,160793,529,70,558,95,543,82,160730
876,160794,417,113,441,145,429,129,160731
876,160795,60,164,82,186,71,175,160732
876,160796,544,207,579,231,561,219,160733
876,160797,99,165,116,200,107,182,160734
876,160798,208,316,231,347,219,331,160735
876,160799,300,52,321,84,310,68,160736
876,160800,246,52,267,81,256,66,160737
876,160801,609,0,638,21,623,10,160738
876,160802,272,283,297,308,284,295,160739
876,160803,271,74,291,105,281,89,160740
876,160804,501,29,524,60,512,44,160741
876,160805,573,68,610,97,591,82,160742
876,160806,262,178,281,210,271,194,160743
876,160807,612,49,638,75,625,62,160744
876,160808,293,230,314,254,303,242,160745
876,160809,119,90,137,114,128,102,160746
876,160810,233,84,256,107,244,95,160747
876,160811,36,120,55,142,45,131,160748
876,160812,72,129,88,155,80,142,160749
876,160813,56,100,74,122,65,111,160750
876,160814,229,50,250,74,239,62,160751
876,160815,201,12,220,36,210,24,160752
876,160816,231,5,260,26,245,15,160753
876,160817,37,159,55,177,46,168,160754
876,160818,40,88,56,114,48,101,160755
876,160819,486,253,514,277,500,265,160756
876,160820,291,24,320,41,305,32,160757
876,160821,124,0,188,23,156,11,160758
876,160822,52,20,67,52,59,36,160759
876,160823,181,68,201,94,191,81,160760
876,160824,196,56,212,80,204,68,160761
876,160825,314,128,336,153,325,140,160762
876,160826,306,98,334,121,320,109,160763
876,160827,514,0,542,14,528,7,160764
876,160828,542,155,573,182,557,168,160765
876,160829,348,63,378,85,363,74,160766
876,160830,29,244,43,262,36,253,160767
876,160831,49,230,69,252,59,241,160768
876,160832,31,276,48,300,39,288,160769
876,160833,419,25,444,51,431,38,160770
876,160834,217,0,228,8,222,4,160771
876,160835,582,10,608,22,595,16,160772
876,160836,384,10,418,31,401,20,160773
876,160837,67,20,81,41,74,30,160774
876,160838,439,56,459,87,449,71,160775
876,160839,435,288,465,307,450,297,160776
876,160840,215,238,233,257,224,247,160777
876,160841,165,0,178,4,171,2,160778
876,160842,229,250,252,264,240,257,160779
876,160843,346,38,380,63,363,50,160780
876,160844,186,231,214,245,200,238,160781
876,160845,201,274,222,294,211,284,160783
876,160846,353,24,384,59,368,41,
876,160847,566,351,591,358,578,354,160785
877,160848,443,0,532,73,487,36,160786
877,160849,539,247,571,274,555,260,160787
877,160850,596,234,621,262,608,248,160788
877,160851,468,183,490,229,479,206,160789
877,160852,596,127,623,165,609,146,160790
877,160853,267,0,346,51,306,25,160791
877,160854,381,121,402,156,391,138,160792
877,160855,529,70,558,95,543,82,160793
877,160856,417,113,441,145,429,129,160794
877,160857,60,164,82,186,71,175,160795
877,160858,544,207,579,231,561,219,160796
877,160859,99,165,116,200,107,182,160797
877,160860,208,316,231,347,219,331,160798
877,160861,300,52,321,84,310,68,160799
877,160862,246,52,267,81,256,66,160800
877,160863,609,0,638,21,623,10,160801
877,160864,272,283,297,308,284,295,160802
877,160865,271,74,291,105,281,89,160803
877,160866,501,29,524,60,512,44,160804
877,160867,573,68,610,97,591,82,160805
877,160868,262,178,281,210,271,194,160806
877,160869,612,49,638,75,625,62,160807
877,160870,293,229,314,254,303,241,160808
877,160871,119,90,137,114,128,102,160809
877,160872,233,84,256,107,244,95,160810
877,160873,36,120,55,142,45,131,160811
877,160874,72,129,88,155,80,142,160812
877,160875,56,100,74,122,65,111,160813
877,160876,229,50,250,74,239,62,160814
877,160877,201,12,220,36,210,24,160815
877,160878,231,5,260,26,245,15,160816
877,160879,37,159,56,177,46,168,160817
877,160880,40,88,56,114,48,101,160818
877,160881,486,253,514,277,500,265,160819
877,160882,291,24,320,41,305,32,160820
877,160883,124,0,188,23,156,11,160821
877,160884,52,20,67,52,59,36,160822
877,160885,181,68,201,94,191,81,160823
877,160886,196,56,212,80,204,68,160824
877,160887,314,128,336,153,325,140,160825
877,160888,306,98,334,121,320,109,160826
877,160889,514,0,542,14,528,7,160827
877,160890,542,155,573,182,557,168,160828
877,160891,348,63,378,85,363,74,160829
877,160892,29,244,43,262,36,253,160830
877,160893,49,230,69,252,59,241,160831
877,160894,31,276,48,300,39,288,160832
877,160895,419,26,444,51,431,38,160833
877,160896,217,0,228,8,222,4,160834
877,160897,582,10,608,22,595,16,160835
877,160898,383,10,418,31,400,20,160836
877,160899,67,20,81,41,74,30,160837
877,160900,439,56,459,87,449,71,160838
877,160901,436,288,465,308,450,298,160839
877,160902,216,238,233,257,224,247,160840
877,160903,165,0,178,4,171,2,160841
877,160904,229,250,252,264,240,257,160842
877,160905,186,231,214,246,200,238,160844
877,160906,201,274,222,294,211,284,160845
877,160907,348,28,384,60,366,44,160843
877,160908,566,351,591,358,578,354,160847
877,160909,515,24,531,35,523,29,
877,160910,324,0,338,16,331,8,
878,160911,443,0,532,73,487,36,160848
878,160912,539,247,571,274,555,260,160849
878,160913,596,234,621,262,608,248,160850
878,160914,468,183,490,229,479,206,160851
878,160915,596,127,623,165,609,146,160852
878,160916,268,0,346,51,307,25,160853
878,160917,381,121,402,156,391,138,160854
878,160918,529,70,558,95,543,82,160855
878,160919,417,113,441,145,429,129,160856
878,160920,60,164,82,186,71,175,160857
878,160921,543,207,579,231,561,219,160858
878,160922,99,165,116,200,107,182,160859
878,160923,208,316,231,347,219,331,160860
878,160924,300,52,321,84,310,68,160861
878,160925,246,52,267,81,256,66,160862
878,160926,609,0,638,21,623,10,160863
878,160927,272,283,297,308,284,295,160864
878,160928,271,74,291,105,281,89,160865
878,160929,501,29,524,60,512,44,160866
878,160930,573,68,610,97,591,82,160867
878,160931,262,178,281,210,271,194,160868
878,160932,612,49,638,75,625,62,160869
878,160933,293,229,314,254,303,241,160870
878,160934,119,90,137,114,128,102,160871
878,160935,233,84,256,107,244,95,160872
878,160936,36,120,54,142,45,131,160873
878,160937,72,129,88,155,80,142,160874
878,160938,56,100,74,122,65,111,160875
878,160939,228,50,250,74,239,62,160876
878,160940,201,12,220,36,210,24,160877
878,160941,231,5,260,26,245,15,160878
878,160942,37,159,55,177,46,168,160879
878,160943,40,88,56,114,48,101,160880
878,160944,486,253,514,277,500,265,160881
878,160945,291,24,319,41,305,32,160882
878,160946,124,0,188,23,156,11,160883
878,160947,52,20,67,52,59,36,160884
878,160948,181,68,201,94,191,81,160885
878,160949,196,56,212,80,204,68,160886
878,160950,314,128,336,153,325,140,160887
878,160951,306,98,334,121,320,109,160888
878,160952,514,0,542,14,528,7,160889
878,160953,542,155,573,182,557,168,160890
878,160954,348,63,378,85,363,74,160891
878,160955,29,244,43,262,36,253,160892
878,160956,49,230,69,252,59,241,160893
878,160957,31,276,48,300,39,288,160894
878,160958,419,28,445,51,432,39,160895
878,160959,217,0,228,8,222,4,160896
878,160960,582,10,607,22,594,16,160897
878,160961,383,10,418,31,400,20,160898
878,160962,67,20,81,41,74,30,160899
878,160963,439,56,459,87,449,71,160900
878,160964,436,288,465,308,450,298,160901
878,160965,216,238,234,257,225,247,160902
878,160966,165,0,178,4,171,2,160903
878,160967,230,250,252,264,241,257,160904
878,160968,186,231,214,246,200,238,160905
878,160969,201,274,222,294,211,284,160906
878,160970,358,23,384,59,371,41,160907
878,160971,566,351,591,358,578,354,160908
878,160972,515,24,531,34,523,29,160909
878,160973,566,0,589,4,577,2,
878,160974,324,0,338,16,331,8,160910
878,160975,341,264,360,283,350,273,
878,160976,345,30,371,59,358,44,160907
879,160977,442,0,532,73,487,36,160911
879,160978,539,247,571,274,555,260,160912
879,160979,596,234,621,262,608,248,160913
879,160980,468,183,490,229,479,206,160914
879,160981,596,127,623,165,609,146,160915
879,160982,268,0,346,51,307,25,160916
879,160983,381,121,402,156,391,138,160917
879,160984,529,70,558,95,543,82,160918
879,160985,417,113,441,145,429,129,160919
879,160986,60,164,82,186,71,175,160920
879,160987,544,207,579,231,561,219,160921
879,160988,99,165,116,200,107,182,160922
879,160989,208,316,231,347,219,331,160923
879,160990,300,52,321,84,310,68,160924
879,160991,246,52,267,81,256,66,160925
879,160992,609,0,638,21,623,10,160926
879,160993,272,284,297,308,284,296,160927
879,160994,271,74,291,105,281,89,160928
879,160995,501,29,524,60,512,44,160929
879,160996,573,68,610,97,591,82,160930
879,160997,262,178,281,210,271,194,160931
879,160998,612,49,638,75,625,62,160932
879,160999,293,229,314,254,303,241,160933
879,161000,119,90,137,114,128,102,160934
879,161001,233,84,256,107,244,95,160935
879,161002,36,120,54,142,45,131,160936
879,161003,72,129,88,155,80,142,160937
879,161004,56,100,74,122,65,111,160938
879,161005,228,50,250,74,239,62,160939
879,161006,202,12,220,36,211,24,160940
879,161007,231,5,260,26,245,15,160941
879,161008,37,159,55,177,46,168,160942
879,161009,40,88,56,114,48,101,160943
879,161010,486,253,514,277,500,265,160944
879,161011,291,24,319,41,305,32,160945
879,161012,124,0,188,23,156,11,160946
879,161013,52,20,67,52,59,36,160947
879,161014,181,68,201,94,191,81,160948
879,161015,196,56,212,80,204,68,160949
879,161016,314,128,336,153,325,140,160950
879,161017,306,98,334,121,320,109,160951
879,161018,514,0,542,14,528,7,160952
879,161019,542,155,573,182,557,168,160953
879,161020,348,63,378,86,363,74,160954
879,161021,29,244,43,262,36,253,160955
879,161022,49,230,69,252,59,241,160956
879,161023,31,276,48,300,39,288,160957
879,161024,419,29,445,51,432,40,160958
879,161025,217,0,228,8,222,4,160959
879,161026,581,10,607,22,594,16,160960
879,161027,385,10,418,31,401,20,160961
879,161028,67,20,81,41,74,30,160962
879,161029,439,56,459,87,449,71,160963
879,161030,436,288,465,308,450,298,160964
879,161031,216,238,234,257,225,247,160965
879,161032,165,0,178,4,171,2,160966
879,161033,230,250,252,263,241,256,160967
879,161034,186,231,214,246,200,238,160968
879,161035,201,274,222,294,211,284,160969
879,161036,363,22,384,56,373,39,160970
879,161037,566,351,591,358,578,354,160971
879,161038,515,24,531,34,523,29,160972
879,161039,560,0,588,5,574,2,160973
879,161040,324,0,338,16,331,8,160974
879,161041,341,264,360,284,350,274,160975
879,161042,344,25,368,57,356,41,160976
880,161043,442,0,532,73,487,36,160977
880,161044,539,247,571,274,555,260,160978
880,161045,596,234,621,262,608,248,160979
880,161046,468,184,490,229,479,206,160980
880,161047,596,127,623,165,609,146,160981
880,161048,268,0,346,51,307,25,160982
880,161049,381,121,402,156,391,138,160983
880,161050,529,70,557,95,543,82,160984
880,161051,417,113,441,145,429,129,160985
880,161052,60,164,82,186,71,175,160986
880,161053,544,207,579,231,561,219,160987
880,161054,99,165,116,200,107,182,160988
880,161055,208,316,231,347,219,331,160989
880,161056,300,52,321,84,310,68,160990
880,161057,246,52,267,81,256,66,160991
880,161058,609,0,638,21,623,10,160992
880,161059,272,284,297,308,284,296,160993
880,161060,271,74,291,105,281,89,160994
880,161061,501,29,524,60,512,44,160995
880,161062,573,68,610,97,591,82,160996
880,161063,262,178,281,210,271,194,160997
880,161064,612,49,638,75,625,62,160998
880,161065,293,229,314,254,303,241,160999
880,161066,119,90,137,114,128,102,161000
880,161067,233,84,256,107,244,95,161001
880,161068,36,120,54,142,45,131,161002
880,161069,72,129,88,155,80,142,161003
880,161070,56,100,74,122,65,111,161004
880,161071,228,50,250,74,239,62,161005
880,161072,202,12,220,36,211,24,161006
880,161073,231,5,260,26,245,15,161007
880,161074,37,159,55,177,46,168,161008
880,161075,40,88,56,114,48,101,161009
880,161076,486,253,514,277,500,265,161010
880,161077,291,24,319,41,305,32,161011
880,161078,124,0,188,23,156,11,161012
880,161079,52,20,67,52,59,36,161013
880,161080,181,68,201,94,191,81,161014
880,161081,196,56,212,80,204,68,161015
880,161082,314,128,336,153,325,140,161016
880,161083,306,98,334,121,320,109,161017
880,161084,514,0,542,14,528,7,161018
880,161085,542,155,573,182,557,168,161019
880,161086,348,63,378,86,363,74,161020
880,161087,29,244,43,262,36,253,161021
880,161088,49,230,69,252,59,241,161022
880,161089,31,276,48,300,39,288,161023
880,161090,419,29,445,51,432,40,161024
880,161091,217,0,228,8,222,4,161025
880,161092,581,10,607,22,594,16,161026
880,161093,386,10,419,31,402,20,161027
880,161094,67,20,81,41,74,30,161028
880,161095,439,56,459,87,449,71,161029
880,161096,436,288,465,308,450,298,161030
880,161097,216,238,234,257,225,247,161031
880,161098,165,0,178,4,171,2,161032
880,161099,230,250,252,263,241,256,161033
880,161100,186,231,214,246,200,238,161034
880,161101,201,274,222,294,211,284,161035
880,161102,364,22,384,55,374,38,161036
880,161103,565,351,591,358,578,354,161037
880,161104,515,24,531,34,523,29,161038
880,161105,558,0,588,5,573,2,161039
880,161106,324,0,338,16,331,8,161040
880,161107,341,264,360,284,350,274,161041
880,161108,344,24,367,56,355,40,161042
881,161109,442,0,532,73,487,36,161043
881,161110,539,247,571,274,555,260,161044
881,161111,596,234,621,262,608,248,161045
881,161112,468,183,490,229,479,206,161046
881,161113,596,127,623,165,609,146,161047
881,161114,268,0,346,51,307,25,161048
881,161115,381,121,402,156,391,138,161049
881,161116,529,70,558,95,543,82,161050
881,161117,417,113,441,145,429,129,161051
881,161118,60,164,82,185,71,174,161052
881,161119,544,207,579,231,561,219,161053
881,161120,99,165,116,200,107,182,161054
881,161121,208,316,231,347,219,331,161055
881,161122,300,52,321,84,310,68,161056
881,161123,246,52,267,81,256,66,161057
881,161124,609,0,638,21,623,10,161058
881,161125,272,284,297,308,284,296,161059
881,161126,271,74,291,105,281,89,161060
881,161127,501,29,524,60,512,44,161061
881,161128,573,68,610,97,591,82,161062
881,161129,262,178,281,210,271,194,161063
881,161130,612,49,638,75,625,62,161064
881,161131,293,229,314,254,303,241,161065
881,161132,119,90,137,114,128,102,161066
881,161133,233,84,256,107,244,95,161067
881,161134,36,120,54,142,45,131,161068
881,161135,72,129,88,155,80,142,161069
881,161136,56,100,74,122,65,111,161070
881,161137,228,50,250,74,239,62,161071
881,161138,202,12,220,36,211,24,161072
881,161139,231,5,260,26,245,15,161073
881,161140,37,159,55,177,46,168,161074
881,161141,40,88,56,114,48,101,161075
881,161142,486,253,514,277,500,265,161076
881,161143,291,24,319,41,305,32,161077
881,161144,124,0,188,23,156,11,161078
881,161145,52,20,67,52,59,36,161079
881,161146,181,68,201,94,191,81,161080
881,161147,196,56,212,80,204,68,161081
881,161148,314,128,336,153,325,140,161082
881,161149,306,98,334,121,320,109,161083
881,161150,514,0,542,14,528,7,161084
881,161151,542,155,573,182,557,168,161085
881,161152,348,63,378,85,363,74,161086
881,161153,29,244,43,262,36,253,161087
881,161154,49,230,69,252,59,241,161088
881,161155,31,276,48,300,39,288,161089
881,161156,419,29,445,50,432,39,161090
881,161157,217,0,228,8,222,4,161091
881,161158,581,10,607,22,594,16,161092
881,161159,387,10,418,31,402,20,161093
881,161160,67,20,81,41,74,30,161094
881,161161,439,56,459,87,449,71,161095
881,161162,436,288,465,308,450,298,161096
881,161163,216,238,234,257,225,247,161097
881,161164,165,0,178,4,171,2,161098
881,161165,230,250,252,263,241,256,161099
881,161166,185,231,214,246,199,238,161100
881,161167,201,274,222,294,211,284,161101
881,161168,365,23,384,55,374,39,161102
881,161169,515,24,531,35,523,29,161104
881,161170,556,0,587,6,571,3,161105
881,161171,324,0,338,16,331,8,161106
881,161172,341,263,360,284,350,273,161107
881,161173,344,22,366,54,355,38,161108
882,161174,442,0,532,73,487,36,161109
882,161175,539,247,571,274,555,260,161110
882,161176,596,234,621,262,608,248,161111
882,161177,468,183,490,229,479,206,161112
882,161178,596,127,623,165,609,146,161113
882,161179,267,0,346,51,306,25,161114
882,161180,381,121,402,156,391,138,161115
882,161181,529,70,558,95,543,82,161116
882,161182,417,113,441,145,429,129,161117
882,161183,60,164,82,185,71,174,161118
882,161184,543,207,579,231,561,219,161119
882,161185,99,165,116,200,107,182,161120
882,161186,208,316,231,347,219,331,161121
882,161187,300,52,321,84,310,68,161122
882,161188,246,52,267,81,256,66,161123
882,161189,609,0,638,21,623,10,161124
882,161190,272,284,297,308,284,296,161125
882,161191,271,74,291,105,281,89,161126
882,161192,501,29,524,60,512,44,161127
882,161193,573,68,610,97,591,82,161128
882,161194,262,178,281,210,271,194,161129
882,161195,612,49,638,75,625,62,161130
882,161196,293,229,314,254,303,241,161131
882,161197,119,90,137,114,128,102,161132
882,161198,233,84,256,107,244,95,161133
882,161199,36,120,54,142,45,131,161134
882,161200,72,129,88,155,80,142,161135
882,161201,56,100,74,122,65,111,161136
882,161202,228,50,250,74,239,62,161137
882,161203,202,12,220,36,211,24,161138
882,161204,231,5,260,26,245,15,161139
882,161205,37,159,55,177,46,168,161140
882,161206,40,88,56,114,48,101,161141
882,161207,486,253,514,277,500,265,161142
882,161208,291,24,319,41,305,32,161143
882,161209,124,0,188,23,156,11,161144
882,161210,52,20,67,52,59,36,161145
882,161211,181,68,201,94,191,81,161146
882,161212,196,56,212,80,204,68,161147
882,161213,314,128,337,153,325,140,161148
882,161214,306,98,334,121,320,109,161149
882,161215,515,0,541,14,528,7,161150
882,161216,542,155,573,182,557,168,161151
882,161217,348,63,378,85,363,74,161152
882,161218,29,244,43,262,36,253,161153
882,161219,49,230,69,252,59,241,161154
882,161220,31,276,48,300,39,288,161155
882,161221,419,28,445,49,432,38,161156
882,161222,217,0,228,8,222,4,161157
882,161223,582,10,608,22,595,16,161158
882,161224,392,10,418,32,405,21,161159
882,161225,67,20,81,41,74,30,161160
882,161226,439,56,459,87,449,71,161161
882,161227,436,288,465,308,450,298,161162
882,161228,216,238,234,257,225,247,161163
882,161229,165,0,178,4,171,2,161164
882,161230,230,250,252,264,241,257,161165
882,161231,185,230,214,246,199,238,161166
882,161232,201,274,222,294,211,284,161167
882,161233,365,24,384,55,374,39,161168
882,161234,515,24,531,35,523,29,161169
882,161235,555,0,587,6,571,3,161170
882,161236,324,0,338,16,331,8,161171
882,161237,341,263,360,284,350,273,161172
882,161238,345,20,366,51,355,35,161173
882,161239,383,8,408,30,395,19,161159
883,161240,442,0,532,73,487,36,161174
883,161241,539,247,571,274,555,260,161175
883,161242,596,234,621,262,608,248,161176
883,161243,468,183,490,229,479,206,161177
883,161244,596,127,623,165,609,146,161178
883,161245,267,0,345,51,306,25,161179
883,161246,381,121,402,156,391,138,161180
883,161247,529,70,558,95,543,82,161181
883,161248,417,113,441,145,429,129,161182
883,161249,60,164,82,185,71,174,161183
883,161250,544,207,579,231,561,219,161184
883,161251,99,165,116,200,107,182,161185
883,161252,208,316,231,347,219,331,161186
883,161253,300,52,321,84,310,68,161187
883,161254,246,52,267,81,256,66,161188
883,161255,609,0,638,21,623,10,161189
883,161256,272,284,297,308,284,296,161190
883,161257,271,74,291,105,281,89,161191
883,161258,501,30,524,60,512,45,161192
883,161259,573,68,610,97,591,82,161193
883,161260,262,178,281,210,271,194,161194
883,161261,612,49,638,75,625,62,161195
883,161262,293,229,314,254,303,241,161196
883,161263,119,90,137,114,128,102,161197
883,161264,233,84,256,107,244,95,161198
883,161265,36,120,54,142,45,131,161199
883,161266,72,129,88,155,80,142,161200
883,161267,56,100,74,122,65,111,161201
883,161268,229,50,250,74,239,62,161202
883,161269,202,12,220,36,211,24,161203
883,161270,231,5,260,26,245,15,161204
883,161271,37,159,55,177,46,168,161205
883,161272,40,88,56,114,48,101,161206
883,161273,486,253,514,277,500,265,161207
883,161274,291,24,319,41,305,32,161208
883,161275,124,0,188,23,156,11,161209
883,161276,52,20,67,52,59,36,161210
883,161277,181,68,201,94,191,81,161211
883,161278,196,56,212,80,204,68,161212
883,161279,314,128,337,153,325,140,161213
883,161280,306,98,334,121,320,109,161214
883,161281,515,0,541,14,528,7,161215
883,161282,542,155,573,182,557,168,161216
883,161283,348,63,378,85,363,74,161217
883,161284,29,244,43,262,36,253,161218
883,161285,49,230,69,252,59,241,161219
883,161286,31,276,48,300,39,288,161220
883,161287,420,28,445,49,432,38,161221
883,161288,217,0,228,8,222,4,161222
883,161289,582,10,608,22,595,16,161223
883,161290,391,10,419,32,405,21,161224
883,161291,67,20,81,41,74,30,161225
883,161292,439,56,459,87,449,71,161226
883,161293,436,288,465,308,450,298,161227
883,161294,216,238,234,257,225,247,161228
883,161295,165,0,178,4,171,2,161229
883,161296,230,250,252,264,241,257,161230
883,161297,185,230,215,246,200,238,161231
883,161298,201,274,222,294,211,284,161232
883,161299,364,26,384,55,374,40,161233
883,161300,515,24,531,35,523,29,161234
883,161301,554,0,586,7,570,3,161235
883,161302,322,0,338,16,330,8,161236
883,161303,341,263,360,284,350,273,161237
883,161304,344,16,365,49,354,32,161238
883,161305,383,8,404,30,393,19,161239
884,161306,443,0,532,73,487,36,161240
884,161307,539,247,571,274,555,260,161241
884,161308,596,234,621,262,608,248,161242
884,161309,468,183,490,229,479,206,161243
884,161310,596,127,623,165,609,146,161244
884,161311,267,0,344,51,305,25,161245
884,161312,381,121,402,156,391,138,161246
884,161313,529,70,557,95,543,82,161247
884,161314,417,113,441,145,429,129,161248
884,161315,60,164,82,185,71,174,161249
884,161316,544,207,579,231,561,219,161250
884,161317,99,165,116,200,107,182,161251
884,161318,208,316,231,347,219,331,161252
884,161319,300,52,321,84,310,68,161253
884,161320,246,52,267,81,256,66,161254
884,161321,609,0,638,21,623,10,161255
884,161322,272,284,297,308,284,296,161256
884,161323,271,74,291,105,281,89,161257
884,161324,501,30,524,60,512,45,161258
884,161325,573,68,610,97,591,82,161259
884,161326,262,178,281,210,271,194,161260
884,161327,612,49,638,75,625,62,161261
884,161328,293,229,314,254,303,241,161262
884,161329,119,90,137,114,128,102,161263
884,161330,233,84,256,107,244,95,161264
884,161331,36,120,54,142,45,131,161265
884,161332,72,129,88,155,80,142,161266
884,161333,56,100,74,122,65,111,161267
884,161334,229,50,250,74,239,62,161268
884,161335,202,12,220,36,211,24,161269
884,161336,231,5,260,26,245,15,161270
884,161337,37,159,55,177,46,168,161271
884,161338,40,88,56,114,48,101,161272
884,161339,486,253,514,277,500,265,161273
884,161340,291,24,319,41,305,32,161274
884,161341,124,0,188,23,156,11,161275
884,161342,52,20,67,52,59,36,161276
884,161343,181,68,201,94,191,81,161277
884,161344,196,56,212,80,204,68,161278
884,161345,314,128,337,153,325,140,161279
884,161346,306,98,334,121,320,109,161280
884,161347,514,0,541,14,527,7,161281
884,161348,542,155,573,182,557,168,161282
884,161349,348,63,378,86,363,74,161283
884,161350,29,244,43,262,36,253,161284
884,161351,49,230,69,252,59,241,161285
884,161352,31,276,48,300,39,288,161286
884,161353,420,27,445,49,432,38,161287
884,161354,217,0,228,8,222,4,161288
884,161355,582,10,607,22,594,16,161289
884,161356,386,9,419,32,402,20,161290
884,161357,67,20,81,41,74,30,161291
884,161358,439,57,460,87,449,72,161292
884,161359,437,287,465,307,451,297,161293
884,161360,216,238,234,257,225,247,161294
884,161361,165,0,178,4,171,2,161295
884,161362,230,250,252,264,241,257,161296
884,161363,185,230,215,246,200,238,161297
884,161364,201,274,222,294,211,284,161298
884,161365,364,27,384,56,374,41,161299
884,161366,515,24,531,35,523,29,161300
884,161367,554,0,586,7,570,3,161301
884,161368,322,0,337,15,329,7,161302
884,161369,341,263,360,284,350,273,161303
884,161370,344,11,364,45,354,28,161304
885,161371,443,0,532,73,487,36,161306
885,161372,539,247,571,274,555,260,161307
885,161373,596,234,621,262,608,248,161308
885,161374,468,183,490,229,479,206,161309
885,161375,596,127,623,165,609,146,161310
885,161376,267,0,344,51,305,25,161311
885,161377,381,121,402,156,391,138,161312
885,161378,529,70,557,95,543,82,161313
885,161379,417,113,441,145,429,129,161314
885,161380,60,164,82,185,71,174,161315
885,161381,544,207,579,231,561,219,161316
885,161382,99,165,116,200,107,182,161317
885,161383,208,316,231,347,219,331,161318
885,161384,300,52,321,84,310,68,161319
885,161385,246,52,267,81,256,66,161320
885,161386,609,0,638,21,623,10,161321
885,161387,272,284,297,308,284,296,161322
885,161388,271,74,291,105,281,89,161323
885,161389,501,30,524,60,512,45,161324
885,161390,573,68,610,97,591,82,161325
885,161391,262,178,281,210,271,194,161326
885,161392,612,49,638,75,625,62,161327
885,161393,293,229,314,254,303,241,161328
885,161394,119,90,137,114,128,102,161329
885,161395,233,84,256,107,244,95,161330
885,161396,36,120,54,142,45,131,161331
885,161397,72,129,88,155,80,142,161332
885,161398,56,100,74,122,65,111,161333
885,161399,229,50,250,74,239,62,161334
885,161400,202,12,220,36,211,24,161335
885,161401,231,5,260,26,245,15,161336
885,161402,37,159,56,177,46,168,161337
885,161403,40,88,56,114,48,101,161338
885,161404,486,253,514,277,500,265,161339
885,161405,291,24,319,41,305,32,161340
885,161406,124,0,188,23,156,11,161341
885,161407,52,20,67,52,59,36,161342
885,161408,181,68,201,94,191,81,161343
885,161409,196,56,212,80,204,68,161344
885,161410,314,128,337,153,325,140,161345
885,161411,306,98,334,121,320,109,161346
885,161412,514,0,541,14,527,7,161347
885,161413,542,155,573,182,557,168,161348
885,161414,348,63,378,86,363,74,161349
885,161415,29,244,43,262,36,253,161350
885,161416,50,230,69,252,59,241,161351
885,161417,31,276,48,300,39,288,161352
885,161418,420,27,444,48,432,37,161353
885,161419,217,0,228,8,222,4,161354
885,161420,582,10,607,22,594,16,161355
885,161421,384,9,419,32,401,20,161356
885,161422,67,20,81,41,74,30,161357
885,161423,440,57,460,87,450,72,161358
885,161424,437,286,463,306,450,296,161359
885,161425,216,238,234,257,225,247,161360
885,161426,165,0,178,4,171,2,161361
885,161427,230,250,252,264,241,257,161362
885,161428,185,230,215,246,200,238,161363
885,161429,201,274,222,294,211,284,161364
885,161430,364,28,385,56,374,42,161365
885,161431,515,24,532,35,523,29,161366
885,161432,555,0,585,7,570,3,161367
885,161433,321,1,339,15,330,8,161368
885,161434,341,263,360,284,350,273,161369
885,161435,343,7,363,41,353,24,161370
886,161436,443,0,532,73,487,36,161371
886,161437,539,247,571,274,555,260,161372
886,161438,596,234,621,262,608,248,161373
886,161439,468,184,490,229,479,206,161374
886,161440,596,127,623,165,609,146,161375
886,161441,267,0,344,51,305,25,161376
886,161442,381,121,402,156,391,138,161377
886,161443,529,70,557,95,543,82,161378
886,161444,417,113,441,145,429,129,161379
886,161445,60,164,82,185,71,174,161380
886,161446,544,207,579,231,561,219,161381
886,161447,99,165,116,200,107,182,161382
886,161448,208,316,231,347,219,331,161383
886,161449,300,52,321,84,310,68,161384
886,161450,246,52,267,81,256,66,161385
886,161451,609,0,638,21,623,10,161386
886,161452,272,284,297,308,284,296,161387
886,161453,271,74,291,105,281,89,161388
886,161454,501,30,524,60,512,45,161389
886,161455,573,68,610,97,591,82,161390
886,161456,262,178,281,210,271,194,161391
886,161457,612,49,638,75,625,62,161392
886,161458,293,229,314,254,303,241,161393
886,161459,119,90,137,114,128,102,161394
886,161460,233,84,256,107,244,95,161395
886,161461,36,120,54,142,45,131,161396
886,161462,72,129,88,155,80,142,161397
886,161463,56,100,74,122,65,111,161398
886,161464,229,50,250,74,239,62,161399
886,161465,202,12,220,36,211,24,161400
886,161466,231,5,260,26,245,15,161401
886,161467,37,159,56,177,46,168,161402
886,161468,40,88,56,114,48,101,161403
886,161469,486,253,514,277,500,265,161404
886,161470,291,24,319,41,305,32,161405
886,161471,124,0,188,23,156,11,161406
886,161472,52,20,67,52,59,36,161407
886,161473,181,68,201,94,191,81,161408
886,161474,196,56,212,81,204,68,161409
886,161475,314,128,337,153,325,140,161410
886,161476,306,98,334,121,320,109,161411
886,161477,514,0,541,14,527,7,161412
886,161478,542,155,573,182,557,168,161413
886,161479,348,63,377,86,362,74,161414
886,161480,29,244,43,262,36,253,161415
886,161481,50,230,69,252,59,241,161416
886,161482,31,276,48,300,39,288,161417
886,161483,420,26,444,48,432,37,161418
886,161484,217,0,228,8,222,4,161419
886,161485,582,10,607,22,594,16,161420
886,161486,383,9,419,33,401,21,161421
886,161487,67,20,81,41,74,30,161422
886,161488,440,57,460,87,450,72,161423
886,161489,437,285,463,306,450,295,161424
886,161490,216,238,234,257,225,247,161425
886,161491,165,0,178,4,171,2,161426
886,161492,230,250,252,264,241,257,161427
886,161493,185,230,215,246,200,238,161428
886,161494,201,274,222,294,211,284,161429
886,161495,365,28,385,57,375,42,161430
886,161496,515,24,532,35,523,29,161431
886,161497,555,0,585,7,570,3,161432
886,161498,321,1,339,15,330,8,161433
886,161499,341,263,360,283,350,273,161434
886,161500,343,6,363,40,353,23,161435
887,161501,443,0,532,73,487,36,161436
887,161502,539,247,571,274,555,260,161437
887,161503,596,234,621,262,608,248,161438
887,161504,468,184,490,229,479,206,161439
887,161505,596,127,623,165,609,146,161440
887,161506,267,0,344,51,305,25,161441
887,161507,381,121,402,156,391,138,161442
887,161508,529,70,558,95,543,82,161443
887,161509,417,113,441,145,429,129,161444
887,161510,60,164,82,185,71,174,161445
887,161511,543,207,579,231,561,219,161446
887,161512,99,165,116,200,107,182,161447
887,161513,208,316,231,347,219,331,161448
887,161514,300,52,321,84,310,68,161449
887,161515,246,52,267,81,256,66,161450
887,161516,609,0,638,21,623,10,161451
887,161517,272,284,297,308,284,296,161452
887,161518,271,74,291,105,281,89,161453
887,161519,501,29,524,60,512,44,161454
887,161520,573,68,610,97,591,82,161455
887,161521,262,178,281,210,271,194,161456
887,161522,612,49,638,75,625,62,161457
887,161523,293,229,314,254,303,241,161458
887,161524,119,90,137,114,128,102,161459
887,161525,233,84,256,107,244,95,161460
887,161526,36,120,54,142,45,131,161461
887,161527,72,129,88,155,80,142,161462
887,161528,56,100,74,122,65,111,161463
887,161529,229,50,250,74,239,62,161464
887,161530,202,12,220,36,211,24,161465
887,161531,230,5,260,26,245,15,161466
887,161532,37,159,56,177,46,168,161467
887,161533,40,88,56,114,48,101,161468
887,161534,486,253,514,277,500,265,161469
887,161535,291,24,319,41,305,32,161470
887,161536,124,0,188,23,156,11,161471
887,161537,52,20,67,52,59,36,161472
887,161538,181,68,201,94,191,81,161473
887,161539,196,56,212,81,204,68,161474
887,161540,314,128,337,153,325,140,161475
887,161541,306,98,334,121,320,109,161476
887,161542,514,0,541,14,527,7,161477
887,161543,542,155,573,182,557,168,161478
887,161544,348,63,377,86,362,74,161479
887,161545,29,244,43,261,36,252,161480
887,161546,50,230,69,252,59,241,161481
887,161547,31,276,48,300,39,288,161482
887,161548,420,26,444,48,432,37,161483
887,161549,217,0,228,8,222,4,161484
887,161550,582,10,607,22,594,16,161485
887,161551,383,8,419,33,401,20,161486
887,161552,67,20,81,41,74,30,161487
887,161553,440,57,460,87,450,72,161488
887,161554,437,284,462,305,449,294,161489
887,161555,216,238,234,257,225,247,161490
887,161556,165,0,178,4,171,2,161491
887,161557,231,250,252,263,241,256,161492
887,161558,186,230,214,247,200,238,161493
887,161559,201,274,222,294,211,284,161494
887,161560,365,29,385,58,375,43,161495
887,161561,515,24,532,35,523,29,161496
887,161562,555,0,585,7,570,3,161497
887,161563,321,1,341,14,331,7,161498
887,161564,341,263,360,283,350,273,161499
887,161565,343,4,362,37,352,20,161500
888,161566,443,0,532,73,487,36,161501
888,161567,539,247,571,274,555,260,161502
888,161568,596,234,621,262,608,248,161503
888,161569,468,184,490,229,479,206,161504
888,161570,596,127,623,165,609,146,161505
888,161571,267,0,344,51,305,25,161506
888,161572,381,121,402,156,391,138,161507
888,161573,529,70,558,95,543,82,161508
888,161574,417,113,441,145,429,129,161509
888,161575,60,164,82,185,71,174,161510
888,161576,543,207,579,231,561,219,161511
888,161577,99,165,116,200,107,182,161512
888,161578,208,316,231,347,219,331,161513
888,161579,300,52,321,84,310,68,161514
888,161580,246,52,267,81,256,66,161515
888,161581,609,0,638,21,623,10,161516
888,161582,272,284,297,308,284,296,161517
888,161583,271,74,291,105,281,89,161518
888,161584,502,29,524,61,513,45,161519
888,161585,573,68,610,97,591,82,161520
888,161586,262,178,281,210,271,194,161521
888,161587,612,49,638,75,625,62,161522
888,161588,293,230,314,254,303,242,161523
888,161589,119,90,137,114,128,102,161524
888,161590,233,84,256,107,244,95,161525
888,161591,36,120,54,142,45,131,161526
888,161592,72,129,88,155,80,142,161527
888,161593,56,100,74,122,65,111,161528
888,161594,229,50,250,74,239,62,161529
888,161595,202,12,220,36,211,24,161530
888,161596,230,5,260,26,245,15,161531
888,161597,37,159,56,177,46,168,161532
888,161598,40,88,56,114,48,101,161533
888,161599,486,253,514,277,500,265,161534
888,161600,291,24,319,41,305,32,161535
888,161601,124,0,188,23,156,11,161536
888,161602,52,20,67,52,59,36,161537
888,161603,181,68,201,94,191,81,161538
888,161604,196,56,212,81,204,68,161539
888,161605,314,128,337,153,325,140,161540
888,161606,306,98,334,121,320,109,161541
888,161607,514,0,541,14,527,7,161542
888,161608,542,155,573,182,557,168,161543
888,161609,348,63,377,86,362,74,161544
888,161610,28,244,43,261,35,252,161545
888,161611,50,230,69,252,59,241,161546
888,161612,31,276,48,300,39,288,161547
888,161613,420,26,444,48,432,37,161548
888,161614,217,0,228,8,222,4,161549
888,161615,582,10,607,22,594,16,161550
888,161616,383,8,419,33,401,20,161551
888,161617,67,20,81,41,74,30,161552
888,161618,440,57,460,87,450,72,161553
888,161619,437,281,462,304,449,292,161554
888,161620,216,239,234,257,225,248,161555
888,161621,165,0,178,4,171,2,161556
888,161622,231,250,252,263,241,256,161557
888,161623,186,231,214,246,200,238,161558
888,161624,201,274,222,294,211,284,161559
888,161625,365,30,385,58,375,44,161560
888,161626,515,24,532,35,523,29,161561
888,161627,555,0,585,7,570,3,161562
888,161628,319,1,342,14,330,7,161563
888,161629,341,263,360,283,350,273,161564
888,161630,344,4,363,33,353,18,161565
889,161631,443,0,532,73,487,36,161566
889,161632,539,247,571,274,555,260,161567
889,161633,596,234,621,262,608,248,161568
889,161634,468,183,490,229,479,206,161569
889,161635,596,127,623,165,609,146,161570
889,161636,267,0,345,52,306,26,161571
889,161637,381,121,402,156,391,138,161572
889,161638,529,70,558,95,543,82,161573
889,161639,417,113,441,145,429,129,161574
889,161640,60,164,82,185,71,174,161575
889,161641,543,207,579,231,561,219,161576
889,161642,99,165,116,200,107,182,161577
889,161643,208,316,231,347,219,331,161578
889,161644,300,52,321,84,310,68,161579
889,161645,246,52,267,81,256,66,161580
889,161646,609,0,638,21,623,10,161581
889,161647,272,284,297,308,284,296,161582
889,161648,271,74,291,105,281,89,161583
889,161649,502,29,524,61,513,45,161584
889,161650,573,68,610,97,591,82,161585
889,161651,262,178,281,210,271,194,161586
889,161652,612,49,638,75,625,62,161587
889,161653,293,229,314,254,303,241,161588
889,161654,119,90,137,114,128,102,161589
889,161655,233,84,256,107,244,95,161590
889,161656,36,120,54,142,45,131,161591
889,161657,72,129,88,155,80,142,161592
889,161658,56,100,74,122,65,111,161593
889,161659,229,50,250,74,239,62,161594
889,161660,202,12,220,36,211,24,161595
889,161661,230,5,260,26,245,15,161596
889,161662,37,159,56,177,46,168,161597
889,161663,40,88,56,114,48,101,161598
889,161664,486,253,514,277,500,265,161599
889,161665,291,24,319,41,305,32,161600
889,161666,125,0,188,23,156,11,161601
889,161667,52,20,67,52,59,36,161602
889,161668,181,68,201,94,191,81,161603
889,161669,196,56,212,81,204,68,161604
889,161670,314,128,337,153,325,140,161605
889,161671,306,98,334,121,320,109,161606
889,161672,514,0,541,14,527,7,161607
889,161673,542,155,573,182,557,168,161608
889,161674,348,63,377,86,362,74,161609
889,161675,28,244,43,261,35,252,161610
889,161676,50,230,69,252,59,241,161611
889,161677,31,276,48,300,39,288,161612
889,161678,420,26,444,48,432,37,161613
889,161679,217,0,228,8,222,4,161614
889,161680,582,10,607,22,594,16,161615
889,161681,383,8,419,33,401,20,161616
889,161682,67,20,81,41,74,30,161617
889,161683,440,57,460,87,450,72,161618
889,161684,437,279,461,303,449,291,161619
889,161685,216,239,234,257,225,248,161620
889,161686,165,0,178,4,171,2,161621
889,161687,232,250,252,263,242,256,161622
889,161688,187,231,215,246,201,238,161623
889,161689,201,274,222,294,211,284,161624
889,161690,365,31,386,58,375,44,161625
889,161691,515,24,532,35,523,29,161626
889,161692,555,0,585,7,570,3,161627
889,161693,318,1,341,15,329,8,161628
889,161694,341,263,360,284,350,273,161629
889,161695,345,4,364,30,354,17,161630
890,161696,443,0,532,73,487,36,161631
890,161697,539,247,571,274,555,260,161632
890,161698,596,234,621,262,608,248,161633
890,161699,468,184,490,229,479,206,161634
890,161700,596,127,623,165,609,146,161635
890,161701,268,0,345,52,306,26,161636
890,161702,381,121,402,156,391,138,161637
890,161703,529,70,557,95,543,82,161638
890,161704,417,113,441,145,429,129,161639
890,161705,60,164,82,185,71,174,161640
890,161706,543,207,579,231,561,219,161641
890,161707,99,165,116,200,107,182,161642
890,161708,208,316,231,347,219,331,161643
890,161709,300,52,321,84,310,68,161644
890,161710,246,52,267,81,256,66,161645
890,161711,609,0,638,21,623,10,161646
890,161712,272,284,297,308,284,296,161647
890,161713,271,74,291,105,281,89,161648
890,161714,502,29,524,61,513,45,161649
890,161715,573,68,610,97,591,82,161650
890,161716,262,178,281,210,271,194,161651
890,161717,612,49,638,75,625,62,161652
890,161718,293,229,314,254,303,241,161653
890,161719,119,90,137,114,128,102,161654
890,161720,233,84,256,107,244,95,161655
890,161721,36,120,54,142,45,131,161656
890,161722,72,129,88,155,80,142,161657
890,161723,56,100,74,122,65,111,161658
890,161724,229,50,250,74,239,62,161659
890,161725,202,12,220,36,211,24,161660
890,161726,230,5,260,26,245,15,161661
890,161727,37,159,56,177,46,168,161662
890,161728,40,88,56,114,48,101,161663
890,161729,486,253,514,277,500,265,161664
890,161730,291,24,319,41,305,32,161665
890,161731,125,0,188,23,156,11,161666
890,161732,52,20,67,52,59,36,161667
890,161733,181,68,201,94,191,81,161668
890,161734,196,56,212,81,204,68,161669
890,161735,314,128,337,153,325,140,161670
890,161736,306,98,334,121,320,109,161671
890,161737,514,0,541,14,527,7,161672
890,161738,542,155,573,182,557,168,161673
890,161739,348,63,377,86,362,74,161674
890,161740,28,244,43,261,35,252,161675
890,161741,50,230,69,252,59,241,161676
890,161742,31,276,48,300,39,288,161677
890,161743,420,26,444,48,432,37,161678
890,161744,217,0,228,8,222,4,161679
890,161745,582,10,607,22,594,16,161680
890,161746,383,8,419,33,401,20,161681
890,161747,67,20,81,41,74,30,161682
890,161748,440,57,460,87,450,72,161683
890,161749,437,278,461,302,449,290,161684
890,161750,217,239,235,257,226,248,161685
890,161751,165,0,178,4,171,2,161686
890,161752,232,250,252,263,242,256,161687
890,161753,187,231,215,246,201,238,161688
890,161754,201,274,222,294,211,284,161689
890,161755,365,31,386,58,375,44,161690
890,161756,515,24,532,35,523,29,161691
890,161757,555,0,585,7,570,3,161692
890,161758,317,1,340,17,328,9,161693
890,161759,341,263,360,283,350,273,161694
890,161760,345,4,364,27,354,15,161695
891,161761,443,0,531,73,487,36,161696
891,161762,539,247,571,274,555,260,161697
891,161763,596,234,621,262,608,248,161698
891,161764,468,184,490,229,479,206,161699
891,161765,596,127,623,165,609,146,161700
891,161766,268,0,345,52,306,26,161701
891,161767,381,121,402,156,391,138,161702
891,161768,529,70,557,95,543,82,161703
891,161769,417,113,441,145,429,129,161704
891,161770,60,164,82,185,71,174,161705
891,161771,543,207,579,231,561,219,161706
891,161772,99,165,116,200,107,182,161707
891,161773,208,316,231,347,219,331,161708
891,161774,300,52,321,84,310,68,161709
891,161775,246,52,267,81,256,66,161710
891,161776,609,0,638,21,623,10,161711
891,161777,272,283,297,308,284,295,161712
891,161778,271,74,291,105,281,89,161713
891,161779,502,30,524,61,513,45,161714
891,161780,573,68,610,97,591,82,161715
891,161781,262,178,281,210,271,194,161716
891,161782,612,49,638,75,625,62,161717
891,161783,293,229,314,254,303,241,161718
891,161784,119,90,137,114,128,102,161719
891,161785,233,84,256,107,244,95,161720
891,161786,36,120,54,142,45,131,161721
891,161787,72,129,88,155,80,142,161722
891,161788,56,100,74,122,65,111,161723
891,161789,229,50,250,74,239,62,161724
891,161790,202,12,220,36,211,24,161725
891,161791,230,5,260,26,245,15,161726
891,161792,37,159,56,177,46,168,161727
891,161793,40,88,56,114,48,101,161728
891,161794,486,253,514,277,500,265,161729
891,161795,291,24,319,41,305,32,161730
891,161796,125,0,188,23,156,11,161731
891,161797,52,20,67,52,59,36,161732
891,161798,181,68,201,94,191,81,161733
891,161799,196,56,212,81,204,68,161734
891,161800,314,128,337,153,325,140,161735
891,161801,306,98,334,121,320,109,161736
891,161802,514,0,541,14,527,7,161737
891,161803,542,155,573,182,557,168,161738
891,161804,348,63,377,85,362,74,161739
891,161805,28,244,43,261,35,252,161740
891,161806,50,230,69,252,59,241,161741
891,161807,31,276,48,300,39,288,161742
891,161808,420,26,444,48,432,37,161743
891,161809,217,0,228,8,222,4,161744
891,161810,582,10,607,22,594,16,161745
891,161811,383,8,419,33,401,20,161746
891,161812,67,20,81,41,74,30,161747
891,161813,440,57,460,87,450,72,161748
891,161814,438,277,461,302,449,289,161749
891,161815,217,239,235,257,226,248,161750
891,161816,165,0,178,4,171,2,161751
891,161817,232,250,252,263,242,256,161752
891,161818,187,231,215,246,201,238,161753
891,161819,201,274,222,294,211,284,161754
891,161820,365,32,386,58,375,45,161755
891,161821,515,25,532,35,523,30,161756
891,161822,555,0,584,6,569,3,161757
891,161823,315,1,340,18,327,9,161758
891,161824,345,4,364,24,354,14,161760
892,161825,443,0,531,73,487,36,161761
892,161826,539,247,571,274,555,260,161762
892,161827,596,234,621,262,608,248,161763
892,161828,468,184,490,229,479,206,161764
892,161829,596,127,623,165,609,146,161765
892,161830,268,0,345,52,306,26,161766
892,161831,381,121,402,156,391,138,161767
892,161832,529,70,557,95,543,82,161768
892,161833,417,113,441,145,429,129,161769
892,161834,60,164,82,185,71,174,161770
892,161835,543,207,579,231,561,219,161771
892,161836,99,165,116,200,107,182,161772
892,161837,208,316,231,347,219,331,161773
892,161838,300,52,321,84,310,68,161774
892,161839,246,52,267,81,256,66,161775
892,161840,609,0,638,21,623,10,161776
892,161841,272,283,297,308,284,295,161777
892,161842,271,74,291,105,281,89,161778
892,161843,502,30,524,60,513,45,161779
892,161844,573,68,610,97,591,82,161780
892,161845,262,178,281,210,271,194,161781
892,161846,612,49,638,75,625,62,161782
892,161847,293,229,314,254,303,241,161783
892,161848,119,90,137,114,128,102,161784
892,161849,233,84,256,107,244,95,161785
892,161850,36,120,54,142,45,131,161786
892,161851,72,129,88,155,80,142,161787
892,161852,56,100,74,122,65,111,161788
892,161853,229,50,250,74,239,62,161789
892,161854,202,12,220,36,211,24,161790
892,161855,230,5,260,26,245,15,161791
892,161856,37,159,56,177,46,168,161792
892,161857,40,88,56,114,48,101,161793
892,161858,486,253,514,277,500,265,161794
892,161859,291,24,319,41,305,32,161795
892,161860,125,0,188,23,156,11,161796
892,161861,52,20,67,52,59,36,161797
892,161862,181,68,201,94,191,81,161798
892,161863,196,56,212,81,204,68,161799
892,161864,314,128,337,153,325,140,161800
892,161865,306,98,334,121,320,109,161801
892,161866,514,0,541,14,527,7,161802
892,161867,542,155,573,182,557,168,161803
892,161868,348,63,377,85,362,74,161804
892,161869,28,244,43,261,35,252,161805
892,161870,50,230,69,252,59,241,161806
892,161871,31,276,48,300,39,288,161807
892,161872,420,26,444,48,432,37,161808
892,161873,217,0,228,8,222,4,161809
892,161874,582,10,607,22,594,16,161810
892,161875,383,8,419,33,401,20,161811
892,161876,67,20,81,41,74,30,161812
892,161877,440,57,460,87,450,72,161813
892,161878,438,277,461,302,449,289,161814
892,161879,217,239,235,257,226,248,161815
892,161880,165,0,178,4,171,2,161816
892,161881,232,250,252,263,242,256,161817
892,161882,187,231,215,246,201,238,161818
892,161883,201,274,222,294,211,284,161819
892,161884,365,32,386,58,375,45,161820
892,161885,515,25,532,35,523,30,161821
892,161886,555,0,584,6,569,3,161822
892,161887,314,1,340,18,327,9,161823
892,161888,345,4,365,23,355,13,161824
893,161889,443,0,531,73,487,36,161825
893,161890,539,247,571,274,555,260,161826
893,161891,596,234,621,262,608,248,161827
893,161892,468,184,490,229,479,206,161828
893,161893,596,127,623,165,609,146,161829
893,161894,268,0,344,52,306,26,161830
893,161895,381,121,402,156,391,138,161831
893,161896,529,70,558,95,543,82,161832
893,161897,417,113,441,145,429,129,161833
893,161898,60,164,82,185,71,174,161834
893,161899,543,207,579,231,561,219,161835
893,161900,99,165,116,200,107,182,161836
893,161901,208,316,231,347,219,331,161837
893,161902,300,52,321,84,310,68,161838
893,161903,246,52,267,81,256,66,161839
893,161904,609,0,638,21,623,10,161840
893,161905,272,283,297,308,284,295,161841
893,161906,271,74,291,105,281,89,161842
893,161907,503,30,524,60,513,45,161843
893,161908,573,68,610,97,591,82,161844
893,161909,262,178,281,210,271,194,161845
893,161910,612,49,638,75,625,62,161846
893,161911,293,229,314,254,303,241,161847
893,161912,119,90,137,114,128,102,161848
893,161913,233,84,256,107,244,95,161849
893,161914,36,120,54,142,45,131,161850
893,161915,72,129,88,155,80,142,161851
893,161916,56,100,74,122,65,111,161852
893,161917,229,50,250,74,239,62,161853
893,161918,202,12,220,36,211,24,161854
893,161919,230,5,260,26,245,15,161855
893,161920,37,159,56,177,46,168,161856
893,161921,40,88,56,114,48,101,161857
893,161922,486,253,514,277,500,265,161858
893,161923,291,24,320,41,305,32,161859
893,161924,125,0,188,23,156,11,161860
893,161925,52,20,67,52,59,36,161861
893,161926,181,68,201,94,191,81,161862
893,161927,196,56,212,81,204,68,161863
893,161928,314,128,337,153,325,140,161864
893,161929,306,98,334,121,320,109,161865
893,161930,514,0,541,14,527,7,161866
893,161931,542,155,573,182,557,168,161867
893,161932,348,63,377,85,362,74,161868
893,161933,28,244,43,261,35,252,161869
893,161934,50,230,69,252,59,241,161870
893,161935,31,276,48,300,39,288,161871
893,161936,420,25,444,48,432,36,161872
893,161937,217,0,228,8,222,4,161873
893,161938,582,10,607,22,594,16,161874
893,161939,383,8,419,33,401,20,161875
893,161940,67,20,81,41,74,30,161876
893,161941,440,57,460,87,450,72,161877
893,161942,438,277,461,302,449,289,161878
893,161943,217,239,235,257,226,248,161879
893,161944,165,0,178,4,171,2,161880
893,161945,232,250,252,263,242,256,161881
893,161946,187,231,215,246,201,238,161882
893,161947,201,274,222,294,211,284,161883
893,161948,366,31,386,58,376,44,161884
893,161949,515,25,532,35,523,30,161885
893,161950,554,0,583,6,568,3,161886
893,161951,314,1,340,18,327,9,161887
893,161952,345,4,364,22,354,13,161888
894,161953,443,0,531,73,487,36,161889
894,161954,539,247,571,274,555,260,161890
894,161955,596,234,621,262,608,248,161891
894,161956,468,183,490,229,479,206,161892
894,161957,596,127,623,165,609,146,161893
894,161958,268,0,345,52,306,26,161894
894,161959,381,121,402,156,391,138,161895
894,161960,529,70,557,95,543,82,161896
894,161961,417,113,441,145,429,129,161897
894,161962,60,164,82,185,71,174,161898
894,161963,543,207,579,231,561,219,161899
894,161964,99,165,116,200,107,182,161900
894,161965,208,316,231,347,219,331,161901
894,161966,300,52,321,84,310,68,161902
894,161967,246,52,267,81,256,66,161903
894,161968,609,0,638,21,623,10,161904
894,161969,272,283,297,308,284,295,161905
894,161970,271,74,291,105,281,89,161906
894,161971,503,30,524,60,513,45,161907
894,161972,573,68,610,97,591,82,161908
894,161973,262,178,281,210,271,194,161909
894,161974,612,49,638,75,625,62,161910
894,161975,293,229,314,254,303,241,161911
894,161976,119,90,137,114,128,102,161912
894,161977,233,84,256,107,244,95,161913
894,161978,36,120,54,142,45,131,161914
894,161979,72,129,88,155,80,142,161915
894,161980,56,100,74,122,65,111,161916
894,161981,229,50,250,74,239,62,161917
894,161982,202,12,220,36,211,24,161918
894,161983,230,5,260,26,245,15,161919
894,161984,37,159,55,177,46,168,161920
894,161985,40,88,56,114,48,101,161921
894,161986,486,253,514,277,500,265,161922
894,161987,291,24,320,41,305,32,161923
894,161988,125,0,188,23,156,11,161924
894,161989,52,20,67,52,59,36,161925
894,161990,181,68,201,94,191,81,161926
894,161991,196,56,212,81,204,68,161927
894,161992,314,128,337,153,325,140,161928
894,161993,306,98,334,121,320,109,161929
894,161994,513,0,541,14,527,7,161930
894,161995,542,155,573,182,557,168,161931
894,161996,348,63,377,85,362,74,161932
894,161997,28,244,43,261,35,252,161933
894,161998,50,230,69,252,59,241,161934
894,161999,31,276,48,300,39,288,161935
894,162000,420,24,444,48,432,36,161936
894,162001,217,0,228,8,222,4,161937
894,162002,582,10,607,22,594,16,161938
894,162003,383,9,419,33,401,21,161939
894,162004,67,20,81,41,74,30,161940
894,162005,440,57,460,87,450,72,161941
894,162006,438,276,461,302,449,289,161942
894,162007,217,239,235,257,226,248,161943
894,162008,165,0,178,4,171,2,161944
894,162009,232,250,252,263,242,256,161945
894,162010,187,231,215,246,201,238,161946
894,162011,201,274,222,294,211,284,161947
894,162012,366,31,386,58,376,44,161948
894,162013,515,25,532,35,523,30,161949
894,162014,553,0,582,6,567,3,161950
894,162015,314,1,339,18,326,9,161951
894,162016,345,4,364,20,354,12,161952
895,162017,444,0,531,73,487,36,161953
895,162018,539,247,571,274,555,260,161954
895,162019,596,234,621,262,608,248,161955
895,162020,468,184,490,229,479,206,161956
895,162021,596,127,623,165,609,146,161957
895,162022,268,0,344,52,306,26,161958
895,162023,381,121,402,156,391,138,161959
895,162024,529,70,558,95,543,82,161960
895,162025,417,113,441,145,429,129,161961
895,162026,60,164,82,186,71,175,161962
895,162027,543,207,579,231,561,219,161963
895,162028,99,165,116,200,107,182,161964
895,162029,208,316,231,347,219,331,161965
895,162030,300,52,321,84,310,68,161966
895,162031,246,52,267,81,256,66,161967
895,162032,609,0,638,21,623,10,161968
895,162033,272,283,297,308,284,295,161969
895,162034,271,74,291,105,281,89,161970
895,162035,503,30,524,60,513,45,161971
895,162036,573,68,610,97,591,82,161972
895,162037,262,178,281,210,271,194,161973
895,162038,612,49,638,75,625,62,161974
895,162039,293,229,314,254,303,241,161975
895,162040,119,90,137,114,128,102,161976
895,162041,233,84,256,107,244,95,161977
895,162042,36,120,54,142,45,131,161978
895,162043,72,129,88,155,80,142,161979
895,162044,57,100,74,122,65,111,161980
895,162045,229,50,250,74,239,62,161981
895,162046,202,12,220,36,211,24,161982
895,162047,230,5,260,26,245,15,161983
895,162048,37,159,55,177,46,168,161984
895,162049,40,88,56,114,48,101,161985
895,162050,486,253,514,277,500,265,161986
895,162051,291,24,320,41,305,32,161987
895,162052,125,0,188,23,156,11,161988
895,162053,52,20,67,52,59,36,161989
895,162054,181,68,201,94,191,81,161990
895,162055,196,56,212,81,204,68,161991
895,162056,314,128,337,153,325,140,161992
895,162057,306,98,334,121,320,109,161993
895,162058,513,0,541,14,527,7,161994
895,162059,542,155,573,182,557,168,161995
895,162060,348,63,377,85,362,74,161996
895,162061,28,244,43,261,35,252,161997
895,162062,50,230,69,252,59,241,161998
895,162063,31,276,48,300,39,288,161999
895,162064,421,23,444,48,432,35,162000
895,162065,217,0,228,8,222,4,162001
895,162066,582,10,607,22,594,16,162002
895,162067,383,9,419,33,401,21,162003
895,162068,67,20,81,41,74,30,162004
895,162069,440,57,459,87,449,72,162005
895,162070,438,276,461,302,449,289,162006
895,162071,217,239,234,257,225,248,162007
895,162072,165,0,178,4,171,2,162008
895,162073,232,250,252,263,242,256,162009
895,162074,187,231,215,246,201,238,162010
895,162075,201,274,222,294,211,284,162011
895,162076,366,29,386,58,376,43,162012
895,162077,515,25,532,35,523,30,162013
895,162078,552,0,581,5,566,2,162014
895,162079,314,1,340,17,327,9,162015
895,162080,345,4,365,19,355,11,162016
896,162081,444,0,531,73,487,36,162017
896,162082,539,247,571,274,555,260,162018
896,162083,596,234,621,262,608,248,162019
896,162084,468,184,490,229,479,206,162020
896,162085,596,127,623,165,609,146,162021
896,162086,268,0,344,52,306,26,162022
896,162087,381,121,402,156,391,138,162023
896,162088,529,70,558,95,543,82,162024
896,162089,417,113,441,145,429,129,162025
896,162090,60,164,82,185,71,174,162026
896,162091,543,207,579,231,561,219,162027
896,162092,99,165,116,200,107,182,162028
896,162093,208,316,231,347,219,331,162029
896,162094,300,52,321,84,310,68,162030
896,162095,246,52,267,81,256,66,162031
896,162096,609,0,638,21,623,10,162032
896,162097,272,283,297,308,284,295,162033
896,162098,271,74,291,105,281,89,162034
896,162099,503,30,524,60,513,45,162035
896,162100,573,68,610,97,591,82,162036
896,162101,262,178,281,210,271,194,162037
896,162102,612,49,638,75,625,62,162038
896,162103,293,230,314,254,303,242,162039
896,162104,119,90,137,114,128,102,162040
896,162105,233,84,256,107,244,95,162041
896,162106,36,120,54,142,45,131,162042
896,162107,72,129,88,155,80,142,162043
896,162108,57,100,74,122,65,111,162044
896,162109,229,50,250,74,239,62,162045
896,162110,202,12,220,36,211,24,162046
896,162111,230,5,260,26,245,15,162047
896,162112,37,159,55,177,46,168,162048
896,162113,40,88,56,114,48,101,162049
896,162114,486,253,514,277,500,265,162050
896,162115,291,24,320,41,305,32,162051
896,162116,125,0,188,23,156,11,162052
896,162117,52,20,67,52,59,36,162053
896,162118,181,68,201,94,191,81,162054
896,162119,196,56,212,81,204,68,162055
896,162120,314,128,337,153,325,140,162056
896,162121,306,98,334,121,320,109,162057
896,162122,513,0,542,14,527,7,162058
896,162123,542,155,573,182,557,168,162059
896,162124,348,63,377,85,362,74,162060
896,162125,28,244,43,261,35,252,162061
896,162126,50,230,69,252,59,241,162062
896,162127,31,276,48,300,39,288,162063
896,162128,421,22,444,48,432,35,162064
896,162129,217,0,228,8,222,4,162065
896,162130,582,10,607,22,594,16,162066
896,162131,383,9,418,32,400,20,162067
896,162132,67,20,81,41,74,30,162068
896,162133,440,56,459,87,449,71,162069
896,162134,438,276,460,303,449,289,162070
896,162135,217,240,234,256,225,248,162071
896,162136,165,0,178,4,171,2,162072
896,162137,232,250,252,263,242,256,162073
896,162138,187,231,215,246,201,238,162074
896,162139,201,274,222,294,211,284,162075
896,162140,366,29,387,58,376,43,162076
896,162141,515,25,532,35,523,30,162077
896,162142,552,0,581,5,566,2,162078
896,162143,314,1,340,17,327,9,162079
896,162144,345,4,365,18,355,11,162080
897,162145,444,0,531,73,487,36,162081
897,162146,539,247,571,274,555,260,162082
897,162147,596,234,621,262,608,248,162083
897,162148,468,184,490,229,479,206,162084
897,162149,596,127,623,165,609,146,162085
897,162150,268,0,344,52,306,26,162086
897,162151,381,121,402,156,391,138,162087
897,162152,529,70,558,95,543,82,162088
897,162153,417,113,441,145,429,129,162089
897,162154,60,164,82,185,71,174,162090
897,162155,543,207,579,231,561,219,162091
897,162156,99,165,116,200,107,182,162092
897,162157,208,316,231,347,219,331,162093
897,162158,300,52,321,84,310,68,162094
897,162159,246,52,267,81,256,66,162095
897,162160,609,0,638,21,623,10,162096
897,162161,272,283,297,308,284,295,162097
897,162162,271,74,291,105,281,89,162098
897,162163,503,30,524,60,513,45,162099
897,162164,573,68,610,97,591,82,162100
897,162165,262,178,281,210,271,194,162101
897,162166,612,49,638,75,625,62,162102
897,162167,293,230,314,254,303,242,162103
897,162168,119,90,137,114,128,102,162104
897,162169,233,84,256,107,244,95,162105
897,162170,36,120,54,142,45,131,162106
897,162171,72,129,88,155,80,142,162107
897,162172,57,100,74,122,65,111,162108
897,162173,229,50,250,74,239,62,162109
897,162174,202,12,220,36,211,24,162110
897,162175,230,5,260,26,245,15,162111
897,162176,37,159,55,177,46,168,162112
897,162177,40,88,56,114,48,101,162113
897,162178,486,253,514,277,500,265,162114
897,162179,291,24,319,41,305,32,162115
897,162180,125,0,188,23,156,11,162116
897,162181,52,20,67,52,59,36,162117
897,162182,181,68,201,94,191,81,162118
897,162183,196,56,212,81,204,68,162119
897,162184,314,128,337,153,325,140,162120
897,162185,306,98,334,121,320,109,162121
897,162186,513,0,542,14,527,7,162122
897,162187,542,155,573,182,557,168,162123
897,162188,348,63,377,85,362,74,162124
897,162189,28,244,43,261,35,252,162125
897,162190,50,230,69,252,59,241,162126
897,162191,31,276,48,300,39,288,162127
897,162192,422,20,444,48,433,34,162128
897,162193,217,0,228,8,222,4,162129
897,162194,582,10,607,22,594,16,162130
897,162195,383,9,418,32,400,20,162131
897,162196,67,20,81,41,74,30,162132
897,162197,440,56,459,87,449,71,162133
897,162198,438,275,460,302,449,288,162134
897,162199,217,240,234,256,225,248,162135
897,162200,165,0,178,4,171,2,162136
897,162201,232,250,252,263,242,256,162137
897,162202,187,231,214,246,200,238,162138
897,162203,201,274,222,294,211,284,162139
897,162204,367,28,387,57,377,42,162140
897,162205,515,25,532,35,523,30,162141
897,162206,551,0,581,4,566,2,162142
897,162207,315,1,340,18,327,9,162143
897,162208,346,5,364,17,355,11,162144
897,162209,0,303,6,325,3,314,
898,162210,444,0,531,73,487,36,162145
898,162211,539,247,571,274,555,260,162146
898,162212,596,234,621,262,608,248,162147
898,162213,468,184,490,229,479,206,162148
898,162214,596,127,623,165,609,146,162149
898,162215,268,0,344,52,306,26,162150
898,162216,381,121,402,156,391,138,162151
898,162217,529,70,558,95,543,82,162152
898,162218,417,113,441,145,429,129,162153
898,162219,60,164,82,185,71,174,162154
898,162220,543,207,579,231,561,219,162155
898,162221,99,165,116,200,107,182,162156
898,162222,208,316,231,347,219,331,162157
898,162223,300,52,321,84,310,68,162158
898,162224,246,52,267,81,256,66,162159
898,162225,609,0,638,21,623,10,162160
898,162226,272,283,297,308,284,295,162161
898,162227,271,74,291,105,281,89,162162
898,162228,503,30,524,60,513,45,162163
898,162229,573,68,610,97,591,82,162164
898,162230,262,178,281,210,271,194,162165
898,162231,612,49,638,75,625,62,162166
898,162232,293,230,314,254,303,242,162167
898,162233,119,90,137,114,128,102,162168
898,162234,233,84,256,107,244,95,162169
898,162235,36,120,54,142,45,131,162170
898,162236,72,129,88,155,80,142,162171
898,162237,57,100,74,122,65,111,162172
898,162238,229,50,250,74,239,62,162173
898,162239,202,12,220,36,211,24,162174
898,162240,230,5,260,26,245,15,162175
898,162241,37,159,55,177,46,168,162176
898,162242,40,88,56,114,48,101,162177
898,162243,486,253,514,277,500,265,162178
898,162244,291,24,319,41,305,32,162179
898,162245,125,0,188,23,156,11,162180
898,162246,52,20,67,52,59,36,162181
898,162247,181,68,201,94,191,81,162182
898,162248,196,56,212,81,204,68,162183
898,162249,314,128,337,153,325,140,162184
898,162250,306,98,334,121,320,109,162185
898,162251,513,0,542,14,527,7,162186
898,162252,542,155,573,182,557,168,162187
898,162253,348,62,377,85,362,73,162188
898,162254,28,244,43,261,35,252,162189
898,162255,50,230,69,252,59,241,162190
898,162256,31,276,48,300,39,288,162191
898,162257,422,20,444,48,433,34,162192
898,162258,217,0,228,8,222,4,162193
898,162259,582,10,607,22,594,16,162194
898,162260,383,9,418,32,400,20,162195
898,162261,67,20,81,41,74,30,162196
898,162262,440,56,459,87,449,71,162197
898,162263,438,275,460,301,449,288,162198
898,162264,217,240,234,256,225,248,162199
898,162265,165,0,178,4,171,2,162200
898,162266,232,250,252,263,242,256,162201
898,162267,187,231,214,246,200,238,162202
898,162268,201,274,222,294,211,284,162203
898,162269,367,28,387,57,377,42,162204
898,162270,515,25,532,35,523,30,162205
898,162271,551,0,581,4,566,2,162206
898,162272,315,1,340,18,327,9,162207
898,162273,346,5,364,17,355,11,162208
898,162274,0,303,6,325,3,314,162209
899,162275,444,0,532,73,488,36,162210
899,162276,539,247,571,274,555,260,162211
899,162277,596,234,621,262,608,248,162212
899,162278,468,184,490,229,479,206,162213
899,162279,596,127,623,165,609,146,162214
899,162280,268,0,344,52,306,26,162215
899,162281,381,121,402,156,391,138,162216
899,162282,529,70,558,95,543,82,162217
899,162283,417,113,441,145,429,129,162218
899,162284,60,164,82,185,71,174,162219
899,162285,543,207,579,231,561,219,162220
899,162286,99,165,116,200,107,182,162221
899,162287,208,316,231,347,219,331,162222
899,162288,300,52,321,84,310,68,162223
899,162289,246,52,267,81,256,66,162224
899,162290,609,0,638,21,623,10,162225
899,162291,272,283,297,308,284,295,162226
899,162292,271,74,291,105,281,89,162227
899,162293,503,30,524,60,513,45,162228
899,162294,573,68,610,97,591,82,162229
899,162295,262,178,281,210,271,194,162230
899,162296,612,49,638,75,625,62,162231
899,162297,293,230,314,254,303,242,162232
899,162298,119,90,137,114,128,102,162233
899,162299,233,84,256,107,244,95,162234
899,162300,36,120,54,142,45,131,162235
899,162301,72,129,88,155,80,142,162236
899,162302,57,100,74,122,65,111,162237
899,162303,229,50,250,74,239,62,162238
899,162304,202,12,220,36,211,24,162239
899,162305,230,5,260,26,245,15,162240
899,162306,37,159,55,177,46,168,162241
899,162307,40,88,56,114,48,101,162242
899,162308,486,253,514,277,500,265,162243
899,162309,291,24,318,41,304,32,162244
899,162310,125,0,188,23,156,11,162245
899,162311,52,20,67,52,59,36,162246
899,162312,181,68,201,94,191,81,162247
899,162313,196,56,212,81,204,68,162248
899,162314,314,128,337,153,325,140,162249
899,162315,306,98,334,121,320,109,162250
899,162316,513,0,542,14,527,7,162251
899,162317,542,155,573,182,557,168,162252
899,162318,348,62,377,85,362,73,162253
899,162319,28,244,43,261,35,252,162254
899,162320,50,230,69,252,59,241,162255
899,162321,31,276,48,300,39,288,162256
899,162322,422,19,444,48,433,33,162257
899,162323,217,0,228,8,222,4,162258
899,162324,582,10,607,22,594,16,162259
899,162325,383,9,418,32,400,20,162260
899,162326,67,20,81,41,74,30,162261
899,162327,440,56,459,87,449,71,162262
899,162328,439,274,460,300,449,287,162263
899,162329,217,240,234,256,225,248,162264
899,162330,165,0,178,4,171,2,162265
899,162331,232,250,252,263,242,256,162266
899,162332,187,231,214,246,200,238,162267
899,162333,201,274,222,294,211,284,162268
899,162334,367,28,387,57,377,42,162269
899,162335,515,25,532,35,523,30,162270
899,162336,551,0,581,4,566,2,162271
899,162337,315,2,340,19,327,10,162272
899,162338,346,5,364,17,355,11,162273
899,162339,0,303,7,320,3,311,162274
899,162340,341,263,360,283,350,273,
900,162341,444,0,532,73,488,36,162275
900,162342,539,247,571,274,555,260,162276
900,162343,596,234,621,262,608,248,162277
900,162344,468,184,490,229,479,206,162278
900,162345,596,127,623,165,609,146,162279
900,162346,268,0,344,52,306,26,162280
900,162347,381,121,402,156,391,138,162281
900,162348,529,70,558,95,543,82,162282
900,162349,417,113,441,145,429,129,162283
900,162350,60,164,82,185,71,174,162284
900,162351,543,207,579,231,561,219,162285
900,162352,99,165,116,200,107,182,162286
900,162353,208,316,231,347,219,331,162287
900,162354,300,52,321,84,310,68,162288
900,162355,246,52,267,81,256,66,162289
900,162356,609,0,638,21,623,10,162290
900,162357,272,283,297,308,284,295,162291
900,162358,271,74,291,105,281,89,162292
900,162359,503,30,524,60,513,45,162293
900,162360,573,68,610,97,591,82,162294
900,162361,262,178,281,210,271,194,162295
900,162362,612,49,638,75,625,62,162296
900,162363,293,230,314,254,303,242,162297
900,162364,119,90,137,114,128,102,162298
900,162365,233,84,256,107,244,95,162299
900,162366,36,120,54,142,45,131,162300
900,162367,72,129,88,155,80,142,162301
900,162368,57,100,74,122,65,111,162302
900,162369,229,50,250,74,239,62,162303
900,162370,202,12,220,36,211,24,162304
900,162371,230,5,260,26,245,15,162305
900,162372,37,159,55,177,46,168,162306
900,162373,40,88,56,114,48,101,162307
900,162374,486,253,514,277,500,265,162308
900,162375,291,23,318,41,304,32,162309
900,162376,125,0,188,23,156,11,162310
900,162377,52,20,67,52,59,36,162311
900,162378,181,68,201,94,191,81,162312
900,162379,196,56,212,80,204,68,162313
900,162380,314,128,337,153,325,140,162314
900,162381,306,98,334,121,320,109,162315
900,162382,513,0,542,14,527,7,162316
900,162383,542,155,573,181,557,168,162317
900,162384,348,62,377,85,362,73,162318
900,162385,28,244,43,261,35,252,162319
900,162386,50,230,69,252,59,241,162320
900,162387,31,276,48,300,39,288,162321
900,162388,423,18,444,48,433,33,162322
900,162389,217,0,228,8,222,4,162323
900,162390,582,10,607,23,594,16,162324
900,162391,383,9,418,32,400,20,162325
900,162392,67,20,81,41,74,30,162326
900,162393,440,56,459,87,449,71,162327
900,162394,439,273,460,300,449,286,162328
900,162395,216,240,234,256,225,248,162329
900,162396,165,0,178,4,171,2,162330
900,162397,231,250,252,263,241,256,162331
900,162398,187,231,214,246,200,238,162332
900,162399,201,274,222,294,211,284,162333
900,162400,367,28,387,57,377,42,162334
900,162401,515,24,532,35,523,29,162335
900,162402,315,3,340,21,327,12,162337
900,162403,345,5,364,17,354,11,162338
900,162404,0,303,7,318,3,310,162339
900,162405,341,263,360,283,350,273,162340
901,162406,445,0,532,73,488,36,162341
901,162407,539,247,571,274,555,260,162342
901,162408,596,234,621,262,608,248,162343
901,162409,468,184,490,229,479,206,162344
901,162410,596,127,623,165,609,146,162345
901,162411,268,0,344,52,306,26,162346
901,162412,381,121,402,156,391,138,162347
901,162413,529,70,557,95,543,82,162348
901,162414,417,113,441,145,429,129,162349
901,162415,60,164,82,185,71,174,162350
901,162416,543,207,579,231,561,219,162351
901,162417,99,165,116,200,107,182,162352
901,162418,208,316,231,347,219,331,162353
901,162419,300,52,321,84,310,68,162354
901,162420,246,52,267,81,256,66,162355
901,162421,609,0,638,21,623,10,162356
901,162422,272,283,297,308,284,295,162357
901,162423,271,74,291,105,281,89,162358
901,162424,503,30,524,60,513,45,162359
901,162425,573,68,610,97,591,82,162360
901,162426,262,177,281,210,271,193,162361
901,162427,612,49,638,75,625,62,162362
901,162428,293,229,314,254,303,241,162363
901,162429,119,90,137,114,128,102,162364
901,162430,233,84,256,107,244,95,162365
901,162431,36,120,54,141,45,130,162366
901,162432,72,129,88,155,80,142,162367
901,162433,57,100,74,122,65,111,162368
901,162434,229,50,250,74,239,62,162369
901,162435,202,12,220,36,211,24,162370
901,162436,230,5,260,26,245,15,162371
901,162437,37,159,56,177,46,168,162372
901,162438,40,88,56,114,48,101,162373
901,162439,486,253,514,277,500,265,162374
901,162440,291,23,318,41,304,32,162375
901,162441,125,0,188,23,156,11,162376
901,162442,52,20,66,52,59,36,162377
901,162443,181,68,201,94,191,81,162378
901,162444,196,56,212,80,204,68,162379
901,162445,314,128,337,153,325,140,162380
901,162446,306,98,334,121,320,109,162381
901,162447,513,0,542,14,527,7,162382
901,162448,542,155,573,182,557,168,162383
901,162449,348,62,378,85,363,73,162384
901,162450,29,244,43,261,36,252,162385
901,162451,49,230,69,252,59,241,162386
901,162452,31,276,48,300,39,288,162387
901,162453,424,17,445,47,434,32,162388
901,162454,217,0,228,8,222,4,162389
901,162455,582,10,607,22,594,16,162390
901,162456,383,9,418,32,400,20,162391
901,162457,67,20,81,41,74,30,162392
901,162458,440,56,460,87,450,71,162393
901,162459,440,272,460,299,450,285,162394
901,162460,216,240,234,255,225,247,162395
901,162461,164,0,178,4,171,2,162396
901,162462,231,250,252,263,241,256,162397
901,162463,188,231,214,246,201,238,162398
901,162464,201,274,222,294,211,284,162399
901,162465,366,27,387,56,376,41,162400
901,162466,515,24,532,35,523,29,162401
901,162467,315,3,339,24,327,13,162402
901,162468,345,5,364,17,354,11,162403
901,162469,0,301,8,317,4,309,162404
901,162470,341,263,360,284,350,273,162405
901,162471,550,0,581,4,565,2,
902,162472,445,0,532,73,488,36,162406
902,162473,539,247,571,274,555,260,162407
902,162474,596,234,621,262,608,248,162408
902,162475,468,184,490,229,479,206,162409
902,162476,596,127,623,165,609,146,162410
902,162477,268,0,344,52,306,26,162411
902,162478,381,121,402,156,391,138,162412
902,162479,529,70,557,95,543,82,162413
902,162480,417,113,441,145,429,129,162414
902,162481,60,164,82,185,71,174,162415
902,162482,543,207,579,231,561,219,162416
902,162483,99,165,116,200,107,182,162417
902,162484,208,316,231,347,219,331,162418
902,162485,300,52,321,84,310,68,162419
902,162486,246,52,267,81,256,66,162420
902,162487,609,0,638,21,623,10,162421
902,162488,272,283,297,307,284,295,162422
902,162489,271,75,291,105,281,90,162423
902,162490,503,30,523,60,513,45,162424
902,162491,573,68,610,97,591,82,162425
902,162492,262,177,281,210,271,193,162426
902,162493,612,49,638,75,625,62,162427
902,162494,293,229,314,254,303,241,162428
902,162495,119,90,137,114,128,102,162429
902,162496,233,84,256,107,244,95,162430
902,162497,36,120,54,141,45,130,162431
902,162498,72,129,88,155,80,142,162432
902,162499,57,100,74,122,65,111,162433
902,162500,229,50,250,74,239,62,162434
902,162501,202,12,220,36,211,24,162435
902,162502,230,5,260,26,245,15,162436
902,162503,37,159,56,177,46,168,162437
902,162504,40,88,56,114,48,101,162438
902,162505,486,253,514,277,500,265,162439
902,162506,291,23,318,41,304,32,162440
902,162507,125,0,188,23,156,11,162441
902,162508,52,20,66,52,59,36,162442
902,162509,181,68,201,94,191,81,162443
902,162510,196,56,212,80,204,68,162444
902,162511,314,128,337,153,325,140,162445
902,162512,306,98,334,121,320,109,162446
902,162513,513,0,542,14,527,7,162447
902,162514,542,155,573,182,557,168,162448
902,162515,348,62,378,85,363,73,162449
902,162516,29,244,43,261,36,252,162450
902,162517,49,230,69,252,59,241,162451
902,162518,31,276,48,300,39,288,162452
902,162519,424,17,445,46,434,31,162453
902,162520,217,0,228,8,222,4,162454
902,162521,582,10,607,22,594,16,162455
902,162522,383,9,417,32,400,20,162456
902,162523,67,20,81,41,74,30,162457
902,162524,440,56,460,87,450,71,162458
902,162525,441,271,461,298,451,284,162459
902,162526,216,240,233,255,224,247,162460
902,162527,164,0,178,4,171,2,162461
902,162528,231,250,252,263,241,256,162462
902,162529,189,231,214,247,201,239,162463
902,162530,201,274,222,294,211,284,162464
902,162531,366,26,387,56,376,41,162465
902,162532,515,24,532,35,523,29,162466
902,162533,316,4,339,25,327,14,162467
902,162534,345,4,364,17,354,10,162468
902,162535,0,300,9,317,4,308,162469
902,162536,341,263,360,284,350,273,162470
902,162537,550,0,581,4,565,2,162471
903,162538,445,0,532,73,488,36,162472
903,162539,539,247,571,274,555,260,162473
903,162540,596,234,621,262,608,248,162474
903,162541,468,184,490,229,479,206,162475
903,162542,596,127,623,165,609,146,162476
903,162543,267,0,344,52,305,26,162477
903,162544,381,121,402,156,391,138,162478
903,162545,529,70,557,95,543,82,162479
903,162546,417,113,441,145,429,129,162480
903,162547,60,164,82,185,71,174,162481
903,162548,543,207,579,231,561,219,162482
903,162549,99,165,116,200,107,182,162483
903,162550,208,316,231,347,219,331,162484
903,162551,300,52,321,84,310,68,162485
903,162552,246,52,267,81,256,66,162486
903,162553,609,0,638,21,623,10,162487
903,162554,272,283,297,307,284,295,162488
903,162555,271,75,291,105,281,90,162489
903,162556,503,30,523,60,513,45,162490
903,162557,573,68,610,97,591,82,162491
903,162558,262,177,281,210,271,193,162492
903,162559,611,49,638,75,624,62,162493
903,162560,293,229,314,254,303,241,162494
903,162561,119,90,137,114,128,102,162495
903,162562,233,84,256,107,244,95,162496
903,162563,36,120,54,141,45,130,162497
903,162564,72,129,88,155,80,142,162498
903,162565,57,100,74,122,65,111,162499
903,162566,229,50,250,74,239,62,162500
903,162567,202,12,220,36,211,24,162501
903,162568,230,5,260,26,245,15,162502
903,162569,37,159,56,177,46,168,162503
903,162570,40,88,56,114,48,101,162504
903,162571,485,253,514,277,499,265,162505
903,162572,291,24,318,41,304,32,162506
903,162573,125,0,188,23,156,11,162507
903,162574,52,20,66,52,59,36,162508
903,162575,182,68,201,94,191,81,162509
903,162576,196,56,212,80,204,68,162510
903,162577,314,128,337,153,325,140,162511
903,162578,306,98,334,121,320,109,162512
903,162579,513,0,542,14,527,7,162513
903,162580,542,155,573,182,557,168,162514
903,162581,348,62,378,85,363,73,162515
903,162582,29,244,43,261,36,252,162516
903,162583,49,230,69,252,59,241,162517
903,162584,31,276,48,300,39,288,162518
903,162585,425,17,445,46,435,31,162519
903,162586,217,0,228,8,222,4,162520
903,162587,582,10,607,22,594,16,162521
903,162588,390,10,417,31,403,20,162522
903,162589,67,20,81,41,74,30,162523
903,162590,440,56,460,87,450,71,162524
903,162591,442,269,462,297,452,283,162525
903,162592,216,240,233,255,224,247,162526
903,162593,164,0,178,4,171,2,162527
903,162594,230,250,252,263,241,256,162528
903,162595,188,231,214,247,201,239,162529
903,162596,201,274,222,294,211,284,162530
903,162597,365,26,387,56,376,41,162531
903,162598,515,24,532,35,523,29,162532
903,162599,316,4,339,27,327,15,162533
903,162600,345,5,364,17,354,11,162534
903,162601,0,299,11,315,5,307,162535
903,162602,341,263,360,284,350,273,162536
904,162603,446,0,532,73,489,36,162538
904,162604,539,247,571,274,555,260,162539
904,162605,596,234,621,263,608,248,162540
904,162606,468,184,490,229,479,206,162541
904,162607,596,127,623,165,609,146,162542
904,162608,267,0,344,52,305,26,162543
904,162609,381,121,402,156,391,138,162544
904,162610,529,70,557,95,543,82,162545
904,162611,417,113,441,145,429,129,162546
904,162612,60,164,82,185,71,174,162547
904,162613,543,207,579,231,561,219,162548
904,162614,99,165,116,200,107,182,162549
904,162615,208,316,231,347,219,331,162550
904,162616,300,52,321,84,310,68,162551
904,162617,246,52,267,81,256,66,162552
904,162618,609,0,638,21,623,10,162553
904,162619,272,283,297,307,284,295,162554
904,162620,271,75,291,105,281,90,162555
904,162621,503,30,523,60,513,45,162556
904,162622,573,68,610,97,591,82,162557
904,162623,261,177,281,210,271,193,162558
904,162624,611,49,638,75,624,62,162559
904,162625,293,229,314,254,303,241,162560
904,162626,119,90,137,114,128,102,162561
904,162627,233,84,256,107,244,95,162562
904,162628,36,120,54,141,45,130,162563
904,162629,72,129,88,155,80,142,162564
904,162630,57,100,74,122,65,111,162565
904,162631,229,50,250,74,239,62,162566
904,162632,202,12,220,36,211,24,162567
904,162633,230,5,260,26,245,15,162568
904,162634,37,159,56,177,46,168,162569
904,162635,40,88,56,114,48,101,162570
904,162636,485,253,514,277,499,265,162571
904,162637,291,24,318,41,304,32,162572
904,162638,125,0,188,23,156,11,162573
904,162639,52,20,66,52,59,36,162574
904,162640,182,68,201,94,191,81,162575
904,162641,196,56,212,80,204,68,162576
904,162642,314,128,337,153,325,140,162577
904,162643,306,98,334,121,320,109,162578
904,162644,513,0,542,14,527,7,162579
904,162645,542,155,573,182,557,168,162580
904,162646,348,62,378,85,363,73,162581
904,162647,29,244,43,261,36,252,162582
904,162648,49,230,69,252,59,241,162583
904,162649,31,276,48,300,39,288,162584
904,162650,426,17,445,45,435,31,162585
904,162651,217,0,228,8,222,4,162586
904,162652,582,10,607,23,594,16,162587
904,162653,393,10,417,31,405,20,162588
904,162654,67,20,81,41,74,30,162589
904,162655,440,56,460,87,450,71,162590
904,162656,442,268,462,297,452,282,162591
904,162657,216,240,233,255,224,247,162592
904,162658,164,0,178,4,171,2,162593
904,162659,230,250,252,263,241,256,162594
904,162660,188,231,214,247,201,239,162595
904,162661,201,274,222,294,211,284,162596
904,162662,365,26,386,55,375,40,162597
904,162663,515,24,532,35,523,29,162598
904,162664,316,4,339,27,327,15,162599
904,162665,345,5,364,18,354,11,162600
904,162666,0,299,11,314,5,306,162601
904,162667,341,263,360,284,350,273,162602
904,162668,384,8,401,29,392,18,
904,162669,384,9,410,29,397,19,162588
905,162670,446,0,532,73,489,36,162603
905,162671,539,247,571,274,555,260,162604
905,162672,596,234,621,263,608,248,162605
905,162673,468,184,490,229,479,206,162606
905,162674,596,127,623,165,609,146,162607
905,162675,267,0,344,52,305,26,162608
905,162676,381,121,402,156,391,138,162609
905,162677,529,70,557,95,543,82,162610
905,162678,417,113,441,145,429,129,162611
905,162679,60,164,82,185,71,174,162612
905,162680,543,207,579,231,561,219,162613
905,162681,99,165,116,200,107,182,162614
905,162682,208,316,231,347,219,331,162615
905,162683,300,52,321,84,310,68,162616
905,162684,246,52,267,81,256,66,162617
905,162685,609,0,638,21,623,10,162618
905,162686,272,283,297,307,284,295,162619
905,162687,271,75,291,105,281,90,162620
905,162688,502,30,523,60,512,45,162621
905,162689,573,68,610,97,591,82,162622
905,162690,261,177,281,210,271,193,162623
905,162691,611,49,638,75,624,62,162624
905,162692,293,229,314,254,303,241,162625
905,162693,119,90,137,114,128,102,162626
905,162694,233,84,256,107,244,95,162627
905,162695,36,120,54,142,45,131,162628
905,162696,72,129,88,155,80,142,162629
905,162697,57,100,74,122,65,111,162630
905,162698,229,50,250,74,239,62,162631
905,162699,202,12,220,36,211,24,162632
905,162700,230,5,260,26,245,15,162633
905,162701,37,159,56,177,46,168,162634
905,162702,40,88,56,114,48,101,162635
905,162703,485,253,514,277,499,265,162636
905,162704,291,24,318,41,304,32,162637
905,162705,125,0,188,23,156,11,162638
905,162706,52,20,66,52,59,36,162639
905,162707,182,68,201,94,191,81,162640
905,162708,196,56,212,80,204,68,162641
905,162709,314,128,337,153,325,140,162642
905,162710,306,98,334,121,320,109,162643
905,162711,513,0,542,14,527,7,162644
905,162712,542,155,573,182,557,168,162645
905,162713,348,62,378,85,363,73,162646
905,162714,29,244,43,261,36,252,162647
905,162715,49,230,69,252,59,241,162648
905,162716,31,276,48,300,39,288,162649
905,162717,426,17,445,45,435,31,162650
905,162718,217,0,228,8,222,4,162651
905,162719,582,10,607,23,594,16,162652
905,162720,395,10,417,30,406,20,162653
905,162721,67,19,81,41,74,30,162654
905,162722,441,56,460,87,450,71,162655
905,162723,443,266,462,296,452,281,162656
905,162724,216,240,233,255,224,247,162657
905,162725,164,0,178,4,171,2,162658
905,162726,230,250,252,263,241,256,162659
905,162727,187,231,214,247,200,239,162660
905,162728,201,274,222,294,211,284,162661
905,162729,365,26,386,53,375,39,162662
905,162730,515,24,532,35,523,29,162663
905,162731,316,4,338,28,327,16,162664
905,162732,345,5,364,18,354,11,162665
905,162733,0,298,12,313,6,305,162666
905,162734,341,263,360,284,350,273,162667
905,162735,384,8,401,29,392,18,162668
905,162736,384,9,409,29,396,19,162668
